39.70995	0.2899709939956665	0.21773874759674072	-0.4495573043823242
39.729939	0.3655407428741455	0.12858498096466064	-0.3933229446411133
39.749706	0.3348965644836426	0.0767817497253418	-0.22352027893066406
39.769753	0.3889087438583374	0.05916190147399902	-0.20796871185302734
39.789932	0.3519735336303711	0.0053452253341674805	0.01874542236328125
39.809773	0.19315695762634277	0.25050997734069824	-0.07715511322021484
39.82992	0.3243095874786377	0.21714282035827637	-0.2123880386352539
39.849784	0.4394216537475586	0.191747784614563	-0.3838481903076172
39.870019	0.4299718141555786	0.19614040851593018	-0.3638286590576172
39.889844	0.43713295459747314	0.13260281085968018	-0.13473892211914063
39.909779	0.46666157245635986	-0.044391512870788574	-0.1573038101196289
39.929826	0.45726966857910156	0.010544657707214355	-0.15543651580810547
39.949752	0.4353768825531006	0.18084943294525146	-0.25133800506591797
39.96973	0.3564079999923706	0.22819030284881592	-0.2721242904663086
39.989906	0.2820662260055542	0.28508806228637695	-0.08015727996826172
40.009893	0.2425518035888672	0.2712385654449463	-0.081085205078125
40.02999	0.25800883769989014	0.2449657917022705	-0.18203353881835938
40.049883	0.39624226093292236	0.08801138401031494	-0.1837940216064453
40.069823	0.5033544898033142	0.12445855140686035	-0.3187875747680664
40.090013	0.48355990648269653	0.15228486061096191	-0.3202791213989258
40.109839	0.43202197551727295	0.16803514957427979	-0.24513721466064453
40.129849	0.519851565361023	0.016080737113952637	-0.2464752197265625
40.149801	0.47380679845809937	0.0807957649230957	-0.25136756896972656
40.169813	0.31899070739746094	0.2775461673736572	-0.44385433197021484
40.18986	0.29539501667022705	0.3000659942626953	-0.31091880798339844
40.209877	0.3322080373764038	0.26684367656707764	-0.4075784683227539
40.229853	0.4203217625617981	0.20945286750793457	-0.44422054290771484
40.250066	0.4342663288116455	0.1612313985824585	-0.2930259704589844
40.269757	0.3102656602859497	0.12034642696380615	-0.20084190368652344
40.289801	0.22327911853790283	0.15989148616790771	-0.02743816375732422
40.310029	0.1494959592819214	0.24025249481201172	-0.06317806243896484
40.32986	0.18730056285858154	0.3304663896560669	-0.31145381927490234
40.34996	0.48615843057632446	0.30542588233947754	-0.5606451034545898
40.370138	0.6364185214042664	0.17303359508514404	-0.6187515258789063
40.389734	0.6683170199394226	-0.03139626979827881	-0.42636966705322266
40.409739	0.3317466974258423	0.03932321071624756	-0.17815113067626953
40.429768	0.18001878261566162	0.2651829719543457	-0.11992454528808594
40.449813	0.14856743812561035	0.4388617277145386	-0.09998798370361328
40.470638	0.2557011842727661	0.3882952928543091	-0.3483610153198242
40.489771	0.43223243951797485	0.14659225940704346	-0.44724273681640625
40.509986	0.4210619330406189	0.021168112754821777	-0.44999122619628906
40.529746	0.3156324625015259	0.11754417419433594	-0.3529996871948242
40.55385	0.17856347560882568	0.4070866107940674	-0.18391990661621094
40.571118	0.0793074369430542	0.23300206661224365	-0.2607917785644531
40.589796	-0.035205841064453125	0.1658620834350586	-0.08704185485839844
40.610032	-0.17206335067749023	0.3680076599121094	-0.009649276733398438
40.629736	-0.20394587516784668	0.7214524745941162	-0.20151138305664063
40.649896	-0.22699594497680664	0.7492189407348633	0.12508869171142578
40.67026	-0.2774261236190796	0.691307544708252	-0.1802196502685547
40.690413	-0.21600759029388428	0.7824065685272217	-0.2581949234008789
40.710058	-0.1581096649169922	0.6695773601531982	-0.2992687225341797
40.729899	-0.1120072603225708	0.6282029151916504	-0.41522979736328125
40.749962	0.0030775070190429688	0.6402422189712524	-0.3567237854003906
40.769828	-0.023932337760925293	0.5925703048706055	-0.3591461181640625
40.789755	-0.019437789916992188	0.7072339057922363	-0.5549402236938477
40.81012	0.06242406368255615	0.8471109867095947	-0.5598516464233398
40.829825	0.040003299713134766	0.916183352470398	-0.6982784271240234
40.849807	-0.05906999111175537	0.7975760698318481	-0.6215353012084961
40.869847	-0.14641189575195313	0.7714614868164063	-0.5862197875976563
40.889777	-0.19028830528259277	0.735517144203186	-0.5541906356811523
40.909745	-0.13127505779266357	0.9742848873138428	-0.7276020050048828
40.929762	-0.11569452285766602	0.9948215484619141	-0.7499284744262695
40.949817	-0.2049468755722046	0.7742429971694946	-0.29544734954833984
40.969783	-0.21746516227722168	0.5865676403045654	-0.12746715545654297
40.989873	-0.19907188415527344	0.678370475769043	-0.3231821060180664
41.009827	-0.23095500469207764	0.9171010255813599	-0.30442047119140625
41.030226	-0.2944343090057373	1.018852949142456	-0.4782276153564453
41.049768	-0.24372243881225586	1.1548854112625122	-0.6303005218505859
41.069771	-0.17618727684020996	0.9828835725784302	-0.5525846481323242
41.090257	-0.20979034900665283	0.8163156509399414	-0.41869068145751953
41.109793	-0.22560155391693115	0.7826037406921387	-0.1888418197631836
41.129845	-0.24807119369506836	0.8744083642959595	-0.24618148803710938
41.149823	-0.3278719186782837	0.8927514553070068	0.021711349487304688
41.169813	-0.2869689464569092	0.7552134990692139	-0.018012046813964844
41.190031	-0.22407269477844238	0.7974057197570801	-0.24497222900390625
41.209779	-0.061246514320373535	1.1804643869400024	-0.30097389221191406
41.229856	-0.0030874013900756836	1.4114320278167725	-0.10646247863769531
41.249741	-0.02463698387145996	1.2407004833221436	0.3341798782348633
41.269782	-0.11928796768188477	0.8168306350708008	0.8947696685791016
41.289764	-0.5721181631088257	-0.3273501396179199	1.3012161254882813
41.310109	-0.5210264921188354	-0.3823971152305603	1.2466058731079102
41.329763	-0.3101158142089844	-0.12010157108306885	0.49750709533691406
41.349812	0.06781542301177979	0.05227088928222656	-0.05560874938964844
41.369814	0.22210544347763062	-0.269913911819458	-1.0247364044189453
41.389777	0.3180859088897705	-0.06382894515991211	-0.7649354934692383
41.409781	0.18780314922332764	-0.034897804260253906	-0.14783477783203125
41.430868	0.36994487047195435	-0.4303015470504761	-0.010711669921875
41.449805	0.4420042037963867	-0.41498374938964844	-0.2706165313720703
41.470079	0.5550773739814758	-0.36601996421813965	-0.6304502487182617
41.489968	1.01899254322052	-0.06174147129058838	-1.0663766860961914
41.50982	1.2612431049346924	0.0784064531326294	-0.9716577529907227
41.529758	1.232042908668518	-0.004648566246032715	-0.8162670135498047
41.549764	0.9902300834655762	-0.2007356882095337	-0.29511547088623047
41.569808	0.3968871235847473	-0.6003720760345459	0.46028900146484375
41.589785	0.4565681219100952	-0.5868760347366333	0.06585216522216797
41.609909	0.46839261054992676	-0.5580123662948608	-0.239898681640625
41.630087	0.5143765807151794	-0.4362637996673584	-0.4915304183959961
41.649829	0.7115453481674194	-0.45737385749816895	-0.8601007461547852
41.669805	0.7722210884094238	-0.7293386459350586	-0.8702363967895508
41.689748	0.7456024885177612	-0.6003354787826538	-0.9500961303710938
41.709929	0.5701697468757629	0.01397252082824707	-0.6442337036132813
41.729804	0.36556220054626465	0.22368276119232178	-0.623265266418457
41.749887	0.2531052827835083	0.20726370811462402	-0.5276660919189453
41.769945	0.33606594800949097	0.01878941059112549	-0.29983997344970703
41.78975	0.3743419647216797	0.014327764511108398	-0.6301193237304688
41.809805	0.4488784074783325	0.13118529319763184	-0.6711578369140625
41.829881	0.4071696400642395	0.3540135622024536	-0.7874231338500977
41.849826	0.32402825355529785	0.7136844396591187	-0.7288341522216797
41.870496	0.2966742515563965	0.5928212404251099	-0.53717041015625
41.889994	0.23170441389083862	0.4465869665145874	-0.401824951171875
41.909779	0.17248451709747314	0.44202256202697754	-0.07231998443603516
41.929802	0.07424050569534302	0.465742826461792	0.2747220993041992
41.949853	0.28978586196899414	0.33698248863220215	0.5054969787597656
41.970358	0.6451176404953003	0.6244363784790039	0.6592512130737305
41.989733	0.6266372203826904	0.9640041589736938	0.8081550598144531
42.009963	-0.17072904109954834	0.011234402656555176	1.8375473022460938
42.029838	-0.7294162511825562	-0.7529017925262451	2.0833234786987305
42.049828	-1.0179463624954224	-1.027381181716919	1.7320184707641602
42.069905	-0.6300187110900879	-0.5511461496353149	0.25299549102783203
42.08972	-0.22123217582702637	-0.49126505851745605	-0.23147296905517578
42.109827	0.06812959909439087	-0.5925874710083008	-0.44356727600097656
42.129854	0.10187280178070068	-0.6313047409057617	-0.4013242721557617
42.14989	0.039952993392944336	-0.7103734016418457	-0.35475826263427734
42.169809	-0.031152725219726563	-0.4227510690689087	-0.26747608184814453
42.18978	-0.20303714275360107	-0.15688979625701904	-0.6082849502563477
42.210129	-0.4569600820541382	-0.9024038314819336	-0.0570220947265625
42.229846	-0.4360249638557434	-1.1523010730743408	-0.09664249420166016
42.250067	-0.28762638568878174	-0.8914743661880493	-0.5933246612548828
42.269998	0.0037551522254943848	-0.5235260725021362	-1.0720300674438477
42.290432	0.18659120798110962	-0.3131999969482422	-1.5514612197875977
42.309858	0.0861322283744812	-0.13398230075836182	-1.6850004196166992
42.329845	-0.045066118240356445	-0.10795128345489502	-1.377406120300293
42.349784	-0.25319576263427734	-0.1256638765335083	-1.0892181396484375
42.369791	-0.11807870864868164	0.0323183536529541	-1.0863943099975586
42.390654	-0.006999075412750244	-0.06127595901489258	-1.047459602355957
42.410027	0.03759205341339111	-0.12626636028289795	-0.8372020721435547
42.42995	0.03758305311203003	0.13011062145233154	-0.7008762359619141
42.450077	0.03106236457824707	0.16126227378845215	-0.8951711654663086
42.470441	-0.013455510139465332	0.31493079662323	-0.6872663497924805
42.490796	0.029657185077667236	0.395652174949646	-0.5102739334106445
42.510804	-0.266369104385376	0.24367177486419678	0.25789451599121094
42.530086	-0.5456380844116211	0.04858827590942383	0.6511716842651367
42.549975	-0.5493056178092957	-0.1434258222579956	0.761260986328125
42.570317	-0.1425842046737671	0.08415257930755615	0.6397581100463867
42.59072	0.2126581072807312	0.5945961475372314	0.38195133209228516
42.610069	0.2943503260612488	0.9020810127258301	0.40953731536865234
42.630154	0.24983566999435425	0.5675547122955322	1.0063676834106445
42.650184	-0.3021562695503235	-1.5977132320404053	1.9232616424560547
42.670502	-0.214432954788208	-2.1707375049591064	1.7262115478515625
42.689786	0.17170000076293945	-1.8495796918869019	0.7123012542724609
42.710561	0.4345719814300537	-1.1393312215805054	-0.39353179931640625
42.730049	0.49663302302360535	0.10900688171386719	-0.7070741653442383
42.750111	0.5075082182884216	0.24418020248413086	-0.6763124465942383
42.769895	0.6073043346405029	0.17010211944580078	-0.26995277404785156
42.789759	0.2540137767791748	-0.6500775814056396	0.3347139358520508
42.809786	0.21129345893859863	-1.283437728881836	0.6304311752319336
42.829818	0.30692511796951294	-1.4702651500701904	0.5004110336303711
42.850143	0.45800843834877014	-1.2483160495758057	-0.27597618103027344
42.8698	0.5635055303573608	-0.4785269498825073	-1.4477901458740234
42.889849	0.4342525899410248	-0.21654248237609863	-1.7677478790283203
42.909824	0.23062312602996826	-0.01969170570373535	-1.8942737579345703
42.929821	0.13685345649719238	0.19973206520080566	-1.7728900909423828
42.949798	0.23894816637039185	0.2796652317047119	-1.5814628601074219
42.970167	0.20388001203536987	0.11887979507446289	-1.175461769104004
42.990007	0.20252448320388794	0.04517650604248047	-0.7912588119506836
43.010494	0.34293872117996216	0.17952656745910645	-0.9014873504638672
43.030064	0.4330134987831116	0.3296496868133545	-0.7612161636352539
43.049885	0.3102468252182007	0.20244073867797852	-0.45285987854003906
43.06981	0.25198376178741455	0.0054836273193359375	-0.16019916534423828
43.089755	0.26891016960144043	-0.06685042381286621	0.2302865982055664
43.109909	0.2069339156150818	-0.054334402084350586	0.2740154266357422
43.129908	0.2114308476448059	0.05943775177001953	0.4643564224243164
43.149973	0.5578477382659912	0.09179067611694336	0.5240583419799805
43.170101	0.7188513278961182	0.6229627132415771	0.5906267166137695
43.189995	0.5032615065574646	0.8421552181243896	0.6355810165405273
43.209838	0.11474990844726563	0.5544838905334473	1.0948505401611328
43.230062	-0.598427414894104	-0.6120332479476929	1.4287614822387695
43.249807	-0.6027147769927979	-1.1859679222106934	1.2252731323242188
43.269803	-0.24773842096328735	-1.2114100456237793	0.7383460998535156
43.289748	0.14088720083236694	-0.8291939496994019	0.030393600463867188
43.309732	0.028414428234100342	-0.5892738103866577	0.15006542205810547
43.329985	-0.27209335565567017	-0.8218799829483032	0.29411983489990234
43.349737	-0.40422987937927246	-0.790762186050415	0.1663646697998047
43.369788	-0.7138491272926331	-0.49741315841674805	-0.14440536499023438
43.38982	-0.8161493539810181	-0.648223876953125	-0.3057270050048828
43.409889	-0.6886870265007019	-0.9382867813110352	-0.3952512741088867
43.430078	-0.3304961919784546	-1.0483345985412598	-0.6327915191650391
43.450156	0.22564083337783813	-0.6775318384170532	-1.580495834350586
43.469785	0.1707879900932312	-0.2983088493347168	-1.6827573776245117
43.489746	0.1192474365234375	-0.041367292404174805	-1.8347406387329102
43.509835	0.061912596225738525	0.07567906379699707	-1.8693628311157227
43.52986	-0.12930136919021606	0.06432032585144043	-1.5262556076049805
43.550372	-0.1507778763771057	0.12069559097290039	-1.223881721496582
43.569754	-0.11915069818496704	0.12232303619384766	-1.0907278060913086
43.58983	0.08176153898239136	0.23295974731445313	-1.0947265625
43.609833	0.10767942667007446	0.23698878288269043	-0.9857320785522461
43.629797	-0.03893512487411499	0.14632201194763184	-0.4706878662109375
43.649935	-0.24294066429138184	0.10294818878173828	-0.10672378540039063
43.670154	-0.2820699214935303	0.3170008659362793	0.14400196075439453
43.690314	-0.21368610858917236	0.28218817710876465	0.5121049880981445
43.709759	-0.24566376209259033	0.17603230476379395	0.9268960952758789
43.729786	-0.38024306297302246	0.013571739196777344	1.0070886611938477
43.749973	-0.4045937657356262	0.16959762573242188	1.2284936904907227
43.769947	-0.5148242115974426	0.5174911022186279	1.316920280456543
43.789774	-0.3957960605621338	0.6761019229888916	1.369399070739746
43.809957	-0.21322590112686157	-0.0798954963684082	1.008561134338379
43.830112	-0.08416366577148438	-0.9393579959869385	1.1920232772827148
43.850092	0.28929954767227173	-1.339709997177124	0.6116771697998047
43.869736	0.6377614736557007	-1.0999239683151245	-0.3645439147949219
43.889879	0.6731357574462891	0.050927162170410156	-0.8115959167480469
43.909762	0.5304447412490845	0.06134343147277832	-0.7565212249755859
43.9298	0.4195508360862732	-0.12535333633422852	-0.34388065338134766
43.949879	0.027811944484710693	-0.1932542324066162	-0.13235092163085938
43.96973	-0.01724410057067871	-0.6801759004592896	0.31409454345703125
43.989882	0.030411601066589355	-1.1345654726028442	0.4748497009277344
44.009739	0.24029964208602905	-1.1811258792877197	-0.07273101806640625
44.029819	0.5188823938369751	-0.4625052213668823	-1.3271703720092773
44.049742	0.47608649730682373	-0.09006381034851074	-1.7528791427612305
44.06976	0.38221055269241333	0.064422607421875	-1.9847493171691895
44.089734	0.24388647079467773	0.25362682342529297	-1.893096923828125
44.109798	0.04431229829788208	0.46216797828674316	-1.4359931945800781
44.130024	0.05536484718322754	0.4040675163269043	-1.2341995239257813
44.149803	0.14170879125595093	0.36080265045166016	-1.0446891784667969
44.170099	0.3389665484428406	0.05140566825866699	-0.7965517044067383
44.189784	0.2276325821876526	0.06445372104644775	-0.6839780807495117
44.210516	0.14466869831085205	0.19553375244140625	-0.4138641357421875
44.229736	0.018011748790740967	0.28352832794189453	-0.10299110412597656
44.249735	-0.11651957035064697	0.24857354164123535	0.42371177673339844
44.26979	-0.09132939577102661	0.1945352554321289	0.4108600616455078
44.289793	0.0451849102973938	0.06332206726074219	0.45971012115478516
44.310436	0.16345423460006714	0.08591842651367188	0.7898855209350586
44.32985	0.21461933851242065	0.42340922355651855	0.7817173004150391
44.350754	0.004004180431365967	0.8325159549713135	0.7109041213989258
44.370678	-0.2273240089416504	0.4969007968902588	1.0643386840820313
44.39004	-0.6050513386726379	-0.6644095182418823	1.2865676879882813
44.410099	-0.6079568862915039	-1.0396983623504639	0.9671545028686523
44.42999	-0.3724650740623474	-1.0279450416564941	0.5680294036865234
44.449781	-0.14605462551116943	-0.5980547666549683	0.3152599334716797
44.469765	-0.45943593978881836	-0.3670448064804077	0.38077735900878906
44.489738	-0.6144899129867554	-0.5394887924194336	0.3912019729614258
44.509777	-0.7849104404449463	-0.6927293539047241	0.25728797912597656
44.531045	-0.9733805060386658	-0.7915904521942139	0.15192699432373047
44.549804	-0.6102074980735779	-1.0261741876602173	-0.0930948257446289
44.569759	-0.16055631637573242	-1.0386933088302612	-0.6033601760864258
44.589765	0.2529439628124237	-0.8556766510009766	-1.1439199447631836
44.609772	0.4757193624973297	-0.35434138774871826	-1.9466123580932617
44.629749	0.18756288290023804	-0.1084146499633789	-1.9608263969421387
44.649788	-0.08860677480697632	0.012621402740478516	-1.8434715270996094
44.66977	-0.3844117522239685	-0.05364727973937988	-1.4632949829101563
44.689968	-0.3979676365852356	0.04234766960144043	-1.1812143325805664
44.709728	-0.24374651908874512	0.09606003761291504	-1.2760801315307617
44.729792	-0.07601433992385864	0.06278777122497559	-1.3392314910888672
44.749818	0.009673655033111572	-0.2044752836227417	-0.7163972854614258
44.769788	-0.13384020328521729	-0.10326266288757324	-0.5893440246582031
44.789759	-0.2568322420120239	0.27695178985595703	-0.5700407028198242
44.809706	-0.34143775701522827	0.6479747295379639	-0.5284881591796875
44.830936	-0.46993815898895264	0.5537052154541016	-0.1825704574584961
44.84977	-0.4862588047981262	0.3353543281555176	0.20118045806884766
44.869712	-0.4924796223640442	0.08450937271118164	0.32146358489990234
44.889959	-0.520229697227478	-0.15325284004211426	0.5004758834838867
44.909731	-0.4795244336128235	0.27288031578063965	0.3166170120239258
44.929896	-0.3425833582878113	0.8270089626312256	0.21092510223388672
44.949783	-0.17944395542144775	0.9942121505737305	0.29260921478271484
44.970083	-0.24873363971710205	0.0020630359649658203	0.4633769989013672
44.989994	-0.27037692070007324	-0.8089233636856079	0.9008312225341797
45.009736	-0.04197132587432861	-1.2910161018371582	0.9928474426269531
45.029726	0.5033051371574402	-0.730238676071167	0.3261995315551758
45.049743	0.4476401209831238	-0.2592885494232178	0.27514076232910156
45.069716	0.2269306182861328	-0.05303668975830078	0.22379684448242188
45.089783	0.12375658750534058	-0.2174534797668457	0.37711048126220703
45.109761	-0.35356831550598145	-0.8743656873703003	0.8204374313354492
45.129726	-0.43115413188934326	-1.067591905593872	0.5545930862426758
45.153445	-0.25448548793792725	-0.9484776258468628	0.15845108032226563
45.170556	-0.04800063371658325	-0.6009715795516968	-0.505681037902832
45.189835	-0.11330419778823853	-0.27069902420043945	-0.9363422393798828
45.20975	-0.23325073719024658	-0.14824450016021729	-1.0722551345825195
45.22974	-0.2544357180595398	-0.02494657039642334	-1.4532833099365234
45.249965	-0.14665943384170532	0.4704267978668213	-1.6435213088989258
45.270401	-0.0636640191078186	0.5297479629516602	-1.603907585144043
45.289736	0.02346491813659668	0.45563220977783203	-1.3585538864135742
45.309759	0.1085442304611206	0.15351474285125732	-0.8389644622802734
45.329764	-0.08425861597061157	-0.1203463077545166	-0.41365909576416016
45.349874	-0.18187600374221802	0.13383126258850098	-0.4094991683959961
45.370042	-0.21215271949768066	0.2520878314971924	-0.442413330078125
45.390011	-0.1470908522605896	0.2614482641220093	-0.3057136535644531
45.409777	-0.04651373624801636	-0.019119858741760254	0.17607688903808594
45.43009	0.01587778329849243	-0.10264325141906738	0.22422504425048828
45.450068	0.08220624923706055	-0.057248592376708984	0.1725482940673828
45.46999	0.13841819763183594	0.2017531394958496	0.1019430160522461
45.489724	0.23344182968139648	0.5147590637207031	0.20461273193359375
45.509965	0.23952019214630127	0.7609536647796631	0.17875003814697266
45.529752	0.05943131446838379	0.8810760974884033	0.1474132537841797
45.549733	-0.15082669258117676	0.7663776874542236	0.4730081558227539
45.569736	-0.4463689923286438	0.41411685943603516	0.5434370040893555
45.589723	-0.7950111031532288	-0.36341285705566406	0.9881811141967773
45.609728	-0.6036362648010254	-1.2685153484344482	0.8768548965454102
45.629808	-0.3563007116317749	-0.7664482593536377	0.2956686019897461
45.649732	-0.25203269720077515	-0.2603241205215454	-0.12015247344970703
45.67	-0.4395659565925598	-0.21226322650909424	-0.26692867279052734
45.689833	-0.8868035078048706	-0.480371356010437	-0.018462181091308594
45.709736	-0.9364252686500549	-0.38760054111480713	-0.18014144897460938
45.729795	-0.8727768063545227	-0.4908106327056885	-0.32171154022216797
45.750091	-0.6402931213378906	-0.6661814451217651	-0.5164194107055664
45.76986	0.11759138107299805	-0.5248653888702393	-1.2094697952270508
45.789848	0.24349883198738098	-0.27278828620910645	-1.638662338256836
45.810767	0.1678798496723175	-0.0774604082107544	-1.7594470977783203
45.829754	-0.02528005838394165	0.08385181427001953	-1.8952550888061523
45.849939	-0.13841378688812256	0.19331228733062744	-1.6297283172607422
45.86979	-0.16807472705841064	0.24898576736450195	-1.4602231979370117
45.889784	-0.2039201855659485	0.2416987419128418	-1.2937517166137695
45.909768	-0.2505871653556824	0.039095163345336914	-0.7966012954711914
45.930256	-0.24957537651062012	0.09576416015625	-0.7604398727416992
45.949885	-0.19454503059387207	0.1312093734741211	-0.7290163040161133
45.970554	-0.2689538598060608	0.044722557067871094	-0.27446460723876953
45.990585	-0.43330299854278564	0.20203447341918945	-0.17888736724853516
46.010518	-0.6168146133422852	0.42998039722442627	0.07816505432128906
46.030536	-0.7009753584861755	0.4736034870147705	0.2539997100830078
46.05029	-0.44574248790740967	0.4012871980667114	0.46797657012939453
46.070603	-0.348934531211853	0.4525868892669678	0.7005023956298828
46.089948	-0.11570173501968384	0.5246098041534424	0.7628135681152344
46.110145	0.015865862369537354	0.9061093330383301	0.6326074600219727
46.130883	-0.011785328388214111	0.7901439666748047	0.8841085433959961
46.150251	-0.20407366752624512	0.26704537868499756	1.0340394973754883
46.170598	-0.4145485758781433	-0.4983905553817749	1.3954124450683594
46.189924	-0.20286881923675537	-1.3315659761428833	0.47957897186279297
46.20979	0.05015909671783447	-0.9628889560699463	-0.31804370880126953
46.229828	0.404987096786499	-0.3627643585205078	-0.8798418045043945
46.249927	0.6736149787902832	0.11815416812896729	-1.2307138442993164
46.270044	0.6268795728683472	0.3216743469238281	-0.47519779205322266
46.289737	0.4284169673919678	-0.026508569717407227	-0.5132837295532227
46.309997	0.2066594958305359	-0.04822981357574463	-0.15509986877441406
46.329758	-0.07039165496826172	-0.3180265426635742	0.5484752655029297
46.34982	0.18152141571044922	-1.073687195777893	0.2773885726928711
46.369802	0.4340050220489502	-0.6732230186462402	-0.31795692443847656
46.389996	0.6008358597755432	-0.16800272464752197	-0.9351978302001953
46.409951	0.5348820686340332	0.18566429615020752	-1.225172996520996
46.429765	0.41432857513427734	0.2194969654083252	-1.4584064483642578
46.449906	0.2828160524368286	0.36383020877838135	-1.7856082916259766
46.470175	0.23987597227096558	0.5379838943481445	-1.8033714294433594
46.490064	0.08428478240966797	0.690176248550415	-1.32232666015625
46.509749	-0.011280179023742676	0.6004031896591187	-0.7429304122924805
46.529839	0.06795799732208252	0.5299698114395142	-0.7018861770629883
46.549831	0.3675529360771179	0.4101834297180176	-0.7724599838256836
46.569812	0.365597128868103	0.45613133907318115	-0.5920591354370117
46.589786	0.27660077810287476	0.46152031421661377	-0.24002933502197266
46.609804	0.11925089359283447	0.23746979236602783	0.3443470001220703
46.629751	0.2452327013015747	-0.047000885009765625	0.6825685501098633
46.649997	0.3205304741859436	0.1596825122833252	0.5914783477783203
46.669815	0.3992711901664734	0.5980651378631592	0.7511444091796875
46.689734	0.44590067863464355	1.069234848022461	0.7023181915283203
46.709766	-0.02372753620147705	0.7214841842651367	1.0489006042480469
46.729785	-0.35815882682800293	0.004275083541870117	1.333465576171875
46.749904	-0.6069552898406982	-0.7892663478851318	1.5129365921020508
46.769771	-0.26235854625701904	-0.900547981262207	0.48657989501953125
46.791366	0.014864802360534668	-0.1570894718170166	-0.06944751739501953
46.809807	0.039318084716796875	0.05716300010681152	0.1491260528564453
46.829783	-0.2732512950897217	-0.21008121967315674	0.4476499557495117
46.849821	-0.6833361387252808	-0.39316511154174805	0.4514169692993164
46.86975	-0.8056286573410034	-0.5679662227630615	0.44031810760498047
46.889831	-0.7943069934844971	-0.90384840965271	0.4270343780517578
46.909812	-0.23001956939697266	-1.141035795211792	-0.23643875122070313
46.92981	0.08771276473999023	-0.8781392574310303	-0.9536733627319336
46.949913	0.3593291640281677	-0.480737566947937	-1.726552963256836
46.969802	0.46722766757011414	-0.08691930770874023	-2.1507115364074707
46.990021	0.32899904251098633	-0.0026748180389404297	-2.326887607574463
47.009877	0.15147578716278076	0.052263498306274414	-2.175405979156494
47.029873	0.04154682159423828	0.17729580402374268	-2.1365342140197754
47.049837	-0.060694098472595215	0.228743314743042	-1.8525066375732422
47.069801	0.09407126903533936	-0.03931164741516113	-1.2680702209472656
47.09014	0.18112409114837646	0.03854870796203613	-1.1633777618408203
47.110139	0.1525564193725586	0.21038150787353516	-0.8075647354125977
47.129893	-0.16835778951644897	0.2646747827529907	-0.4151878356933594
47.149781	-0.25559931993484497	0.30057036876678467	-0.24517822265625
47.169928	-0.3204999566078186	0.4623783826828003	-0.054213523864746094
47.189815	-0.3708595037460327	0.7338248491287231	-0.01937389373779297
47.210134	-0.45075899362564087	0.5062671899795532	0.6519813537597656
47.229831	-0.42444467544555664	0.2606658935546875	0.9010047912597656
47.249803	-0.27320265769958496	0.29708588123321533	1.0284156799316406
47.270042	-0.08966833353042603	0.7576144933700562	0.9109916687011719
47.289796	0.0666690468788147	0.8042973279953003	0.6974153518676758
47.309936	0.09098851680755615	0.5115033388137817	0.6922492980957031
47.330165	-0.050164103507995605	-0.4264293909072876	1.0667352676391602
47.349882	0.2320343255996704	-1.7388970851898193	1.0190553665161133
47.369742	0.5207720398902893	-1.1139777898788452	0.17455768585205078
47.389747	0.7101554870605469	-0.23362696170806885	-0.4502391815185547
47.409781	0.7577739357948303	0.1798262596130371	-0.6335582733154297
47.429723	0.5854695439338684	-0.1628636121749878	-0.3050518035888672
47.449967	0.23886460065841675	-0.15398669242858887	-0.17096519470214844
47.470066	0.009700775146484375	-0.2189176082611084	0.111541748046875
47.489814	0.03034156560897827	-0.6570050716400146	-0.04451560974121094
47.509897	0.20029157400131226	-0.6170675158500671	-0.42925357818603516
47.530023	0.29020845890045166	-0.5192383527755737	-0.892827033996582
47.550052	0.3453857898712158	-0.35598599910736084	-1.0316047668457031
47.569998	0.17483055591583252	0.23398220539093018	-1.6466646194458008
47.58983	0.0889054536819458	0.5528134107589722	-1.994185447692871
47.609776	0.09593617916107178	0.7097433805465698	-2.0132083892822266
47.629747	0.12126535177230835	0.7116613388061523	-1.7428474426269531
47.64975	-0.06433326005935669	0.5709824562072754	-0.9377117156982422
47.669817	-0.08928883075714111	0.31221795082092285	-0.40218544006347656
47.689911	0.09441184997558594	0.34089183807373047	-0.30174827575683594
47.710163	0.3200033903121948	0.4670768976211548	-0.0882720947265625
47.730146	0.2204759120941162	0.347728967666626	0.14676380157470703
47.75003	0.13462185859680176	0.2817727327346802	0.4260711669921875
47.769973	0.14746135473251343	0.18471062183380127	0.5335788726806641
47.789744	0.2817686200141907	0.44487154483795166	0.25511932373046875
47.809806	0.38609349727630615	0.20360565185546875	0.6956233978271484
47.830006	0.42946839332580566	0.10638928413391113	0.9462165832519531
47.849752	0.22799962759017944	0.6452910900115967	0.8367366790771484
47.869874	-0.07331609725952148	0.2939455509185791	0.915064811706543
47.88974	-0.3044464588165283	-0.20015645027160645	0.834136962890625
47.909861	-0.3874362111091614	-0.5790418386459351	0.7282867431640625
47.930124	-0.2574819326400757	-0.610625147819519	0.14693260192871094
47.949926	-0.2121143341064453	-0.3374446630477905	-0.11809253692626953
47.970065	-0.32020288705825806	-0.19313204288482666	-0.10721588134765625
47.989944	-0.538203775882721	-0.045809268951416016	-0.17619895935058594
48.009755	-0.8761692047119141	-0.02537083625793457	-0.2695293426513672
48.029762	-0.8130160570144653	-0.16581273078918457	-0.12285137176513672
48.04997	-0.5898433923721313	-0.6349329948425293	-0.017007827758789063
48.069834	0.12940245866775513	-0.7346628904342651	-0.5237340927124023
48.090751	0.35568082332611084	-0.391933798789978	-1.162881851196289
48.109971	0.4342379570007324	-0.09096980094909668	-1.6858024597167969
48.129805	0.3246941566467285	0.15800857543945313	-1.6314029693603516
48.149848	0.157667875289917	0.23921644687652588	-1.8809471130371094
48.169982	0.08084625005722046	0.20597541332244873	-1.7110862731933594
48.19099	-0.024209558963775635	0.13216495513916016	-1.5255556106567383
48.209876	0.07254177331924438	0.15466773509979248	-1.281686782836914
48.229904	0.05975770950317383	0.24854803085327148	-1.1130876541137695
48.249913	-0.007747232913970947	0.2138528823852539	-0.8301639556884766
48.270062	-0.15824264287948608	0.14747083187103271	-0.43080615997314453
48.290005	-0.27729833126068115	0.057802557945251465	-0.20660781860351563
48.309743	-0.41886281967163086	0.20501673221588135	0.042754173278808594
48.330056	-0.4765879511833191	0.43232858180999756	0.27892017364501953
48.349804	-0.4913696050643921	0.4070885181427002	0.36295223236083984
48.370049	-0.4368537664413452	0.2919055223464966	0.5428838729858398
48.389831	-0.2506152391433716	0.43770289421081543	0.5260305404663086
48.409892	0.0511433482170105	0.7221236228942871	0.5069971084594727
48.429821	0.27621370553970337	1.0143682956695557	0.5043630599975586
48.44986	0.017179250717163086	0.41328227519989014	0.8844585418701172
48.470074	-0.16639667749404907	-0.7636524438858032	1.3575563430786133
48.489767	-0.037637948989868164	-1.5661216974258423	1.1432619094848633
48.510311	0.4764029085636139	-0.7252958416938782	-0.48016834259033203
48.529957	0.7986574769020081	0.0034896135330200195	-0.950282096862793
48.549732	0.8358920216560364	0.3257337808609009	-0.9019861221313477
48.569986	0.1031268835067749	-0.16209673881530762	0.2723979949951172
48.589801	-0.18634575605392456	-0.6399468183517456	0.7527256011962891
48.610138	-0.35061752796173096	-0.8949501514434814	0.7727041244506836
48.629849	-0.19265055656433105	-0.7769352793693542	0.37115001678466797
48.649803	0.2960091233253479	0.014612317085266113	-0.9715871810913086
48.669992	0.4136647582054138	0.1006920337677002	-1.150273323059082
48.69005	0.3633335828781128	0.04075419902801514	-1.1560182571411133
48.709879	0.3067823052406311	-0.024662375450134277	-1.2170066833496094
48.72987	0.17988789081573486	0.5998673439025879	-1.333064079284668
48.750029	0.1816815733909607	0.7224222421646118	-1.4460058212280273
48.769765	0.14313668012619019	0.7236465215682983	-1.4443588256835938
48.78982	0.16892188787460327	0.18389809131622314	-0.7325620651245117
48.809854	0.20511209964752197	0.01391613483428955	-0.6132469177246094
48.830042	0.21453309059143066	0.09448015689849854	-0.625880241394043
48.850523	0.26851749420166016	0.26045870780944824	-0.7944164276123047
48.869757	0.23928117752075195	0.3202533721923828	-0.3085927963256836
48.890123	0.17532211542129517	0.12028884887695313	0.05937480926513672
48.910039	0.13475728034973145	0.06616151332855225	0.1973562240600586
48.930325	0.38153958320617676	0.1930021047592163	0.5255107879638672
48.95058	0.512463390827179	0.6013984680175781	0.3567514419555664
48.969775	0.49575114250183105	0.9574297666549683	0.29912376403808594
48.989742	0.15614187717437744	0.737302303314209	0.6931543350219727
49.009896	-0.5369610786437988	-0.5793026685714722	1.2027626037597656
49.029829	-0.730804979801178	-0.873939037322998	1.1525850296020508
49.049813	-0.6052923202514648	-0.8236955404281616	0.6901006698608398
49.069753	-0.2654147744178772	-0.27967965602874756	0.005129814147949219
49.090184	-0.18638604879379272	0.2951223850250244	-0.0807037353515625
49.109749	-0.4168558716773987	0.07713925838470459	0.10148906707763672
49.130009	-0.6411721110343933	-0.018199801445007324	0.27971553802490234
49.149774	-0.8173094987869263	-0.3179713487625122	0.5257062911987305
49.169774	-0.7614594101905823	-0.7342273592948914	0.6309146881103516
49.190105	-0.5608713626861572	-1.0725209712982178	0.4429454803466797
49.209733	-0.21261918544769287	-1.020199179649353	-0.08776378631591797
49.229752	0.2882974147796631	-0.268357515335083	-1.3574895858764648
49.249763	0.30898410081863403	-0.015536665916442871	-1.7411870956420898
49.26979	0.1909133791923523	0.15276813507080078	-1.8924570083618164
49.289976	0.035194337368011475	0.2777639627456665	-1.7410602569580078
49.309847	-0.08663666248321533	0.4784862995147705	-1.8150815963745117
49.330077	-0.08806067705154419	0.4048095941543579	-1.7167739868164063
49.349798	-0.036013007164001465	0.21384751796722412	-1.4460229873657227
49.370018	-0.07790219783782959	0.1717679500579834	-1.0769872665405273
49.389854	-0.13945156335830688	0.23621058464050293	-0.9268760681152344
49.410044	-0.147347092628479	0.3313713073730469	-0.7965164184570313
49.429991	-0.12663161754608154	0.2999523878097534	-0.45275211334228516
49.44974	-0.4930480718612671	0.3942568302154541	0.39478397369384766
49.470059	-0.5666719079017639	0.29558897018432617	0.6126441955566406
49.489751	-0.5124753713607788	0.2012794017791748	0.7144794464111328
49.509805	0.1823456883430481	0.8543413877487183	0.5056629180908203
49.529842	0.27525752782821655	1.1005696058273315	0.6350774765014648
49.549744	0.19844257831573486	0.6612824201583862	1.260329246520996
49.569869	0.05320972204208374	-0.12008357048034668	1.5443849563598633
49.589756	-0.1562206745147705	-1.5241436958312988	1.57586669921875
49.609977	-0.020489096641540527	-1.3559825420379639	0.5584573745727539
49.629878	0.20260334014892578	-0.6116812229156494	-0.5861911773681641
49.649745	0.4025595188140869	0.11812937259674072	-0.9434108734130859
49.670063	0.5318230986595154	0.11304855346679688	-0.4560060501098633
49.689762	0.44451454281806946	0.01876378059387207	0.049106597900390625
49.709855	0.3037026524543762	0.002179741859436035	0.17154788970947266
49.729922	-0.11223137378692627	-0.9791832566261292	1.0891838073730469
49.749728	0.09334111213684082	-1.1813359260559082	0.49204158782958984
49.769897	0.38962578773498535	-0.859982967376709	-0.5490036010742188
49.789754	0.6510370969772339	-0.31221508979797363	-1.3195619583129883
49.809817	0.6324896812438965	0.20422053337097168	-2.0266847610473633
49.82976	0.46612900495529175	0.16756987571716309	-1.9866456985473633
49.850204	0.2850257158279419	0.13786101341247559	-1.7923469543457031
49.870022	0.12853026390075684	0.28909313678741455	-1.348139762878418
49.889771	0.08891326189041138	0.3319441080093384	-1.1154136657714844
49.909865	0.027368903160095215	0.2548874616622925	-1.037191390991211
49.929751	0.10292685031890869	0.20460879802703857	-0.9619083404541016
49.949759	0.1475932002067566	0.37545573711395264	-0.903533935546875
49.969991	0.2325553297996521	0.33739447593688965	-0.9251041412353516
49.989773	0.32473886013031006	0.2824312448501587	-0.6162042617797852
50.010187	0.36796605587005615	0.27973783016204834	-0.4970378875732422
50.029959	0.20390409231185913	0.295041561126709	-0.013339996337890625
50.049751	0.25112026929855347	0.308896541595459	0.12059211730957031
50.07005	0.393307626247406	0.4478147029876709	0.06114387512207031
50.089782	0.7141749858856201	0.6684669256210327	0.44731616973876953
50.109898	0.6593372821807861	0.9476890563964844	0.41070556640625
50.12999	0.24297994375228882	0.9079716205596924	0.8348932266235352
50.150067	-0.2563648223876953	0.44895923137664795	1.1589441299438477
50.170073	-0.7228343486785889	-0.7946211695671082	1.4534587860107422
50.189981	-0.49120914936065674	-0.928809404373169	1.214451789855957
50.20984	-0.05675613880157471	-0.708173930644989	0.7525100708007813
50.229862	0.11375123262405396	-0.4818093776702881	0.5100479125976563
50.249747	-0.20555460453033447	-0.2733379602432251	0.17060089111328125
50.269763	-0.37958216667175293	-0.2247861623764038	-0.07707405090332031
50.289992	-0.6461421251296997	-0.14445054531097412	-0.17650318145751953
50.309761	-0.764223575592041	-0.5522053241729736	-0.29817962646484375
50.329826	-0.6802387237548828	-0.8559738993644714	-0.18593502044677734
50.350164	-0.45677030086517334	-0.8171777129173279	-0.2501668930053711
50.370258	-0.20089983940124512	-0.6076655387878418	-0.6402359008789063
50.389755	0.017562031745910645	-0.12946033477783203	-1.0081472396850586
50.409779	-0.017899513244628906	0.12591171264648438	-1.3938961029052734
50.430071	0.0010405778884887695	0.18769657611846924	-1.4328632354736328
50.449758	0.0863916277885437	0.25244808197021484	-1.3017215728759766
50.469809	0.08359026908874512	0.1538482904434204	-1.242100715637207
50.490008	0.1335187554359436	-0.13235533237457275	-1.011155128479004
50.50984	0.10071361064910889	-0.25590550899505615	-0.9688739776611328
50.529863	0.06676363945007324	0.17065131664276123	-0.7776031494140625
50.550045	-0.02721107006072998	0.335817813873291	-0.4364938735961914
50.570359	-0.1654750108718872	0.21711397171020508	-0.4008464813232422
50.590046	-0.43296873569488525	0.024016976356506348	0.19595718383789063
50.610089	-0.5342288017272949	-0.06856167316436768	0.7042369842529297
50.629815	-0.2544034719467163	0.23271894454956055	0.20117759704589844
50.649838	0.0034432411193847656	0.7927844524383545	0.09377098083496094
50.670807	0.07366526126861572	1.2885860204696655	0.1370677947998047
50.689745	-0.12826955318450928	0.5458515882492065	0.9247961044311523
50.710004	-0.26119017601013184	-0.4134413003921509	1.419020652770996
50.729759	-0.19847571849822998	-1.0253359079360962	1.431600570678711
50.749993	0.08875501155853271	-1.0312131643295288	0.47112464904785156
50.770455	0.19862234592437744	-0.8381882309913635	-0.40547657012939453
50.789889	0.25362616777420044	-0.6917283535003662	-0.8206977844238281
50.809813	0.5310022234916687	-0.14600539207458496	-1.5228157043457031
50.829799	0.713970422744751	0.1664278507232666	-1.3884153366088867
50.849841	0.7327314615249634	0.30003488063812256	-0.6190786361694336
50.869883	0.7661842107772827	0.2166064977645874	-0.5594472885131836
50.890081	0.31400227546691895	-1.061460018157959	0.7610282897949219
50.910051	0.3080012798309326	-1.5135968923568726	0.8704547882080078
50.929732	0.3756067752838135	-1.2333953380584717	0.39934730529785156
50.94988	0.4565771222114563	-0.4762893319129944	-0.2748069763183594
50.969828	0.5024372339248657	0.3637118339538574	-1.0257081985473633
50.989747	0.4456920027732849	0.20245909690856934	-1.1446151733398438
51.00998	0.4245139956474304	0.0951385498046875	-1.145965576171875
51.029903	0.4661954641342163	0.08296501636505127	-1.2258567810058594
51.049815	0.4750326871871948	-0.03249716758728027	-0.8825540542602539
51.069912	0.4136269688606262	-0.13051366806030273	-0.7704668045043945
51.089787	0.3768712282180786	-0.0366741418838501	-0.8300685882568359
51.110028	0.1485370397567749	0.2612203359603882	-0.7329473495483398
51.129758	0.15731394290924072	0.36786651611328125	-0.6705865859985352
51.149794	0.24984276294708252	0.3659358024597168	-0.5312623977661133
51.169891	0.43588656187057495	0.38810718059539795	-0.39278411865234375
51.189766	0.38852882385253906	0.3065069913864136	-0.10059833526611328
51.209917	0.3185308575630188	0.10543525218963623	0.3259716033935547
51.22974	0.26634132862091064	-0.14785420894622803	0.5630931854248047
51.250036	0.6868600249290466	0.2758735418319702	0.5118331909179688
51.269815	0.7047207355499268	0.8606652021408081	0.28398609161376953
51.290015	0.44782257080078125	0.878750205039978	0.627924919128418
51.309724	0.07273173332214355	0.16542744636535645	1.390268325805664
51.32975	-0.6121059656143188	-1.338147521018982	1.5018243789672852
51.349845	-0.5741337537765503	-1.1995267868041992	1.0605096817016602
51.37004	-0.35078275203704834	-0.5429466962814331	0.2255725860595703
51.389958	-0.10794878005981445	-0.19133281707763672	-0.13277626037597656
51.409751	-0.22558951377868652	-0.6770368814468384	0.17790889739990234
51.430081	-0.3797881603240967	-1.1182118654251099	0.27939605712890625
51.449863	-0.5986064672470093	-1.117195725440979	0.4372377395629883
51.469804	-0.7392351627349854	-0.8354635834693909	0.24827289581298828
51.489738	-0.693221926689148	-1.1422266960144043	0.39327144622802734
51.509798	-0.4483391046524048	-1.4720938205718994	0.3438558578491211
51.529792	0.1637926697731018	-1.0142261981964111	-0.7576351165771484
51.549875	0.2370092272758484	-0.6272810697555542	-0.9544448852539063
51.569746	0.26933813095092773	-0.4176664352416992	-1.1081352233886719
51.589885	0.27672433853149414	-0.23786628246307373	-1.2797651290893555
51.609904	0.28353261947631836	-0.22717642784118652	-1.1838417053222656
51.629966	0.3088691234588623	-0.4397963285446167	-1.1095409393310547
51.649769	0.3579685091972351	-0.4199206829071045	-1.0543146133422852
51.669935	0.2920166254043579	-0.3443182706832886	-0.8455305099487305
51.689765	0.04543709754943848	-0.3216557502746582	-0.4574737548828125
51.709747	-0.038771986961364746	-0.2653982639312744	-0.4230155944824219
51.730026	-0.14483642578125	-0.1670132875442505	-0.40859508514404297
51.750104	-0.2753995656967163	-0.021265506744384766	-0.04620933532714844
51.769866	-0.29989171028137207	0.06904900074005127	0.027597427368164063
51.789899	-0.2840977907180786	0.20348060131072998	-0.049437522888183594
51.809885	-0.1690901517868042	0.3680318593978882	-0.14392471313476563
51.829767	0.028380751609802246	0.5694273710250854	-0.3907642364501953
51.84978	-0.02829718589782715	0.3759891986846924	-0.1935710906982422
51.870063	-0.1066519021987915	0.06764626502990723	0.13860702514648438
51.889742	-0.1859649419784546	-0.010598063468933105	0.08441162109375
51.909759	-0.14861524105072021	0.5237865447998047	-0.41002845764160156
51.929742	-0.09699034690856934	0.6797747611999512	-0.5363445281982422
51.949736	-0.0703127384185791	0.5857383012771606	-0.1109914779663086
51.969855	0.04162955284118652	0.10746240615844727	0.08358478546142578
51.989805	0.025639891624450684	0.14525079727172852	0.1833200454711914
52.009894	0.02351248264312744	0.21022629737854004	0.3001585006713867
52.029978	0.010077357292175293	0.226676344871521	0.1863851547241211
52.049846	-0.07811117172241211	-0.11643457412719727	-0.0010156631469726563
52.069953	-0.12318623065948486	-0.3981029987335205	0.10094928741455078
52.090092	-0.07400262355804443	-0.5268584489822388	0.1623249053955078
52.109899	0.11119771003723145	-0.2662874460220337	0.07323455810546875
52.129822	0.30553150177001953	-0.20397210121154785	-1.0307846069335938
52.149803	0.31867241859436035	-0.024318933486938477	-1.0258960723876953
52.170071	0.2398597002029419	-0.37302911281585693	0.31535911560058594
52.189751	0.6585451364517212	-1.205101490020752	-0.45560455322265625
52.210712	0.6939356327056885	-0.9769073128700256	-0.10850334167480469
52.229931	0.702642560005188	-0.8187891244888306	-0.4363718032836914
52.249745	0.865866482257843	-0.7669733762741089	-0.7199115753173828
52.270077	0.8299291133880615	-0.4095597267150879	-0.7757863998413086
52.289756	0.7564238905906677	-0.3181983232498169	-0.5829877853393555
52.309881	0.6854369640350342	-0.38077354431152344	-0.3767518997192383
52.330106	0.8483335375785828	-0.23135030269622803	-0.48415279388427734
52.34975	0.7077413201332092	-0.032560110092163086	-0.3212099075317383
52.369932	0.4472370147705078	-0.03804278373718262	-0.01759624481201172
52.389783	0.1837524175643921	-0.17213141918182373	0.225006103515625
52.409855	0.05432629585266113	-0.5414178371429443	0.42372608184814453
52.429841	0.1575469970703125	-0.5344563722610474	0.3731098175048828
52.449911	0.2625558376312256	-0.2177335023880005	-0.018280982971191406
52.469968	0.3903317451477051	0.4768139123916626	-0.5583868026733398
52.489752	0.46989840269088745	0.5591975450515747	-0.7696638107299805
52.509901	0.4988816976547241	0.4813053607940674	-0.6564512252807617
52.530106	0.3858681917190552	0.2678018808364868	-0.17996883392333984
52.549963	0.3093497157096863	-0.0832446813583374	-0.02874469757080078
52.569757	0.34697604179382324	-0.05811476707458496	0.10208606719970703
52.589816	0.44240885972976685	0.01785874366760254	0.045485496520996094
52.60984	0.497572124004364	0.04353737831115723	-0.12425804138183594
52.629827	0.3522956371307373	0.19493699073791504	-0.021065711975097656
52.649839	0.2110992670059204	0.08204436302185059	-0.05733013153076172
52.670066	0.18323755264282227	-0.023526430130004883	-0.026800155639648438
52.690675	0.2956204414367676	-0.008390069007873535	-0.06990337371826172
52.710049	0.2577310800552368	-0.04417061805725098	0.001251220703125
52.730125	0.21968543529510498	-0.07194662094116211	-0.021529197692871094
52.750005	0.18677788972854614	-0.07225143909454346	-0.2737874984741211
52.770042	0.2526003122329712	0.18149995803833008	-0.7371397018432617
52.790177	0.2138480544090271	0.22893953323364258	-0.5872049331665039
52.810356	0.161598801612854	0.22668468952178955	-0.3583030700683594
52.829793	0.1967141032218933	0.3958315849304199	-0.7428998947143555
52.850131	0.15438228845596313	0.402384877204895	-0.7442903518676758
52.870076	0.1046370267868042	0.37177813053131104	-0.5885658264160156
52.889747	0.07510226964950562	0.3391227722167969	-0.5298929214477539
52.909825	-0.009149909019470215	0.20303380489349365	-0.4136171340942383
52.929758	-0.0470278263092041	0.14912986755371094	-0.2226085662841797
52.94986	-0.10374432802200317	0.1422436237335205	-0.1478719711303711
52.970124	-0.13728868961334229	0.19349956512451172	-0.18950653076171875
52.989973	-0.05295765399932861	0.28144752979278564	-0.4650545120239258
53.009743	-0.03938502073287964	0.4178863763809204	-0.4879589080810547
53.029744	-0.018017172813415527	0.46678078174591064	-0.31697940826416016
53.049813	-0.01110929250717163	0.38468074798583984	-0.37302494049072266
53.069949	-0.04458773136138916	0.38852226734161377	-0.2774171829223633
53.089967	-0.046845853328704834	0.4440131187438965	-0.28017520904541016
53.110171	-0.0556296706199646	0.3613698482513428	-0.29918670654296875
53.129936	0.038569092750549316	0.3766975402832031	-0.33705806732177734
53.150049	0.08724570274353027	0.33341896533966064	-0.3973712921142578
53.169961	0.0734940767288208	0.2696949243545532	-0.26473522186279297
53.18997	-0.03592050075531006	0.2902979850769043	-0.1850423812866211
53.209842	-0.046399831771850586	0.22167623043060303	-0.2592487335205078
53.229788	-0.0608786940574646	0.1721428632736206	-0.19969844818115234
53.249817	-0.028249800205230713	0.23972249031066895	-0.2783241271972656
53.270124	0.10495072603225708	0.2171550989151001	-0.28074073791503906
53.289763	0.07145017385482788	0.19928216934204102	-0.3351249694824219
53.310015	0.008376657962799072	0.2616783380508423	-0.42923831939697266
53.329844	-2.821683883666992E-4	0.2776700258255005	-0.38661766052246094
53.350039	-0.02209782600402832	0.3230839967727661	-0.4837064743041992
53.370042	-0.03872346878051758	0.38221514225006104	-0.3496665954589844
53.390022	-0.047889649868011475	0.3421391248703003	-0.2764863967895508
53.409809	-0.12210065126419067	0.2644209861755371	-0.23780536651611328
53.429748	-0.10376930236816406	0.2652091979980469	-0.19677734375
53.449818	-0.08856648206710815	0.2469242811203003	-0.2547111511230469
53.470047	-0.0732908844947815	0.22555577754974365	-0.1751384735107422
53.48972	-0.129389226436615	0.41326141357421875	-0.002044677734375
53.509742	-0.12596434354782104	0.3642674684524536	-0.1341562271118164
53.529767	-0.05158764123916626	0.35394561290740967	-0.16799163818359375
53.550426	0.00460660457611084	0.3004939556121826	-0.585383415222168
53.569764	0.1594916582107544	0.6453396081924438	-0.6012916564941406
53.589745	-0.08102977275848389	0.49258244037628174	-0.6214570999145508
53.609742	0.05510663986206055	0.06278347969055176	-0.4858226776123047
53.629758	-0.20963162183761597	0.15657532215118408	0.3575592041015625
53.649929	-0.13554304838180542	0.07152831554412842	-0.10095691680908203
53.66996	-0.06931501626968384	0.20212650299072266	-0.2879514694213867
