145.660079	8.009876196920872E-4
145.680042	0.0026099642498254774
145.700016	0.0034333111269950864
145.72005	9.597033855497838E-4
145.740216	-0.004369246545886994
145.760035	-0.006853211613428592
145.779989	2.3047997017800782E-4
145.799986	0.014383101207351683
145.819985	0.019869867903146148
145.840054	0.0020149100074976674
145.86032	-0.030687786383894085
145.879986	-0.04255915850302279
145.899985	-0.0023541261654168345
145.920028	0.07087748196311294
145.940224	0.0988446330084294
145.960265	-0.0029333047658965106
145.980128	-0.24769058798338472
146.000398	-0.548970899864319
146.019976	-0.7767645517582059
146.040037	-0.8556246470339656
146.060046	-0.8157767702243716
146.079978	-0.7488097915359617
146.100095	-0.7154062757284105
146.120297	-0.6973498855457751
146.139957	-0.6361204056656687
146.160001	-0.5091328098978996
146.179981	-0.3626301368231534
146.200216	-0.2674179268152058
146.219987	-0.24727166148180071
146.240012	-0.255953154449895
146.260307	-0.22346119344476467
146.280227	-0.12189865908573269
146.300248	0.01218023912713527
146.319964	0.11269674105619187
146.340056	0.1470296298301935
146.360234	0.1555649622251496
146.380088	0.23303515082823342
146.402772	0.4510604393883109
146.420054	0.7673097766358928
146.440048	1.0023932963746685
146.460086	0.9380957351603806
146.480067	0.4974374096889168
146.500171	-0.1402521797281741
146.52004	-0.6300663054595024
146.539994	-0.7299460817104371
146.56029	-0.5272332698002488
146.579996	-0.39446923067416256
146.600195	-0.6695266173345537
146.620029	-1.3279338736627193
146.640253	-1.954493382114091
146.660024	-2.0618672207174273
146.679981	-1.4849219427797287
146.70026	-0.5122736061398299
146.72063	0.3412662409057379
146.740885	0.7090534496568799
146.759973	0.5944570763485163
146.780058	0.31207326868118057
146.799997	0.25144903644679195
146.820206	0.6413513311174184
146.840017	1.4194835991087107
146.859975	2.2417202127629516
146.879954	2.6365665505187743
146.899953	2.271387984722456
146.920009	1.1930396780687478
146.940014	-0.14877254942920526
146.959974	-1.1705371361857355
146.979978	-1.549155197957942
147.000004	-1.4243655701891123
147.020066	-1.2331055969403373
147.039988	-1.3315425167161525
147.060318	-1.74192852231275
147.079997	-2.2211618339075154
147.100068	-2.5361886507257814
147.120007	-2.655487254155002
147.139967	-2.6952148991927043
147.160291	-2.727634141721236
147.179993	-2.6773947903792257
147.199988	-2.403640096618316
147.220005	-1.8586167862882605
147.239976	-1.156736078430861
147.260287	-0.4968586843111396
147.279997	-0.02773924854975345
147.300254	0.22413392852723604
147.319965	0.3297572647459745
147.339974	0.38025261814316513
147.360049	0.42400517237997204
147.379992	0.44879089175738396
147.400055	0.4052084068801075
147.420111	0.2564498875193016
147.440168	0.025762281178956487
147.460032	-0.19794190715313784
147.479991	-0.30982535518137067
147.500178	-0.25930656015344106
147.520002	-0.07756415029917359
147.539985	0.16687927118293638
147.560099	0.4378222131870866
147.579999	0.7504512942377835
147.600006	1.113375806229386
147.620034	1.4533746073933245
147.63999	1.6130146456919552
147.660041	1.4446614082129774
147.679997	0.9350646133623123
147.70001	0.2539957048953592
147.720242	-0.3269058563250051
147.740171	-0.5923477935836018
147.760024	-0.5110860190027893
147.779993	-0.23991676118833716
147.800247	-8.004143836080953E-4
147.820043	0.07296421986927983
147.839984	0.001185820882108803
147.860086	-0.11540371591813567
147.879983	-0.22613155010794994
147.900028	-0.38606290060823867
147.920073	-0.669849249711454
147.940036	-1.0381319453257085
147.959971	-1.3211336686143165
147.980104	-1.3714151632737102
147.999979	-1.2474890372352776
148.020052	-1.2190315792070514
148.039989	-1.540093382417238
148.060305	-2.1857597270319027
148.079995	-2.815629493481543
148.099965	-3.0251944413783725
148.119966	-2.6734500784900614
148.140186	-1.990224319707743
148.159998	-1.368769580434834
148.180074	-1.0401933278132902
148.199974	-0.9138966522853538
148.22001	-0.7000246433213414
148.239964	-0.1781001359651387
148.259982	0.6265310899844885
148.280334	1.4819831573120144
148.299961	2.1384539088278354
148.320363	2.495483069377759
148.340432	2.6265072299201044
148.360725	2.6593412378656796
148.379959	2.626763300429663
148.399974	2.4192407588504423
148.420296	1.8941154177022457
148.440541	1.0565315729781988
148.460689	0.15042797858897458
148.480049	-0.445016571029736
148.500071	-0.4513579610818385
148.52013	0.12926737202357658
148.540022	1.031239949398166
148.560331	1.9109658634249387
148.580029	2.530140631661987
148.600254	2.799364967112577
148.620054	2.6974684664216992
148.640085	2.201414357549424
148.659961	1.322780540212184
148.680073	0.19805092313389772
148.700274	-0.8914156218707084
148.720336	-1.636953507122588
148.739985	-1.8758594546705125
148.760106	-1.6713629464289719
148.779995	-1.2363832311883087
148.799999	-0.78192693508406
148.819985	-0.43379426317720715
148.839995	-0.2677325826279313
148.860045	-0.379260708102873
148.880173	-0.8506809195828677
148.899993	-1.6146791956821742
148.920287	-2.3697206239919786
148.940306	-2.71235466947354
148.960146	-2.4489088011821396
148.98074	-1.820615055499864
148.999978	-1.380493194817364
149.020169	-1.5615906007471356
149.040056	-2.2937066508456083
149.06015	-3.021321373887188
149.079986	-3.1357607991910514
149.099993	-2.456392325034224
149.12005	-1.3506121436677192
149.140092	-0.4122865570316494
149.160047	0.00539133914992208
149.180229	0.010780198940031207
149.200637	0.008238445934683095
149.220407	0.3408043051630915
149.240018	1.0442129682491654
149.26005	1.8699730538402854
149.27999	2.5041118809480127
149.299997	2.780145648552087
149.319996	2.743535073781207
149.33997	2.5612919355054764
149.36028	2.368931106833065
149.380005	2.181490059826016
149.400233	1.9239147253817677
149.419962	1.5443295725376844
149.44006	1.106337788860953
149.459984	0.7775866350232781
149.480035	0.7241771201472997
149.500145	0.9994143511946617
149.520053	1.500568919793743
149.540154	2.0071137325775417
149.560007	2.265746320604804
149.579994	2.08639891397326
149.600358	1.4354263418383362
149.620062	0.4962055586687566
149.6401	-0.36411474530700444
149.660135	-0.7494959332172749
149.679981	-0.44578483820860376
149.699959	0.4497433406548976
149.719974	1.587792855979824
149.740457	2.578240129533744
149.760036	3.194382756356895
149.780002	3.426580956753267
149.800216	3.377826560584318
149.820079	3.120920920387021
149.84036	2.647699686057758
149.860777	1.9319737548745577
149.880906	1.0241515731338324
149.900079	0.0809987226393163
149.919969	-0.7015967803177235
149.940013	-1.1976276211434485
149.960806	-1.426654265818006
149.98003	-1.5442811703768227
149.999987	-1.7406326996004315
150.019975	-2.108495820882698
150.040033	-2.563897765785852
150.060044	-2.880686615295523
150.079992	-2.836374183202729
150.100041	-2.369892947970143
150.120078	-1.6363886586004135
150.139953	-0.9125701346186341
150.160277	-0.4129065154513359
150.179985	-0.14698057136373516
150.200441	0.0689073475369334
150.219981	0.44300149926027055
150.239986	1.0012937650472493
150.259993	1.5026955847569257
150.28	1.5700055926247956
150.299998	0.9702312457547486
150.320014	-0.1631910882683516
150.340236	-1.3594529804836155
150.360365	-2.097758704581267
150.379988	-2.1486305449757808
150.400041	-1.7007024152235743
150.419984	-1.1762617244120064
150.44022	-0.8950642267689648
150.460056	-0.8582275799170493
150.479992	-0.8015649619751096
150.499966	-0.4342279124190121
150.520076	0.3526938654253229
150.539997	1.4434153141072599
150.56031	2.593887260100096
150.580015	3.5537133085911035
150.600761	4.139959705970014
150.620021	4.268267294703155
150.640023	3.9672193036581636
150.660056	3.3666960761557876
150.679982	2.6429389856926235
150.700006	1.9447595106043039
150.720063	1.3593436344653786
150.740017	0.9361528444289267
150.760056	0.7184959018939735
150.779992	0.7274765023964672
150.800996	0.9029284088089793
150.820258	1.0794546910354823
150.839988	1.0550192330855008
150.860287	0.714918267264062
150.880273	0.10944143261818887
150.900042	-0.5754641207637311
150.919967	-1.121224782142413
150.939966	-1.378200459253395
150.959977	-1.3121040352383138
150.98004	-1.0070414348385812
151.000037	-0.6484490868380546
151.020003	-0.4697017720982312
151.039962	-0.6427796974196074
151.06003	-1.1533099352748692
151.08044	-1.7589848010492086
151.100019	-2.1019888564179072
151.120038	-1.9286348231818022
151.140259	-1.2557808513350075
151.159965	-0.3463378638714105
151.180041	0.49152542730528115
151.200004	1.1136727304478256
151.220272	1.592083700662075
151.239952	2.0961667265151283
151.259977	2.727841409210569
151.280236	3.4534244080797616
151.299972	4.152357295183387
151.320021	4.70028466661063
151.339973	5.012348813434822
151.360247	5.051147704015677
151.379979	4.833158592030353
151.399971	4.428643858255261
151.419973	3.924514610971707
151.439963	3.354272510461951
151.460294	2.6595179348185893
151.480211	1.7388426606984857
151.500063	0.5669552339049935
151.51994	-0.7125115445649653
151.539945	-1.8076752543684305
151.560697	-2.419164405515784
151.580518	-2.412554666620863
151.600847	-1.909282157238758
151.621002	-1.24033619092803
151.640029	-0.7884724590355277
151.660131	-0.8087326936701177
151.679961	-1.3230673820268393
151.699965	-2.135145339982355
151.720066	-2.9480121441657783
151.740289	-3.513641209512592
151.760057	-3.728037774329734
151.780011	-3.633958045046186
151.799996	-3.354123746733476
151.819937	-3.012860012435441
151.839952	-2.695809977006287
151.859959	-2.4553201572300356
151.880262	-2.3380888539948814
151.900067	-2.3947762427111035
151.919983	-2.6505077893608098
151.940126	-3.04341642467097
151.960034	-3.3901985684663303
151.979992	-3.457040804816133
152.000004	-3.13570738325756
152.020032	-2.5933899161131477
152.040256	-2.2219126057027037
152.059961	-2.3544788102787977
152.08007	-2.957165886341667
152.100063	-3.583005775039839
152.120028	-3.6802758742238755
152.139949	-3.0221319751975417
152.160282	-1.8838978579879047
152.180006	-0.806389480512798
152.200117	-0.1510414753654718
152.219949	0.165164114806664
152.240104	0.5401669315141472
152.259979	1.310329649953544
152.280286	2.4653620716475135
152.30021	3.68283706326437
152.320165	4.6074427615462
152.339937	5.104169590294144
152.360204	5.278684601736604
152.379955	5.292987271982931
152.400014	5.182683239605367
152.42098	4.8539704027131085
152.439987	4.24929083242556
152.460166	3.491878524659323
152.479973	2.8449113868550957
152.499962	2.502106693850023
152.520029	2.408601154505896
152.539975	2.2933900486978223
152.560055	1.8968390979669811
152.579994	1.1822491086811784
152.599976	0.3348749528179884
152.619972	-0.4356079555116295
152.639925	-1.0848374806521894
152.660249	-1.7254583398125054
152.679985	-2.4452739874413254
152.700222	-3.15437411483029
152.720004	-3.62013978219769
152.739982	-3.658914462742686
152.76003	-3.2965976553871146
152.780198	-2.753528559194756
152.799969	-2.2782134428193093
152.819957	-1.9834811688882295
152.839987	-1.8153595173505541
152.859965	-1.6653652903612852
152.880055	-1.5157976383710858
152.900072	-1.4853581172836308
152.919951	-1.7262641699661083
152.940028	-2.2474669146369366
152.960302	-2.8385564977805973
152.980209	-3.1994910030066355
152.999977	-3.1979324046171436
153.019981	-3.0150388328044
153.039959	-3.005315563491822
153.060073	-3.3641998247146137
153.079989	-3.909468437331725
153.100263	-4.212744598611616
153.120064	-3.975248609116412
153.139939	-3.293010388669217
153.160376	-2.551227678737783
153.179949	-2.058653813045532
153.199952	-1.7831352368459883
153.22	-1.4289029683491647
153.239975	-0.7475006733349056
153.260262	0.24431651933583617
153.279968	1.3290091279238703
153.299977	2.3200102273909926
153.319963	3.208968805246186
153.339957	4.10213302659279
153.360027	5.045763499065314
153.379959	5.931114602213956
153.399987	6.5683059192934765
153.42003	6.845561294536306
153.439961	6.823539393386866
153.460758	6.678861073489261
153.479958	6.539699480550241
153.499983	6.33998385761013
153.520045	5.822343709172195
153.540014	4.721519344555616
153.559956	3.008814311162483
153.579996	1.000756856803441
153.60053	-0.7870392698116064
153.620836	-1.9545810271653836
153.63996	-2.4625801878682427
153.660254	-2.6107330839062217
153.680649	-2.7803439829543364
153.700759	-3.163504642184914
153.720212	-3.6873063792491667
153.739974	-4.147793555143713
153.76003	-4.395783446918321
153.77997	-4.421994099034191
153.799973	-4.316184436535502
153.819927	-4.1808006381281135
153.840006	-4.082266954451155
153.86	-4.04744167429359
153.879979	-4.073510002172734
153.89999	-4.130127761070382
153.92017	-4.167459161612033
153.939995	-4.140171497040436
153.960213	-4.040966902167886
153.980222	-3.9094931697768054
153.999939	-3.8066970200374373
154.023369	-3.7878501534399507
154.040287	-3.9071011501472475
154.060058	-4.237636106357384
154.079952	-4.847764944440842
154.100179	-5.706914387235748
154.120022	-6.59625366797509
154.140003	-7.143231488408852
154.16	-7.021271654988814
154.179969	-6.187545421949721
154.199979	-4.948459949997545
154.219973	-3.7645020458190683
154.24025	-2.9297896883994334
154.260288	-2.3903142543294185
154.279987	-1.8434899620044354
154.299968	-1.0111918242218016
154.319993	0.16168121294082408
154.340868	1.5251032401196127
154.360067	2.8778897466874716
154.379989	4.080659412648218
154.39996	5.053713145120939
154.419955	5.741544920898459
154.439991	6.138410524101264
154.460821	6.340826226269825
154.47998	6.515184756046058
154.499984	6.75755829288267
154.519984	6.976544913689054
154.539982	6.952891680331911
154.560269	6.551313333683753
154.579997	5.873273261633123
154.600244	5.18382256120173
154.62004	4.667197506011964
154.639985	4.256461186309654
154.660029	3.7176666673748375
154.680244	2.9086465071491188
154.699973	1.943718014140415
154.719967	1.0897247741495846
154.740216	0.4967410579175831
154.760333	0.039032492836296555
154.781177	-0.5644130297709704
154.800004	-1.4630058437053681
154.819972	-2.4945072332953444
154.839971	-3.2853208761930235
154.860181	-3.5344142823103426
154.879973	-3.227595472313618
154.900023	-2.6176163093823197
154.920164	-2.0226494590982442
154.940346	-1.636365079492688
154.960681	-1.4810196416490673
154.980894	-1.48385089436554
154.999962	-1.5711887228480579
155.020064	-1.7086726935155214
155.040343	-1.8884885693467974
155.060179	-2.109790660522021
155.0801	-2.3767866095496473
155.100074	-2.706589961256604
155.120043	-3.1296204956006095
155.140224	-3.6774551862719953
155.160146	-4.353265400291269
155.18	-5.08580412101605
155.199986	-5.6900222918771135
155.219979	-5.890200668526614
155.239997	-5.444385567898072
155.259976	-4.3111382105657805
155.280183	-2.7355785374174113
155.300008	-1.150573577354157
155.32001	0.07081248906533713
155.339967	0.83237773883273
155.36004	1.3267576039846063
155.379977	1.831477736427659
155.40007	2.469549668661523
155.419966	3.147036586157609
155.43998	3.712754980398024
155.460283	4.167522748921025
155.47998	4.69718402722398
155.500231	5.465888082327845
155.519998	6.3661629801827555
155.539974	6.994191592339503
155.559973	6.925266224865794
155.57998	6.06933614564167
155.599974	4.782895882936466
155.619955	3.6225754845695852
155.639971	2.954546915676403
155.660363	2.7576368483403204
155.679965	2.754546784932652
155.699977	2.7003072540228072
155.719961	2.53207413339442
155.739956	2.2729650018253924
155.760808	1.8622834645763044
155.779974	1.1426632790356037
155.799998	0.04123538687199354
155.820007	-1.261548683427537
155.839958	-2.3911331104683753
155.860035	-3.0431389337795496
155.879974	-3.2085499470752956
155.900031	-3.1450735627328283
155.920091	-3.12061877260849
155.939926	-3.174967541088605
155.959982	-3.120294003351778
155.979959	-2.761716475300462
155.999983	-2.1279660468324364
156.019975	-1.500957285987866
156.039962	-1.225920490253878
156.060271	-1.4680130108024123
156.079977	-2.1116140837979023
156.099973	-2.860777995724036
156.119956	-3.437350044733559
156.139964	-3.7138997930471898
156.159997	-3.7165886540806774
156.18023	-3.5439886205387943
156.199992	-3.287720976134181
156.220004	-3.00144288108188
156.239961	-2.7012376094523316
156.260263	-2.3704951475197547
156.280225	-1.9670610263536095
156.299979	-1.4489255715263485
156.31999	-0.8073815628429233
156.340029	-0.07383175776890212
156.360287	0.7162973375984282
156.379987	1.572559705635315
156.399973	2.550445059351521
156.420021	3.679680729434376
156.439963	4.867235070771061
156.460002	5.877209339690888
156.479979	6.447899666144814
156.499995	6.479089799804104
156.519945	6.136280531227099
156.539984	5.754375585939441
156.560202	5.583758443629837
156.580198	5.581398993646443
156.600053	5.441731304904354
156.620001	4.857235797006637
156.639963	3.7923809305545686
156.66001	2.5207740022397345
156.679981	1.3884096249806224
156.699973	0.5195243900630176
156.719966	-0.2620580875470281
156.739995	-1.2279814727024672
156.760031	-2.4578647028378975
156.77996	-3.735932683767151
156.800203	-4.716037345046018
156.819995	-5.1859479271489874
156.839937	-5.191899813544487
156.86028	-4.94175762294376
156.879964	-4.618361290424917
156.899975	-4.291239486291502
156.919945	-3.9737009234836953
156.939909	-3.7176785255931386
156.96	-3.6195088383651255
156.979955	-3.733060607166387
157.0	-4.001867665924717
157.019935	-4.303821926601952
157.039938	-4.574184171105776
157.059967	-4.873980845985608
157.07998	-5.317393298536432
157.10027	-5.916176469032322
157.120268	-6.49488363983518
157.139982	-6.774958025149347
157.159988	-6.5726640546568635
157.179959	-5.945532053135979
157.19997	-5.152281707515205
157.220719	-4.447806487616885
157.239981	-3.8774331691979094
157.259943	-3.242502855928289
157.28004	-2.2682277820363517
157.300556	-0.8395721213630556
157.320504	0.8840776703005792
157.340718	2.5640339513751864
157.360925	3.8976837411793954
157.380195	4.774702203547501
157.40007	5.258862802066872
157.419975	5.450136339577344
157.440199	5.383052402142955
157.459998	5.055664447553825
157.480145	4.525051653366423
157.500006	3.9269205654331913
157.519975	3.369325428900969
157.539973	2.8056759491181364
157.560032	2.0455614759620904
157.579974	0.9266092980720042
157.599965	-0.5072219773042916
157.619969	-1.9989789496711017
157.63997	-3.260072894884157
157.659988	-4.168841932935025
157.679968	-4.805199640243089
157.699963	-5.307564036789465
157.719927	-5.710735594112468
157.740008	-5.914895153518344
157.760013	-5.7939723479958785
157.779962	-5.324658979000187
157.799983	-4.626600665411172
157.819991	-3.901136925408352
157.840242	-3.3416924740318006
157.860035	-3.075876312028885
157.879974	-3.13564269426142
157.899955	-3.443519304259789
157.920034	-3.822473171888435
157.940004	-4.050919239026656
157.960001	-3.962680899201631
157.979967	-3.5608476649122003
158.000269	-3.0622753238454696
158.02	-2.805041474556947
158.04	-3.0403036054805757
158.06031	-3.7332049731274606
158.080301	-4.5339146678679
158.100075	-4.9758628352205285
158.119985	-4.775063133881759
158.140065	-3.9978322190666913
158.160032	-2.9614723593845125
158.179949	-1.9560180751565215
158.200008	-1.036955455388713
158.220053	-0.06888864675303707
158.240334	1.0453640597627403
158.260031	2.1885775777493834
158.28009	3.092205880882412
158.299985	3.5854396003920947
158.320019	3.7794514790535247
158.340019	3.9994990812375875
158.360011	4.509680133845057
158.379978	5.269598346174538
158.399982	5.942361389906449
158.419997	6.158720486343564
158.440213	5.8210447558416565
158.460034	5.197859191072444
158.48007	4.7259357264121045
158.499952	4.671163274236855
158.519978	4.915663863913977
158.540219	5.051588991521096
158.560043	4.709541070077847
158.579967	3.8449707227871355
158.599957	2.7442798635922974
158.619985	1.7551234792877024
158.640228	0.9956602008205894
158.660037	0.3131430601941049
158.679976	-0.47989507542111276
158.699985	-1.3352160466051701
158.719961	-1.944447750749665
158.740008	-1.9909646769536493
158.760286	-1.4440234144896391
158.78019	-0.6167103991557596
158.800045	0.07084951147184372
158.819979	0.398045465270555
158.840204	0.44836599885286094
158.860042	0.4328305810572862
158.879981	0.42541600517867817
158.899984	0.27516869404470334
158.920031	-0.21130718872435095
158.940137	-0.9979065735639098
158.960542	-1.7377530696391585
158.979968	-2.0013975723074378
159.000441	-1.6457014157633392
159.020044	-0.990651845777282
159.040052	-0.622494131744042
159.06031	-0.9525699179755326
159.08044	-1.8879276165907382
159.100419	-2.889491224760013
159.120927	-3.3694560143586516
159.140017	-3.100625282928306
159.160272	-2.3145395971000613
159.179991	-1.446698310857892
159.200002	-0.7740601699743744
159.220014	-0.25288227602961055
159.240008	0.34593198094775085
159.260306	1.171006306121385
159.280024	2.143080926092905
159.299994	3.039429147628843
159.320007	3.7047975344171813
159.339981	4.176795531808804
159.36031	4.6132569559540695
159.380221	5.1039580824635795
159.400061	5.549276127436736
159.419967	5.73558678881933
159.439978	5.535927180857063
159.460272	5.042760396303261
159.479991	4.505068758088805
159.500159	4.127136118933291
159.519988	3.9187326319401867
159.539985	3.7216148462811884
159.560282	3.3611076169970566
159.57997	2.76109013468861
159.599987	1.9322786445749165
159.619971	0.8990534399291218
159.640119	-0.3082286919004962
159.660304	-1.5743164455709868
159.680007	-2.6520293224533797
159.699969	-3.253289127328826
159.720221	-3.2444059338679367
159.74001	-2.773589479875374
159.759982	-2.1930525934833773
159.780025	-1.8223765431454333
159.79999	-1.7494210414221616
159.820043	-1.8327920285107824
159.839929	-1.8807641006087779
159.860022	-1.8305931202437462
159.879978	-1.7634246293794096
159.899982	-1.7633794504284146
159.920013	-1.7787368967197537
159.94003	-1.6406380962840796
159.959974	-1.2354013604893919
159.980079	-0.6605046093052388
160.000018	-0.19392087719436288
160.020041	-0.08213912800155877
160.039989	-0.3255557615488769
160.060048	-0.66180770888288
160.083323	-0.7724651943097233
160.100439	-0.5329558938618184
160.119971	-0.09372220027688741
160.139998	0.2706115095465421
160.160053	0.4040006413850725
160.180262	0.39318716311390095
160.200388	0.48723723990916634
160.220048	0.9018272826059549
160.239998	1.6730772404748233
160.260296	2.6536374953395305
160.279989	3.614467078986901
160.300002	4.350396960711593
160.319989	4.729130921770137
160.339984	4.700662504554755
160.360004	4.306019518661147
160.380218	3.6895323441364893
160.400041	3.067090265115226
160.42005	2.6290095327371543
160.44003	2.427230886724413
160.460018	2.343945232406438
160.479987	2.182684117571506
160.500239	1.8151775317341596
160.52024	1.2555536755853023
160.539989	0.6045984843887925
160.560086	-0.0637125996618628
160.579982	-0.7511863352304162
160.600015	-1.4742302274957986
160.619992	-2.174821050664673
160.640243	-2.717938044863892
160.660274	-2.9885316827798722
160.680124	-2.98987314476583
160.700086	-2.840086698938966
160.720054	-2.668747415193569
160.740006	-2.5197737594492664
160.760293	-2.354826433745813
160.779984	-2.1360774805114158
160.800295	-1.890616595828438
160.819995	-1.6853630567344788
160.840001	-1.5457715335898219
160.860002	-1.4167797708120466
160.879975	-1.2192392377359125
160.900022	-0.9540810735809088
160.920308	-0.7447451498873741
160.940035	-0.7592573031700461
160.960209	-1.0720309452679218
160.980215	-1.5931869171594086
160.999975	-2.1359954156811125
161.020029	-2.5651949552773226
161.039996	-2.884982322834611
161.061478	-3.1835485090004925
161.080317	-3.4929965524765847
161.100562	-3.7131577447159767
161.120074	-3.6775616342209094
161.140065	-3.2955633801653077
161.160031	-2.63707632146312
161.179978	-1.8869161064277318
161.200086	-1.2215454417277052
161.220067	-0.7134568290931522
161.239971	-0.3188096553406476
161.260015	0.07130112054870727
161.279968	0.5607966840684769
161.299988	1.1853173791170393
161.320013	1.8867251076365859
161.34026	2.5414409858325366
161.360869	3.029760692947626
161.380864	3.2900492468457103
161.400018	3.3156233534092303
161.420032	3.115446693598044
161.44004	2.702349584133411
161.460266	2.1290107383790384
161.480663	1.505841484062624
161.499993	0.93229118603822
161.520051	0.3823176570561646
161.540696	-0.31801025820756557
161.560063	-1.3418532407249633
161.579986	-2.6435104069580015
161.6	-3.8910346955774306
161.620088	-4.660600820052683
161.640059	-4.75116008108908
161.660001	-4.343280538284224
161.680011	-3.8587068667001905
161.700119	-3.6490411100285294
161.720266	-3.7792624351991884
161.739992	-4.056890132334819
161.760059	-4.226414103460752
161.779963	-4.144452580291403
161.800014	-3.8277719884750483
161.820024	-3.401416028917301
161.840047	-3.0269756175483407
161.860227	-2.8372025332561734
161.880193	-2.874342926380898
161.899957	-3.0470282364455663
161.920092	-3.157141942255927
161.939912	-3.0204976846585754
161.960286	-2.6204825647174483
161.979997	-2.16575493479942
161.999985	-1.9672255348223566
162.020009	-2.198730317318845
162.039993	-2.717435439822269
162.060339	-3.109559799122942
162.079994	-2.960631864085961
162.099992	-2.16055145393753
162.119977	-1.0090413143671757
162.14011	-0.02997859852724084
162.159962	0.3706206170719862
162.180238	0.14894612147063013
162.200077	-0.39870208677384855
162.220259	-0.8750143539746162
162.240049	-1.0317378228292464
162.260106	-0.8535498336499453
162.280227	-0.4653743269535661
162.300299	0.009891972717809679
162.319972	0.515993456587267
162.339972	1.0385425810827311
162.360028	1.5621425143468624
162.380244	2.062957591744905
162.400056	2.518778566191592
162.419985	2.9059615351727617
162.440009	3.1977493896642772
162.460095	3.3900721986787588
162.480207	3.5362538826747234
162.499983	3.722655545173157
162.519999	3.9674819958607372
162.540003	4.140374278271496
162.560302	4.028251809328695
162.579994	3.541219975143993
162.599996	2.872948751973605
162.619971	2.4121233572273373
162.639941	2.424493608064593
162.66035	2.7761737084713456
162.679994	2.9793211162385456
162.699993	2.5634329270674585
162.720213	1.4650532586302518
162.739978	0.09675090640968091
162.760385	-0.9586951342681289
162.779984	-1.356472658169866
162.800206	-1.1736281299422502
162.820027	-0.7749946385754344
162.839976	-0.5339986421078209
162.86024	-0.6406675868713736
162.880253	-1.0755932107394697
162.899982	-1.6792493024928745
162.92024	-2.2345570346182777
162.939975	-2.5609833268286235
162.960352	-2.6220892985463977
162.979973	-2.5773387165955657
162.999974	-2.688889338636785
163.019971	-3.1128014675786737
163.040162	-3.7561632815204264
163.060123	-4.355797652137304
163.079969	-4.721697245287459
163.099991	-4.8958344967344365
163.120206	-5.048805027169752
163.139976	-5.219021643318667
163.160103	-5.1862528982339
163.180226	-4.647130565011302
163.199973	-3.5388242702760446
163.219965	-2.180051870700056
163.239951	-1.0617492639643786
163.260094	-0.4671987244962154
163.280227	-0.2712134951374888
163.299949	-0.08615038296467069
163.319976	0.4034154533476353
163.339956	1.221931451102972
163.360094	2.151939538717395
163.380838	2.945456954778641
163.400189	3.49160804817555
163.419965	3.8325687472020036
163.439993	4.0770471917144535
163.460106	4.304323833147169
163.481096	4.50753498724215
163.499978	4.596250939654087
163.520028	4.464354158460714
163.540322	4.09035679671533
163.56039	3.5869325917085053
163.580536	3.129162654095828
163.600793	2.798570316884572
163.620225	2.4872662628973305
163.640084	1.9768025653814798
163.660185	1.139406597773063
163.679965	0.07147244168291098
163.699983	-0.9723462584133923
163.719988	-1.7825295011915687
163.740045	-2.33747073624338
163.760037	-2.757851281453359
163.779991	-3.141034065795553
163.800203	-3.4570487526290066
163.819974	-3.605677175210833
163.839959	-3.5501072748058076
163.86005	-3.377243842600631
163.879985	-3.2234592485299585
163.899967	-3.151829290701526
163.920011	-3.119180081024361
163.940249	-3.0631187158453823
163.960195	-3.0205449043612598
163.980229	-3.1434386470138427
164.00023	-3.5674890600288385
164.020058	-4.2278458648973
164.039951	-4.8060940055078385
164.060162	-4.912774299606639
164.080249	-4.407625239730401
164.100425	-3.5873492117406367
164.120241	-3.0246356179349307
164.140823	-3.1355182119892357
164.160087	-3.8207085968769308
164.180266	-4.51041059211688
164.199986	-4.604535525040841
164.220221	-3.940021138392175
164.239969	-2.8849430492746357
164.26014	-1.9939080309169175
164.280002	-1.5503097201776743
164.300232	-1.3882012852231442
164.319985	-1.10671847666645
164.339996	-0.4357956316535057
164.360111	0.5769297504538196
164.380225	1.6678571345806719
164.400051	2.5973528102691175
164.420225	3.301563731267178
164.440006	3.861064885509825
164.460165	4.360044601854514
164.480208	4.7751500998512855
164.500151	4.975025540485357
164.520008	4.823406156822741
164.539921	4.3003628587508915
164.560432	3.551679627694393
164.579968	2.818623128459275
164.599979	2.2955842569938234
164.619923	2.0186043507487774
164.640049	1.8588793821425553
164.66025	1.616297181883621
164.679963	1.1382619414655206
164.699959	0.3902037071492434
164.720218	-0.5439441402588248
164.740213	-1.5074053500361084
164.760214	-2.3324400813266863
164.77996	-2.9020897387821676
164.79999	-3.1908248909959793
164.82005	-3.2651746710568417
164.839973	-3.23625326616497
164.86038	-3.1889486169966883
164.879959	-3.136439115431118
164.899953	-3.0399792715472453
164.91995	-2.8845414073001505
164.939943	-2.7430002886605984
164.960247	-2.7600994652126185
164.979964	-3.0333053435348147
165.000101	-3.478170858027524
165.019963	-3.811321296218354
165.039919	-3.732140322773403
165.060178	-3.1977900364316203
165.079949	-2.541447228778756
165.100723	-2.263920629023694
165.120513	-2.6184559113076813
165.140775	-3.349647846929621
165.160125	-3.8656087089088675
165.179953	-3.7337350293135163
165.199961	-3.0554904395873304
165.220203	-2.3627401892566566
165.240694	-2.121054281425642
165.260705	-2.307302448312545
165.280959	-2.451231823541342
165.299968	-2.0782286612547987
165.319972	-1.123664360003531
165.340007	0.046632346451467195
165.360224	0.9757048204317864
165.379971	1.4675780597814347
165.399987	1.6605696926650768
165.419975	1.8286449458845615
165.439952	2.1364749790507305
165.460155	2.5458542492410716
165.479999	2.9022459059070584
165.499979	3.084552536304081
165.519984	3.100781009479808
165.539988	3.068014071767294
165.560122	3.1083074883353174
165.580194	3.242524378048414
165.599961	3.370861534795678
165.61997	3.3534759873274385
165.639985	3.112861123911036
165.660309	2.6624409365778745
165.679954	2.043458097233831
165.69998	1.2601801506013932
165.719993	0.30499080563923725
165.739978	-0.7431588236427931
165.76006	-1.6736635596025407
165.779962	-2.241799628785396
165.800217	-2.3444089632045815
165.819986	-2.112803389704538
165.83997	-1.8246577630573868
165.860162	-1.7056640456949055
165.879966	-1.7935739175254577
165.899977	-1.9587135256492376
165.919975	-2.0402882391196604
165.940209	-1.9751180064488174
165.96093	-1.8263019225747525
165.980198	-1.7021593183371067
166.000247	-1.6283987066300507
166.0202	-1.4768099034035802
166.040215	-1.044475392812818
166.060173	-0.2654395685467303
166.080213	0.615253693688622
166.099956	1.1102187130622625
166.119968	0.8332922621187213
166.139931	-0.12727297956004138
166.160305	-1.1566441124615616
166.180207	-1.498723060473323
166.200051	-0.8118697125311731
166.220025	0.5656617956416128
166.240203	1.8753236852438446
166.260294	2.5067364529938407
166.279983	2.405720448606247
166.299974	2.0154681547060007
166.319982	1.8605565318457777
166.33998	2.1599998211610325
166.360393	2.7680345948976335
166.380086	3.4028210795630214
166.399952	3.8964001948974785
166.420205	4.23864189838506
166.439955	4.440399758002206
166.460663	4.416268768222738
166.479982	4.033898231775944
166.499963	3.281934956294311
166.519972	2.3678325186652
166.539974	1.6206505942316043
166.56017	1.2718576836177553
166.579971	1.3230794393971392
166.599961	1.6137369827303696
166.620253	1.9992084418046234
166.639948	2.429558546828967
166.660154	2.845896303879112
166.679961	3.044240024932886
166.700207	2.7172296487290706
166.72071	1.7040817721490833
166.740514	0.2172408828684226
166.760819	-1.2089016290584027
166.779936	-2.0531231307758704
166.799943	-2.143946484843039
166.820025	-1.708859266840911
166.839991	-1.1277185859725747
166.86024	-0.6480691275354623
166.879942	-0.31784959072809216
166.899954	-0.12260074806837444
166.919954	-0.1133930049185872
166.939901	-0.35457714586490385
166.960539	-0.7652987244903982
166.979993	-1.0767405353962842
166.99999	-1.0052051923774958
167.019974	-0.5016628416646749
167.039966	0.1664632190349593
167.060236	0.5958761022962928
167.080208	0.5457904984098079
167.100008	0.09909913701638576
167.120091	-0.4311289860710381
167.140042	-0.7565900157957317
167.160174	-0.8121696417310573
167.17996	-0.7554570296590373
167.199965	-0.8020422218506725
167.219985	-1.048229961539206
167.240212	-1.420889086968799
167.260323	-1.7657880378324364
167.279998	-1.9709003821135453
167.299975	-2.011623067298897
167.319953	-1.8990942308970988
167.339964	-1.607754703278392
167.360088	-1.0786983095388174
167.379988	-0.3092378569395478
167.399986	0.5629499975228219
167.419966	1.2830090327750114
167.439954	1.6124311751077314
167.460294	1.477847394567448
167.479969	1.023312127140081
167.500001	0.525879285590893
167.519976	0.23925064532393805
167.539966	0.26566970200432244
167.560296	0.5219821894086659
167.579957	0.8120734103753627
167.599979	0.9578763822165132
167.619986	0.9031553609293937
167.6402	0.713902368993473
167.660336	0.4746248245188714
167.679957	0.17534101673493385
167.699958	-0.2990401723463893
167.720009	-1.053281359832236
167.740052	-2.0443200217790056
167.760372	-3.062299452424754
167.78021	-3.8557712687475383
167.799973	-4.29178958560198
167.819991	-4.410753517291344
167.840209	-4.347031451284255
167.86001	-4.215366272936427
167.879972	-4.074929451494708
167.899959	-3.982830420513812
167.92001	-4.040021806860199
167.939974	-4.3512183881044875
167.960317	-4.908080609012619
167.980214	-5.503671000216459
168.000236	-5.784309474419391
168.019981	-5.455419955323498
168.040234	-4.527927514315887
168.060292	-3.4102676584431464
168.079982	-2.708717473248667
168.099993	-2.8174637658152712
168.12007	-3.5895583947729106
168.13997	-4.377494308555995
168.16004	-4.478128544695712
168.180004	-3.656085267616189
168.199974	-2.3147757539359213
168.219976	-1.1667821688973377
168.24023	-0.6840997667191565
168.260213	-0.7903967449544786
168.280141	-1.0158784509476584
168.300005	-0.9205373017526106
168.319971	-0.38926085177606945
168.339946	0.40597559241957065
168.359992	1.2442129854569433
168.379978	2.023216794395291
168.399982	2.7331589765418167
168.420009	3.338949968022561
168.440969	3.736816223507953
168.460112	3.833692879835129
168.479972	3.648076317921484
168.499997	3.318295442464937
168.52002	2.9963154955774782
168.540005	2.7270527888937828
168.560377	2.42264240214467
168.580188	1.9615525772813556
168.600005	1.3285916046856285
168.620029	0.6668482421135665
168.640068	0.1860730659185767
168.659995	-0.011171345380303267
168.679981	-0.04115903684750648
168.699964	-0.1817574288226246
168.720006	-0.6791383390922486
168.739973	-1.5663094516404181
168.760056	-2.636412456237341
168.780012	-3.581870327107341
168.800068	-4.172617661594582
168.820067	-4.344373377889178
168.840014	-4.164711425525726
168.860017	-3.7477451783231315
168.879978	-3.2067197935824567
168.899969	-2.659292043999671
168.919989	-2.2434782008144554
168.940015	-2.0933299611986578
168.960504	-2.269405748137199
168.980212	-2.6767358278827698
169.000026	-3.0422774762400526
169.020274	-3.028648453448093
169.039947	-2.4700229272986824
169.059999	-1.5740876764014364
169.079953	-0.881082269383168
169.099998	-0.9191950391940715
169.120038	-1.7758953776056288
169.139996	-2.9512325077713846
169.160019	-3.673961818995321
169.179973	-3.4680655405648593
169.200216	-2.505900879298054
169.220022	-1.4466794031956975
169.240091	-0.9045045729874311
169.260037	-0.9959886436298612
169.279956	-1.3194792694247723
169.300079	-1.3267547158300521
169.320003	-0.743674953232354
169.339978	0.28455293293832834
169.360003	1.3704169381417948
169.379959	2.1805426481539993
169.400002	2.6210164997784857
169.420401	2.814203793145769
169.439934	2.933767519774076
169.46002	3.0426673749900703
169.479965	3.064305499870175
169.499989	2.8991980315084582
169.519973	2.575253273179483
169.539983	2.264566101082075
169.560006	2.125201817844123
169.579974	2.113818206796605
169.599979	1.9772268130241157
169.620227	1.4737677362864374
169.639971	0.6309688712943317
169.660003	-0.22329086736866233
169.679965	-0.7205595285767675
169.699975	-0.7751953356162611
169.719982	-0.6669993982112706
169.739958	-0.8019245590919376
169.759982	-1.3684539306027412
169.78033	-2.1932491533958323
169.799966	-2.900031816192805
169.820017	-3.204742030971384
169.839979	-3.0954169706423644
169.860466	-2.7895715108265997
169.880197	-2.5550812489801045
169.899982	-2.54876133222835
169.919966	-2.759273952619732
169.939967	-3.0507111878033104
169.959974	-3.2627764319446144
169.979959	-3.315705828415531
169.999994	-3.258436906093299
170.020204	-3.2185507664324042
170.039925	-3.2876203320812936
170.06044	-3.434738430771692
170.080382	-3.5332363800945514
170.100651	-3.4828675757290593
170.120035	-3.307339814866355
170.140082	-3.1227555289596767
170.160008	-3.0009648860610776
170.180016	-2.8697933990164515
170.200031	-2.5627253855281804
170.219983	-1.9828109638505371
170.239996	-1.2237054769236324
170.260363	-0.5240444927017391
170.279974	-0.08972247732103765
170.300298	0.056430479492980225
170.320026	0.06921140059802382
170.340242	0.13759442133892433
170.360248	0.33694879671561945
170.379961	0.5946908952491196
170.399995	0.7733898254672019
170.419952	0.7851597353063761
170.440027	0.6454745304365813
170.460078	0.44488072684193253
170.479987	0.2838522488619267
170.500255	0.22758999065573216
170.520052	0.29736577518348695
170.540294	0.4773685916994616
170.559974	0.7124153308920503
170.580004	0.9111329298803924
170.599984	0.9787585943977952
170.619963	0.8751661288277776
170.639984	0.6503270002432167
170.660947	0.40934208513965614
170.679977	0.23251655679765337
170.69996	0.1370212582674206
170.720001	0.12852719545472863
170.740265	0.2749004244092732
170.76059	0.6837095248712097
170.780039	1.3629627322912248
170.799958	2.1034231789930766
170.820028	2.5477093697356916
170.840027	2.4421960506283313
170.859942	1.8561081864965918
170.880088	1.14758129744575
170.900039	0.6828946067315428
170.919986	0.5576782748860268
170.940202	0.5698838365702987
170.959998	0.4495022037105857
170.980242	0.11425417642853562
171.000268	-0.27971085030325343
171.019959	-0.5016326329388097
171.039953	-0.4365594473399554
171.060004	-0.13342713018263952
171.080218	0.2874898544894129
171.099965	0.7348413962157101
171.119995	1.1601240104826271
171.13999	1.5156345643313585
171.159998	1.747660651369035
171.179955	1.8456970134612087
171.199961	1.8823508353450298
171.220017	1.9763600130479755
171.240002	2.187193290088211
171.260392	2.4322797152682494
171.280247	2.507820628811396
171.300091	2.221964100155968
171.320053	1.5489536490897864
171.340187	0.6775939994644835
171.359996	-0.1070660614761666
171.379962	-0.6404334180170196
171.399964	-1.0201204533871204
171.420019	-1.5288584055363594
171.440023	-2.3694484597516774
171.460509	-3.431399891462237
171.481074	-4.31351222481361
171.500577	-4.615701138985749
171.520806	-4.264163862626262
171.540881	-3.5791015228534997
171.559959	-3.0141775405606626
171.580112	-2.792953622417903
171.60051	-2.762745700416149
171.620743	-2.5809010660344605
171.640827	-2.042840214027727
171.659994	-1.249396490484035
171.679972	-0.4833746899207831
171.700212	0.055703427821245786
171.720219	0.39395397278661726
171.739963	0.6962983819245158
171.760466	1.075168537730479
171.779994	1.4957102373545703
171.800009	1.8459397255607668
171.819991	2.068578737756579
171.839937	2.2149799178855814
171.860129	2.385421000819324
171.88005	2.637286673944879
171.900027	2.949220360278907
171.919979	3.2491661143317914
171.940247	3.4596368382885885
171.959986	3.5234784060165936
171.98001	3.410738518186334
172.000002	3.121718562183258
172.02006	2.6829069058230277
172.040016	2.1336426007138525
172.060094	1.5162854046198053
172.080245	0.8857900147328601
172.10055	0.326225364771536
172.120026	-0.06442485319526192
172.139984	-0.23124427967971856
172.160038	-0.210382868690145
172.179989	-0.10521622510982159
172.200159	0.0037821423986017736
172.219977	0.12844235350443126
172.240236	0.3376029094009281
172.260437	0.6434824512045145
172.280064	0.9319989933772806
172.300302	1.0263221157181261
172.320274	0.8322182688700558
172.341453	0.4193175352823615
172.360054	-0.03911903796070216
172.380012	-0.4063407619875967
172.400277	-0.6652516070322144
172.419934	-0.8753280498245551
172.439983	-1.071565396636165
172.460336	-1.220504755172956
172.479987	-1.2729370225100576
172.500028	-1.24418030073514
172.520248	-1.2316128193879927
172.539963	-1.3509586985375492
172.560003	-1.6489579259712235
172.580004	-2.064704884117711
172.600061	-2.4619059051434253
172.620105	-2.701760338092097
172.640304	-2.7081516453993735
172.660026	-2.489436090067882
172.680231	-2.106896908420313
172.700048	-1.6182128741724366
172.719965	-1.0463109419404746
172.740215	-0.40686648220659793
172.759993	0.23664955132553575
172.779947	0.76400137079024
172.800505	1.0693275242392657
172.820041	1.1537581182463883
172.840261	1.1343635226052975
172.860034	1.139450900747943
172.879948	1.1896330299972715
172.900746	1.1954039526299893
172.920647	1.0750191501778124
172.940751	0.8601474603481174
172.960012	0.6664972149367095
172.980013	0.5636743392653167
172.999998	0.500213805353111
173.020216	0.3804612433802008
173.039935	0.20138112870379685
173.060057	0.07540027600501183
173.079961	0.09195934025579092
173.099995	0.16644392833923252
173.11997	0.0605156623769447
173.140131	-0.41815162098169917
173.160032	-1.2239448354481455
173.180051	-2.0758218339622854
173.199974	-2.6548122201029716
173.220028	-2.8151515382775214
173.240062	-2.6372760246505496
173.26002	-2.322282398457396
173.279971	-2.04773767959193
173.299964	-1.8954238453293029
173.31997	-1.8663883206750813
173.33998	-1.9291548233823066
173.359994	-2.0577818458048163
173.379977	-2.2437043466838986
173.399985	-2.4716931301753964
173.419966	-2.6765628332840747
173.439977	-2.737376717047411
173.45999	-2.5582051722765393
173.479977	-2.1965905119878983
173.499985	-1.905145634510941
173.519954	-1.98544403968643
173.539955	-2.5290313033628227
173.560719	-3.274383172409464
173.579952	-3.7501135629862077
173.599976	-3.621182678160477
173.619983	-2.9454409661445022
173.639951	-2.111179193934024
173.659993	-1.5125331755649927
173.67996	-1.253228884652287
173.699993	-1.1247900797756494
173.71999	-0.8398122152374743
173.740055	-0.28077948074313097
173.760036	0.43927126479411127
173.779963	1.1123792798182102
173.799984	1.6112371066015683
173.819969	1.9564162967298384
173.840027	2.2587012112071245
173.860244	2.606327713240355
173.879968	2.981276786253613
173.899986	3.255008302047288
173.920024	3.2773718744571565
173.940015	3.010257064653372
173.960004	2.602689070595735
173.98	2.3075229012360574
173.999967	2.270598898948127
174.020072	2.3696718356035524
174.040033	2.277652806855247
174.059999	1.7392660953241825
174.08024	0.8284147433880136
174.099972	-0.06388812596484417
174.119971	-0.5295189552725883
174.139964	-0.48072149833016387
174.160037	-0.2245127146671437
174.180228	-0.20643044285701803
174.200204	-0.6467674859831872
174.220137	-1.3813780013647166
174.239933	-2.0209079253362634
174.260002	-2.263444809238535
174.279963	-2.0885764608933717
174.299989	-1.7031992253309072
174.320024	-1.3346477407986286
174.339966	-1.0756989314804555
174.360202	-0.8953996252072574
174.380076	-0.747694154623398
174.400011	-0.6443621830791114
174.420191	-0.6211465842158794
174.439991	-0.6612065165671795
174.460265	-0.6779408469528257
174.479962	-0.5858556187115251
174.499972	-0.37169371083546204
174.520039	-0.08090737845969198
174.539985	0.24894075891766837
174.560196	0.60596903524341
174.579953	0.9291566630375505
174.599965	1.0446809590417623
174.620709	0.7448306517157316
174.640564	-0.006128685606360494
174.659973	-0.9365812363933982
174.680457	-1.5898223352672696
174.700684	-1.6517160743453085
174.719974	-1.2057357182500723
174.739961	-0.6677986534042807
174.759993	-0.4413407488940298
174.779968	-0.5931669209391786
174.799962	-0.830421144580078
174.820011	-0.7735932732116371
174.840215	-0.2641540873252452
174.860277	0.5481538707972322
174.880003	1.3635255516637175
174.900225	1.9526472501117678
174.920017	2.2603781060652315
174.940236	2.3615670937111193
174.96002	2.36328709776493
174.980008	2.3391967295692466
175.000002	2.3053990680938674
175.020027	2.2201644119103014
175.039979	2.0203958975422793
175.060051	1.6973427227468674
175.079979	1.3573300162642452
175.100012	1.186434531807184
175.119974	1.3060118508303107
175.139969	1.6378174090723572
175.159997	1.9272754619818027
175.180228	1.935548426856312
175.200013	1.634579427007685
175.220096	1.2159521426992832
175.240285	0.9000611996908129
175.25997	0.7284591564129591
175.280055	0.5413611331912639
175.300046	0.15462506608428955
175.319991	-0.4456184299496712
175.340043	-1.0751739318814928
175.360284	-1.501105787305766
175.379972	-1.6173061815403402
175.400222	-1.494616485167545
175.420018	-1.292701757520276
175.440239	-1.139150379284763
175.460022	-1.0758699046358824
175.480005	-1.0865733648336353
175.499981	-1.1550030386262777
175.519973	-1.2961543817845882
175.539942	-1.5369675921729204
175.560041	-1.860614636676693
175.579976	-2.157566692158795
175.600001	-2.246863755170325
175.620041	-1.9943127611240836
175.640003	-1.4572799052458016
175.660008	-0.9166869453087303
175.680005	-0.7156208362292826
175.700216	-0.9929122546976329
175.71999	-1.5378760255042137
175.740215	-1.924696196764833
175.75998	-1.8387655062861146
175.779969	-1.3219525742361484
175.79996	-0.7208780580154419
175.819987	-0.3886885348769128
175.840218	-0.40684515871701843
175.860001	-0.5565073002656461
175.879961	-0.525048410254836
175.899972	-0.14176488819371472
175.920017	0.5422401538289131
175.939976	1.34644074957397
175.95999	2.0986724816419664
175.980009	2.709244303993171
175.999958	3.1680091638436196
176.020234	3.5074693572724462
176.040463	3.76191411126824
176.059968	3.9288328808363966
176.079961	3.953984877601513
176.100259	3.777985401639018
176.119965	3.4197882071086707
176.140738	3.00805976362985
176.16076	2.7025162929828155
176.180916	2.5590118722585204
176.199951	2.4819753972321004
176.219974	2.329687142398781
176.23999	2.062590754072274
176.260217	1.7618741839305105
176.2809	1.4881292796359986
176.299955	1.148698447801322
176.319965	0.5600709897943138
176.339987	-0.3265054625948488
176.359989	-1.2764989479948008
176.379971	-1.8882967622003142
176.400206	-1.8989187333491389
176.419993	-1.3960725896464228
176.439929	-0.7400985238978806
176.460321	-0.28150824276627306
176.47997	-0.13621478125942943
176.500222	-0.19537899787675728
176.519988	-0.30546824048945903
176.540279	-0.4228547462856532
176.560011	-0.6105420156502903
176.580056	-0.9174848224144401
176.600059	-1.2682306344690981
176.620288	-1.4720510554002764
176.63994	-1.357337612352318
176.660224	-0.9302290380226556
176.679975	-0.4292344796479523
176.699964	-0.20114270393009187
176.72024	-0.45692546664723754
176.740214	-1.0874363305579897
176.759989	-1.7065942901128708
176.779981	-1.9137132689058745
176.799952	-1.5793862392571238
176.820003	-0.9121324691395132
176.840183	-0.2596856461791724
176.859981	0.16336083335426899
176.879987	0.3874642854600727
176.899955	0.5768294545987398
176.919965	0.8455776535968931
176.939976	1.1811595823835377
176.959946	1.504872461654222
176.980426	1.759684229852584
177.000041	1.9285198183519274
177.02001	2.0022348310800706
177.039981	1.9676311168236942
177.059955	1.8347441180691395
177.079997	1.6519675851859748
177.10007	1.4738017230217042
177.119997	1.3145189278647484
177.14	1.1470734653342132
177.159982	0.9505159134129647
177.179969	0.7508457850565642
177.199992	0.6103091765903832
177.219972	0.5770160195907266
177.239983	0.6544659121675372
177.259994	0.8123911136001826
177.279977	1.006871911747587
177.299983	1.1739999678088666
177.319951	1.2149937202084602
177.340022	1.0210486686546802
177.360001	0.5467726857921898
177.379968	-0.12454932450180653
177.400207	-0.7947766827517211
177.419965	-1.2505766602368535
177.439978	-1.3794907731934192
177.460005	-1.2149355134071047
177.479994	-0.8914716108911276
177.500001	-0.5563986170642853
177.519974	-0.3014497691013067
177.539944	-0.15107522639164328
177.559983	-0.09682785811942816
177.579975	-0.1372426554147482
177.600298	-0.28292096863970767
177.620053	-0.5168170481237561
177.64004	-0.751071253646052
177.659992	-0.8491644258837046
177.680007	-0.7305963773921313
177.700003	-0.4810940199610442
177.719985	-0.3476645531146497
177.739975	-0.5731306342515797
177.759968	-1.181514525935912
177.779965	-1.9058420046819504
177.799974	-2.350557864507174
177.82001	-2.2761628457775718
177.839965	-1.7701824021300672
177.860315	-1.1599042054125548
177.879963	-0.7488458862533182
177.900275	-0.6025536802944006
177.919978	-0.5477258451555373
177.940308	-0.3517133403501808
177.960861	0.0920341289090336
177.979952	0.7136226165933907
178.000207	1.3495836860250474
178.020154	1.8535735792327521
178.040557	2.1530124387311163
178.061146	2.2490093927279293
178.079945	2.200080541287762
178.099965	2.10137092712701
178.12023	2.0427005567344256
178.140477	2.0432976606216284
178.160781	2.018471860685828
178.180001	1.8405026811825302
178.200251	1.4690446708720744
178.221043	1.0359285791191186
178.23998	0.780421246300468
178.259986	0.862845102916973
178.280206	1.215993528663534
178.299987	1.5824557527580148
178.320019	1.720922040134424
178.340223	1.6040077208639865
178.35999	1.4258532911214827
178.380197	1.4126397072419123
178.399999	1.6095838601356507
178.419969	1.8326309410266404
178.440249	1.8213201927572666
178.459977	1.4488142506171109
178.479951	0.8111201392047169
178.499969	0.14522599608578093
178.519997	-0.3325767505233349
178.540033	-0.5351541709512888
178.560234	-0.5035510102478263
178.579958	-0.33345759801937935
178.599979	-0.10136878478258844
178.62004	0.16036647681485117
178.640056	0.4353330196431935
178.659984	0.6736352539944173
178.679961	0.7706348886231188
178.700011	0.6113582509804667
178.72004	0.17004724361365442
178.74002	-0.41669971649066206
178.760226	-0.8960189639358225
178.780183	-1.0683268870671454
178.799971	-0.9605846051869928
178.820055	-0.8423778756952078
178.840035	-1.0344969282428993
178.860015	-1.6472442186638894
178.88002	-2.4724251667614605
178.900081	-3.1311457681851618
178.920051	-3.357498018126259
178.939955	-3.1805775158753606
178.959989	-2.8596696487623747
178.980101	-2.6514734378152665
178.999968	-2.6201680149366022
179.020034	-2.643750493540776
179.040053	-2.57289074470303
179.059999	-2.3693507081731737
179.079957	-2.104286671797232
179.099958	-1.84910334879452
179.121078	-1.588121906978655
179.140265	-1.2398551036428276
179.160247	-0.7504134323285343
179.179977	-0.15474379745726585
179.200067	0.44666292347518816
179.220047	0.9638463360435308
179.240024	1.3752944810952097
179.260131	1.7294469497220655
179.279974	2.098082026553988
179.299961	2.5157623644773777
179.320004	2.9397584449590437
179.340202	3.256847705634933
179.360039	3.3485683521093623
179.380292	3.1881804580078263
179.399995	2.8966499932112755
179.419955	2.686623588909907
179.439978	2.703242331406337
179.460025	2.8821519626578573
179.480191	2.95890057094736
179.499965	2.6513626383877873
179.519987	1.8808543773740052
179.539971	0.8494689340819342
179.560233	-0.09110376765450538
179.579955	-0.6668686219161212
179.600203	-0.8253443871287705
179.619976	-0.7073271270986556
179.639955	-0.5058824569160312
179.659998	-0.3432676632515788
179.680173	-0.24783491008400613
179.699974	-0.21002335202646555
179.720201	-0.23838695485104025
179.740247	-0.3606624249501139
179.760232	-0.5757873245126279
179.7806	-0.8093308323636949
179.799965	-0.9315846123746989
179.820025	-0.8500227537216545
179.839969	-0.6108015896223783
179.860051	-0.40723920938316577
179.880656	-0.44988492370013594
179.899977	-0.7776165467102766
179.920019	-1.1720323835480992
179.94016	-1.285300157001469
179.960303	-0.9107526770613119
179.980441	-0.17537961119321588
180.000504	0.5260024182806793
180.02083	0.8207836345973136
180.040233	0.637365166356653
180.060044	0.24551649382085952
180.080255	0.03774601558432881
180.099978	0.24437006519197818
180.119994	0.8092235518636284
180.139996	1.4890919885690863
180.160253	2.0488210378797587
180.180785	2.3839005117268743
180.201004	2.5113685193239035
180.219992	2.492893992192295
180.24031	2.3809057846127013
180.260024	2.218701621746409
180.28001	2.0578224949576787
180.300071	1.9506962496578153
180.320011	1.9254676957743224
180.340095	1.9760689297518461
180.360076	2.079846389723932
180.380104	2.2183074280491804
180.400011	2.380177464286002
180.420001	2.5505187117660433
180.440046	2.706536208103856
180.459948	2.824387986776278
180.480071	2.8787149190448234
180.499983	2.82937675054853
180.519981	2.623679777435398
180.539931	2.243219226012803
180.560022	1.762715826016164
180.579997	1.3489738266138198
180.600058	1.1598304000056625
180.620054	1.2075197781461
180.640314	1.315159273669648
180.659981	1.2289802830845418
180.679968	0.803701817494941
180.699969	0.0978954020656228
180.719965	-0.7016063946059584
180.739982	-1.447044949330473
180.760319	-2.1223345555365087
180.779961	-2.7849326083814385
180.800254	-3.441584149420547
180.819995	-4.002834009290494
180.839932	-4.363987400854635
180.86025	-4.514371324988103
180.879966	-4.55537901938852
180.9001	-4.614477049829043
180.920031	-4.756904242531026
180.940024	-4.9735552008938315
180.959952	-5.221659361135421
180.980048	-5.440455591362195
181.000061	-5.528219653512216
181.019971	-5.358193519529014
181.039924	-4.8823848668820204
181.060302	-4.246853521950279
181.079954	-3.7698964661377135
181.09997	-3.7424254559356096
181.119989	-4.189681717627991
181.140239	-4.810846834767544
181.160009	-5.177102572724452
181.179984	-5.0358491232988625
181.200278	-4.475758245367383
181.220305	-3.8315026177164047
181.239976	-3.432422081399453
181.260111	-3.406001324059999
181.279979	-3.663366178758799
181.300019	-4.020595595732534
181.320289	-4.321217168245913
181.341083	-4.475993210454367
181.360208	-4.441579998312295
181.380069	-4.203943842637801
181.400028	-3.790149250553466
181.41997	-3.2782918767265676
181.43994	-2.767735106717837
181.46002	-2.3225446819129227
181.479959	-1.9335251132231475
181.49998	-1.535227803752935
181.520238	-1.067795966250372
181.539989	-0.5287009303949475
181.560239	0.032261584282714126
181.579973	0.5676255720314204
181.599969	1.0834859426824928
181.62003	1.6339972219165086
181.639985	2.257308159110914
181.660033	2.9114727050185296
181.680017	3.476023974358672
181.700342	3.8268226817114708
181.720024	3.9291494700718643
181.739952	3.8706950722423197
181.759959	3.8002462031664375
181.779948	3.8135941919665584
181.799953	3.8743808066291683
181.819974	3.8356895197950016
181.840027	3.5526424340117346
181.860197	3.003095243786812
181.879935	2.3181914615666837
181.899956	1.6929301683533786
181.919975	1.242737323453525
181.94	0.9261399416138413
181.960002	0.5977854312607168
181.97999	0.141254589566052
182.000158	-0.43439224704304935
182.02022	-1.0137169422731276
182.039962	-1.4789993972291227
182.060028	-1.7951475606946352
182.07997	-2.0056061311572786
182.100968	-2.166850290232467
182.120448	-2.3015315105834833
182.140965	-2.4083170450611586
182.160038	-2.4984123708679316
182.180668	-2.6081604588131313
182.201203	-2.7764484074271687
182.220098	-3.0213342864096995
182.240048	-3.337511937552488
182.260311	-3.695435983326549
182.279978	-4.026808404934044
182.300251	-4.230166796291637
182.320024	-4.234770841008736
182.34027	-4.0941423773073105
182.360047	-4.005595818025985
182.379959	-4.182860559404188
182.399964	-4.655979858734477
182.419993	-5.182120389394712
182.439975	-5.388017320396222
182.46004	-5.051381927027418
182.480266	-4.277573544035215
182.499971	-3.40693330579319
182.519993	-2.731050158975554
182.540035	-2.270420188636584
182.560254	-1.8048505921536564
182.579968	-1.1036784253470244
182.600063	-0.12956803420017368
182.619986	0.9541222616643966
182.639996	1.9398071647508264
182.660075	2.7306454829195816
182.680003	3.3641300897837256
182.69996	3.9149864197986948
182.719984	4.389367409990609
182.739992	4.69694636303861
182.760251	4.701556630219924
182.779967	4.302484277370798
182.79996	3.508648715323234
182.820038	2.4764353808067567
182.840018	1.4765242379382129
182.860016	0.7797467996282698
182.880044	0.5101549215204597
182.90001	0.5644592815781235
182.920076	0.6781874600120427
182.940176	0.6043548775005103
182.960093	0.2692225619105101
182.979982	-0.21553618293577423
183.000043	-0.6801889197499275
183.020076	-1.0446333139928103
183.040081	-1.3637684718731284
183.060397	-1.749064453172326
183.079998	-2.251051358946931
183.099987	-2.807400693450963
183.120206	-3.28809460582621
183.140033	-3.5855375821815723
183.160296	-3.67778874591794
183.179992	-3.6312824066036877
183.199985	-3.5524213370196307
183.220024	-3.525650232674477
183.240041	-3.5725078893288913
183.260127	-3.652638943035972
183.279978	-3.706735556975896
183.300005	-3.7061136570424145
183.320079	-3.6531365451150926
183.340054	-3.5291993876784455
183.360246	-3.2670054078792483
183.379985	-2.818818001672748
183.399989	-2.2821758661945704
183.420005	-1.9333060979203462
183.439997	-2.0546528685986516
183.459982	-2.6563799502871164
183.479945	-3.3576511520027994
183.500225	-3.6054780006035796
183.520097	-3.103718660359812
183.539981	-2.0835875115321634
183.560169	-1.1490983846060276
183.579996	-0.8043927486682414
183.599985	-1.0642446434956305
183.620057	-1.4789051710353733
183.640275	-1.523511080242491
183.660036	-0.9846489887111666
183.679999	-0.024371189542612394
183.700096	1.0650414394953875
183.720042	2.1260460044150586
183.740075	3.17241344241048
183.760439	4.224132549952689
183.779974	5.1701991917736185
183.800316	5.818732387275505
183.819986	6.080589086191987
183.840024	6.07691380175898
183.860132	6.044574730391778
183.879987	6.1200447681554975
183.899982	6.2052016070045495
183.920236	6.043055346057853
183.940028	5.4391053903239355
183.960244	4.4255009253513355
183.980058	3.2266598594202636
184.000085	2.072256356659162
184.020064	1.0314020356225995
184.04024	0.01448879868913894
184.059971	-1.0780838811869857
184.080142	-2.209116060135233
184.100004	-3.1884205251614084
184.120005	-3.792821235528684
184.13999	-3.91346087007308
184.160193	-3.6143793361997365
184.180112	-3.0763343631588462
184.19997	-2.4893255375033494
184.219974	-1.9804499188672537
184.240064	-1.6149924125215176
184.260267	-1.4461543450296759
184.280002	-1.53909368099668
184.300071	-1.921467769857991
184.320005	-2.487883596603298
184.340074	-2.977299624209977
184.360158	-3.1103747640606167
184.380215	-2.82157283976942
184.400032	-2.3786073102515197
184.420103	-2.219572170315754
184.440015	-2.586912072121573
184.460127	-3.2703468153195274
184.480014	-3.7273683541346543
184.49997	-3.5142999354650617
184.520051	-2.6584479109155184
184.540238	-1.6254768286307932
184.560168	-0.9073083708154318
184.579973	-0.6146785924321114
184.600209	-0.4380306867097854
184.619957	0.021525444108572548
184.639956	0.8890462884500547
184.660089	1.9490559695603193
184.679966	2.8843002186099116
184.699983	3.5523971284503273
184.719966	4.041883585930891
184.74016	4.501591149493979
184.760358	4.942451112642634
184.780532	5.2103997176844254
184.799963	5.138690001812041
184.820072	4.717935547738029
184.84002	4.1167135775840045
184.860012	3.533973836153317
184.879956	3.026018509069586
184.899976	2.4816844183843134
184.91997	1.782641355045164
184.939984	0.991815753370291
184.959979	0.3714559481067659
184.980112	0.17195612120017412
185.000103	0.3670765575082184
185.019971	0.5974250598739981
185.039935	0.4159750072128295
185.060208	-0.3516506417450488
185.079955	-1.4497037725458979
185.100004	-2.383310363891101
185.120221	-2.793666468058634
185.139989	-2.695214971721244
185.160202	-2.3904672325774907
185.179975	-2.1761010894364645
185.200266	-2.1116842289686684
185.219964	-2.0439643384257073
185.240033	-1.8287858186559678
185.260304	-1.528497066703463
185.279979	-1.3929473586408558
185.300379	-1.6266827544244946
185.320012	-2.151943275699631
185.340131	-2.6030606224443638
185.360126	-2.608321067401571
185.379965	-2.139355924136108
185.40079	-1.6022058265023424
185.419984	-1.5305245983579343
185.439993	-2.1051006497546436
185.459992	-2.921631148955095
185.479968	-3.2594357873725532
185.500203	-2.6605067621600984
185.520087	-1.3220661942383887
185.540055	0.0446022633192063
185.560225	0.7763717968043565
185.579972	0.7529001017083882
185.600026	0.4183059580733539
185.620234	0.35795197944059964
185.63999	0.8361081499889776
185.660014	1.6791929284052107
185.679985	2.5281592813667335
185.700418	3.1652654584062487
185.720048	3.6121917178925576
185.739977	3.9717946556729795
185.760202	4.226761705790025
185.779983	4.221194513544685
185.800101	3.83885993175869
185.820303	3.1836320512316467
185.840216	2.560737904752093
185.860023	2.2524205534749395
185.88	2.2894952862947275
185.900052	2.4273195215813157
185.920001	2.360477219706111
185.940051	1.978022656208539
185.960262	1.4285655881510855
185.980022	0.9515897460201087
186.00004	0.6465850839754523
186.020266	0.40311448579335196
186.040279	0.04033242860696315
186.06002	-0.49530008546714194
186.07999	-1.0717109959573448
186.100003	-1.4934299071484327
186.120354	-1.666890782863736
186.139984	-1.6479775207429646
186.160031	-1.546284242481261
186.180001	-1.4049178698268838
186.200062	-1.186642560453743
186.219991	-0.8728379703028263
186.240129	-0.5643998431840836
186.259977	-0.47021229603729253
186.27999	-0.7639753754630686
186.300049	-1.416325943084395
186.320133	-2.1487495323416996
186.340003	-2.584069527669216
186.360051	-2.5131485697756686
186.379969	-2.0775684202153832
186.400023	-1.6970939102986426
186.419963	-1.7566916502234637
186.439997	-2.2851701688523773
186.459974	-2.8940892101938127
186.479954	-3.0495975724376025
186.499977	-2.4718223246345046
186.520036	-1.3393776296368718
186.540021	-0.13867195591921203
186.560872	0.7023346379965308
186.580546	1.0929721642976702
186.600809	1.2701489890586435
186.620068	1.5553973936221124
186.640105	2.1081677027690593
186.659994	2.863422169100804
186.679968	3.6516461655556647
186.700041	4.354441965979269
186.719997	4.954221705551768
186.740024	5.462362672657251
186.75998	5.8237800388905105
186.779956	5.906257165704362
186.799969	5.59821974323325
186.81996	4.924233692359353
186.839932	4.064270413391412
186.860333	3.2421867508902724
186.879976	2.579336507415313
186.899989	2.0457957604572563
186.919967	1.548532799426886
186.939968	1.060995311631328
186.959939	0.6581292992959024
186.980082	0.4188009094779851
187.000013	0.3009815151371837
187.020012	0.12950036720433233
187.039996	-0.2765354541855576
187.060247	-0.9505685126469133
187.079981	-1.736552455208731
187.100031	-2.392246321827483
187.119999	-2.7420983490914104
187.140231	-2.7522994284414173
187.160333	-2.4933888484762434
187.179975	-2.06440497720455
187.200196	-1.5636352231416046
187.219989	-1.1104766787643554
187.240299	-0.8525074900887132
187.260346	-0.9093019069042565
187.280186	-1.2850485752951688
187.299964	-1.837328703667206
187.320019	-2.3471851503137584
187.340082	-2.6450364689827026
187.360024	-2.7032161444489766
187.379957	-2.635778905891767
187.399974	-2.6189750328333132
187.420221	-2.7885139100543017
187.439974	-3.1629694906337016
187.4604	-3.619735482466709
187.479975	-3.9349503345654018
187.499978	-3.8839087531485563
187.520225	-3.364212897745204
187.539986	-2.4675587791850093
187.560309	-1.4411351999262032
187.579951	-0.5505390451364816
187.599975	0.06402769598456323
187.620045	0.44233013435276464
187.640013	0.7484342034141898
187.660037	1.1576538940725323
187.679961	1.7640711710511807
187.699959	2.5433624429564126
187.719971	3.362262303203785
187.739946	4.0266290891514185
187.760414	4.361384418395378
187.77995	4.2943359152776255
187.799944	3.89431653526504
187.819953	3.3331940442724948
187.839968	2.7939807872258546
187.860217	2.387977849401343
187.88016	2.121493006682218
187.900238	1.910858396420306
187.919987	1.6189281619045137
187.940288	1.111794847820437
187.959988	0.3359000816132069
187.980214	-0.6192036135606647
188.000244	-1.5332946075243952
188.020281	-2.1701388495847267
188.03995	-2.4296199009114146
188.059966	-2.418270214705491
188.079961	-2.37168685944162
188.099964	-2.4851079847449413
188.119975	-2.786936933628285
188.139929	-3.146417861265076
188.159978	-3.3877689094947576
188.179974	-3.4097835872081634
188.200078	-3.222672411069947
188.220032	-2.905443680412239
188.240054	-2.5514852137499453
188.260079	-2.2492903248016183
188.280247	-2.092592172361189
188.29998	-2.1653621491277866
188.319993	-2.4724520899291162
188.339981	-2.8704353442067534
188.359976	-3.099370601923847
188.379985	-2.9554331844644426
188.400277	-2.4914036811492317
188.420231	-2.044913296979582
188.440006	-2.0105674978814716
188.460565	-2.506881736117816
188.4802	-3.232313808827662
188.500035	-3.6723261697073215
188.519957	-3.502819830873489
188.540011	-2.8441491142861843
188.559982	-2.1401899653083696
188.580092	-1.773542274354029
188.600248	-1.760350514137637
188.620011	-1.7757274129577103
188.64039	-1.4534050179690987
188.660894	-0.6759247614906774
188.680782	0.3779169302785643
188.700981	1.4237084524960602
188.719998	2.299747123915029
188.740267	3.0441298457033628
188.760517	3.787510660979331
188.780227	4.5767901737113
188.80004	5.282730256840931
188.820061	5.6642232722455494
188.840045	5.543183032946141
188.859987	4.9493721840050755
188.88019	4.1120663447276815
188.900232	3.294807111187086
188.919984	2.6205279161533173
188.940016	2.0431082358474573
188.959978	1.4771378094738126
188.980003	0.9357257417474153
189.00025	0.5218588480278612
189.01998	0.28572156911671753
189.040009	0.1184346705079883
189.059988	-0.17579262629100081
189.079976	-0.6889103916882039
189.100279	-1.2984660094878797
189.120213	-1.7576513938586833
189.140034	-1.8973737235200756
189.160396	-1.7425552580420258
189.179961	-1.4438423910492062
189.200044	-1.1220452858461858
189.22001	-0.7983588705111504
189.240245	-0.4633655865424156
189.260375	-0.18242131196295025
189.279988	-0.10404182106186156
189.300031	-0.3531813802415728
189.31999	-0.9176467873575747
189.339952	-1.638162329867789
189.36005	-2.3148597066071734
189.379955	-2.844074924465393
189.400039	-3.279794091224483
189.42001	-3.7719162133368145
189.439991	-4.41824109049834
189.459988	-5.126998607318579
189.480207	-5.602131665559834
189.499955	-5.4980814409795284
189.519973	-4.662897991865383
189.539972	-3.294138316335803
189.559955	-1.857328556349641
189.579989	-0.8007326759037732
189.599987	-0.2787245008931847
189.620288	-0.09628757010938678
189.640371	0.0958453011026107
189.659994	0.5414622925204813
189.680008	1.2683394729466675
189.700238	2.1603598651490032
189.720058	3.0763011873509525
189.739978	3.8857628882386206
189.760372	4.437640333739329
189.779961	4.582940711481716
189.800003	4.290066652936614
189.820244	3.7424138274346226
189.840034	3.278629904282563
189.860433	3.176126967988187
189.880202	3.4389015777245464
189.899977	3.7704438852950584
189.919958	3.761419015118229
189.940027	3.1576625240858567
189.960369	2.018265944369292
189.979962	0.6656198185221791
189.999974	-0.523816399204111
190.019995	-1.3445890721445206
190.040012	-1.8566614570162958
190.06023	-2.2866475367405528
190.079953	-2.8079810661714077
190.099969	-3.3679758849388843
190.119975	-3.7090706581634034
190.140008	-3.5875126875943892
190.159987	-3.01298286264336
190.179968	-2.292405799790764
190.199966	-1.8222368883468862
190.220227	-1.7975282768504617
190.23998	-2.0871278976873406
190.26	-2.3733959667839524
190.279974	-2.4140561651542662
190.300905	-2.2030404595134145
190.319965	-1.9302778929938018
190.339997	-1.8220330290529732
190.360425	-2.0097500112161337
190.380183	-2.5004544659101606
190.400479	-3.212135345455647
190.419954	-4.016816508097295
190.440009	-4.775535331383728
190.460252	-5.378952203429824
190.480346	-5.788292742693044
190.500479	-6.04338212498933
190.520661	-6.218870202351617
190.540056	-6.355814768019277
190.560268	-6.421765926543515
190.579983	-6.325009918812186
190.600246	-5.969241668087589
190.620323	-5.309702486970509
190.64002	-4.381283537481259
190.660232	-3.2926140891936297
190.679967	-2.188651824965536
190.699967	-1.1959340127202869
190.71997	-0.3763170835092664
190.740037	0.2803429856002092
190.760276	0.8201567994094372
190.779967	1.2793869206909896
190.800199	1.676408396836877
190.819997	2.044302588464784
190.840011	2.4564770886557215
190.860148	2.9975560169188498
190.879989	3.691935072378618
190.900029	4.457105776562824
190.919989	5.130610685478282
190.939973	5.548657590198876
190.959986	5.61607085755338
190.980013	5.333932603891243
191.000008	4.799694394597136
191.019984	4.200446295277262
191.039991	3.772730793488014
191.060434	3.6940011517169724
191.080102	3.949437992014885
191.100002	4.291623528679669
191.120226	4.373508642186516
191.139975	3.9887842024264035
191.159973	3.222148708728064
191.180012	2.367958638778424
191.199994	1.681788103553438
191.220005	1.1840747766660094
191.23997	0.689351911598116
191.260591	0.01817259182187324
191.2803	-0.8190498312205375
191.30013	-1.6275804697515726
191.320004	-2.1947256888404847
191.340055	-2.444171077985984
191.360911	-2.444528977116001
191.379967	-2.3035032176656007
191.400016	-2.0840097317031847
191.419965	-1.8206458886209724
191.43997	-1.5897962752688768
191.459977	-1.5128929569868688
191.480231	-1.6633691264382091
191.499986	-1.9757220351784235
191.519993	-2.265597315364957
191.540023	-2.367416322254371
191.560234	-2.2596190562014464
191.580346	-2.057306321289432
191.600269	-1.886065716301951
191.620017	-1.7835823314882637
191.640049	-1.7335586239343703
191.660587	-1.7744510268778144
191.679998	-2.021059451383823
191.700051	-2.5266178455684125
191.719975	-3.1197758402219407
191.74006	-3.4282732484351865
191.760082	-3.1419044532164095
191.780177	-2.30233655018071
191.799945	-1.3312817289369343
191.819958	-0.7282244696582733
191.83997	-0.6826175229789287
191.860128	-0.9400765492813702
191.879943	-1.0364142189045251
191.900082	-0.6818830729949299
191.920252	0.03843159401444197
191.939938	0.784856712833345
191.959941	1.2582907118271391
191.979963	1.408579408452608
191.999989	1.4173556402228507
192.020004	1.5187911307487785
192.040279	1.818221695134103
192.060641	2.2228641970471905
192.080049	2.504184417682981
192.100236	2.446613731986482
192.119983	2.003179374103999
192.139989	1.3614963898417474
192.159981	0.8461924463141263
192.180038	0.7002672854410766
192.200009	0.9022281587322889
192.220054	1.1787126509798018
192.240248	1.225366750447732
192.260048	0.9497893433448017
192.279982	0.5215417626826466
192.299972	0.18832020506092906
192.31996	0.04107970418196919
192.340018	-0.0480800856829524
192.359938	-0.27508180028668644
192.379963	-0.7020479354967177
192.400006	-1.202691362660402
192.420014	-1.5830105174044968
192.440235	-1.7315314356966554
192.46022	-1.6590280749750554
192.480207	-1.4358249202496944
192.499953	-1.1365962545639277
192.51996	-0.8548284882557035
192.540049	-0.7292932622417629
192.559979	-0.8967130623081089
192.580056	-1.3820997549077088
192.600007	-2.031546195958764
192.620003	-2.564904408103024
192.640234	-2.7216399883233193
192.660003	-2.4051593914200624
192.679981	-1.7514368099984752
192.700016	-1.0963648734427245
192.719976	-0.8375010500004233
192.740038	-1.2163253997204242
192.760278	-2.1201006611183706
192.779977	-3.0617168029292885
192.800035	-3.4285512652450088
192.820043	-2.8811977877996915
192.839946	-1.6101845116937816
192.859997	-0.22228637520478964
192.879956	0.6816613785782009
192.899987	0.9111753411731541
192.920327	0.7585680723514349
192.940029	0.7161146659591436
192.959927	1.1068824657585694
192.980028	1.9140922983348396
192.999974	2.8782216770360285
193.020171	3.7073167037960704
193.040044	4.221505773187797
193.060219	4.380166771003004
193.080039	4.251479518781496
193.100225	3.97618527467655
193.120223	3.718379848783767
193.140049	3.5925678395727987
193.160234	3.5978452788969872
193.18	3.616952974754393
193.20008	3.4945617841366534
193.220034	3.1458251922720017
193.240076	2.6092737954981353
193.259971	2.0030524742459357
193.280332	1.415439740300429
193.299995	0.8189109230352878
193.319995	0.08724881564725033
193.340091	-0.8876296677493215
193.360054	-2.062805961694085
193.379967	-3.210493977201784
193.399973	-4.028268093399992
193.419986	-4.3218896295402045
193.440036	-4.123678853867937
193.460032	-3.6547263376180057
193.479978	-3.1620260527001025
193.500041	-2.7628209521941063
193.520103	-2.423031552582997
193.539968	-2.0750721901145934
193.56003	-1.7615357247720302
193.580089	-1.6580022471513096
193.599966	-1.9330088080275059
193.620012	-2.5589521508958057
193.63998	-3.255809048664254
193.659984	-3.658033718001941
193.679993	-3.5925758922111117
193.700044	-3.22960401709258
193.719967	-2.9506242051956533
193.73998	-3.020303732050132
193.759992	-3.3370547004138236
193.779975	-3.4974271232485052
193.79997	-3.131937167538667
193.819975	-2.2210820065234778
193.840029	-1.1156557125547888
193.860238	-0.24785482445722812
193.879973	0.20691339096972344
193.900078	0.43230652077195647
193.920059	0.7752969113305627
193.940032	1.4509569400036155
193.960022	2.398121327037751
193.979982	3.3676872110860585
193.99999	4.127072661051393
194.020035	4.5965073960810665
194.039965	4.836194001511252
194.059978	4.933519107920491
194.079993	4.915869024793435
194.100072	4.763583277369989
194.120043	4.484718250118959
194.140037	4.148841699805796
194.159987	3.820748782500805
194.179995	3.445910603960646
194.200278	2.8198935680896526
194.219988	1.7187787187071146
194.240207	0.11210560568414918
194.260016	-1.725009103868896
194.279993	-3.3299366482634243
194.300086	-4.335498469185542
194.31998	-4.699116774047005
194.340006	-4.69302267033223
194.35996	-4.667146899873912
194.380002	-4.785618052605854
194.399978	-4.945745769952369
194.419971	-4.920229970352746
194.441091	-4.582366466110767
194.459954	-4.025499424118353
194.48	-3.492988458530468
194.500102	-3.1918262850080192
194.52036	-3.1499411559768253
194.540764	-3.229227474520522
194.560695	-3.2723046446380266
194.579968	-3.2520128106709834
194.600236	-3.2796594771961805
194.620321	-3.4546508372434253
194.640789	-3.7106013277508496
194.660971	-3.8342443873051875
194.680965	-3.6674671783701664
194.69997	-3.2998126338074445
194.720017	-3.0236113809804435
194.739976	-3.0513417623850345
194.75997	-3.2551542757162695
194.779973	-3.2094849916135075
194.799979	-2.5436383925153967
194.819997	-1.2985791844730976
194.840029	0.04438589752782579
194.859992	0.9073714439666869
194.87998	1.0411453287731116
194.90022	0.6844921839775027
194.920038	0.35770736759113675
194.940366	0.4909202739596369
194.96021	1.1789672494767072
194.980005	2.1949891828566965
195.000237	3.185287366818493
195.019976	3.881948151145506
195.039988	4.211640896937455
195.059983	4.277176692200029
195.079981	4.251883592159535
195.100222	4.260132329981255
195.120237	4.310945784423936
195.140215	4.313497438284476
195.159958	4.143326145812873
195.17998	3.705447605638533
195.199953	2.968700856779021
195.220283	1.9881411748613838
195.23996	0.9179055565500439
195.259972	-0.022583930272626843
195.279973	-0.6567340738217531
195.300072	-0.9834689196530583
195.32006	-1.2093789107888788
195.340046	-1.6052090274643003
195.359934	-2.2735257516587315
195.379997	-3.028237925316924
195.399978	-3.5140784078489427
195.420004	-3.480786373014044
195.440018	-2.9775615993602638
195.459979	-2.2990881836916155
195.479988	-1.7517505686890302
195.500097	-1.4641311595612945
195.520214	-1.3877191888385656
195.540237	-1.4403064639703393
195.559972	-1.602033494869143
195.579964	-1.8569007199013292
195.600975	-2.070648162759429
195.619973	-2.0011857320152813
195.63999	-1.5072478291176679
195.659989	-0.7818338332174537
195.680207	-0.33075420886573204
195.700085	-0.6149860197509348
195.720028	-1.6177044716751694
195.740033	-2.7374169086126083
195.760016	-3.1779575298015352
195.780052	-2.5528097880658027
195.800075	-1.1966184087419869
195.820063	0.1002184513970495
195.840298	0.7129650079883161
195.859983	0.630234253900343
195.879997	0.3744054140510395
195.900619	0.5145923964305521
195.920066	1.2296574183742497
195.940051	2.2660451793559075
195.960352	3.2362035748700917
195.979997	3.930318601814281
196.000019	4.379275130619528
196.020069	4.694365554514567
196.040058	4.901537781524436
196.059966	4.936135806926388
196.079987	4.7593995748032984
196.10007	4.442325752976799
196.120246	4.118834605601719
196.140409	3.856808772446476
196.159963	3.5739743475330767
196.17998	3.093243480053978
196.200027	2.296931301507494
196.219999	1.2438611597388747
196.240001	0.14953236041543488
196.259961	-0.7629669731586515
196.279974	-1.4120465296729563
196.299998	-1.8809635815469443
196.32005	-2.3032543085948163
196.339963	-2.722685061442977
196.360256	-3.058041458999461
196.379945	-3.190762756077635
196.39996	-3.0765693424211675
196.42043	-2.7728760867596036
196.439962	-2.3725210226264775
196.460957	-1.9335244865235746
196.480756	-1.480178061092681
196.500901	-1.0601790616201876
196.519967	-0.7742905306739927
196.540313	-0.7258993485901176
196.560019	-0.9230066348339977
196.579967	-1.2302040405562924
196.600064	-1.429445529908359
196.62006	-1.3620499705862614
196.640204	-1.045657316987622
196.660087	-0.6639359255340636
196.67999	-0.4301143947792889
196.700057	-0.42931915492910144
196.720037	-0.5632109853940727
196.739969	-0.638961264071679
196.760037	-0.5306030148531555
196.77998	-0.27537586661568886
196.800048	-0.03156572230246069
196.819968	0.05775028790426256
196.840261	-0.013950184850287421
196.859995	-0.09780155577985046
196.879964	0.01952285920068328
196.900058	0.48262718453045184
196.920234	1.2657788217096213
196.939956	2.1584750995176964
196.959988	2.8584201868916157
196.979999	3.1349235669361475
197.000232	2.972478612544769
197.020273	2.590852502522529
197.04029	2.303857467165786
197.059979	2.30648740448482
197.07998	2.5472350565935553
197.1002	2.785624190229458
197.120231	2.785687874425316
197.140021	2.4895692316687996
197.15998	2.036585109503088
197.180249	1.6266047422645598
197.200024	1.3467292811033484
197.220089	1.1035287884390352
197.240019	0.7088983887645605
197.259978	0.043998447953349354
197.280018	-0.8280323973421395
197.300025	-1.6848709000571402
197.320756	-2.2811204586947507
197.340245	-2.4971764419030777
197.360051	-2.393245030054046
197.37998	-2.139955250750107
197.399976	-1.8867013211555306
197.420265	-1.6739188418678457
197.439986	-1.4519099032985032
197.460013	-1.1762015124821301
197.479978	-0.8890510612935545
197.500012	-0.7024247631000935
197.52005	-0.6852813287899195
197.540031	-0.7629657027614297
197.560188	-0.7465112548055292
197.580046	-0.5035876260363491
197.600001	-0.1319860530514658
197.619994	0.05389512203412054
197.64006	-0.230572673718661
197.660216	-0.9504589743981005
197.680233	-1.6973824615663649
197.700202	-1.976323460764849
197.720014	-1.6187172179383933
197.73999	-0.9523261063688635
197.759951	-0.5507854516965331
197.780303	-0.7621458181664885
197.800002	-1.4261594896776317
197.820036	-2.0168752755270956
197.840001	-2.065464194038964
197.859993	-1.486221684892085
197.879975	-0.5550270793193847
197.900026	0.3792772623597025
197.919985	1.1561136748868763
197.940013	1.8258615031234888
197.959941	2.4732551568188303
197.98011	3.0525103573463146
197.999987	3.4019099279847658
198.020012	3.416687236189014
198.040194	3.2039245979895594
198.060779	3.0473362475101653
198.080629	3.1826953966044615
198.10024	3.574198710474145
198.120055	3.9043909981805323
198.140235	3.816338462345904
198.159972	3.211974084370083
198.179973	2.343348138127125
198.200011	1.6108178025527184
198.219988	1.2433650558692517
198.239969	1.1429241759846274
198.259958	1.0128828878236356
198.27997	0.6315846909384369
198.300074	0.023309776513558665
198.320314	-0.5970670422454118
198.340037	-1.0140705649181128
198.360055	-1.1544748960147506
198.380004	-1.08795367256217
198.400001	-0.9361798884460568
198.420012	-0.7983745293647768
198.439994	-0.7365812480268596
198.459992	-0.7950237747562527
198.48034	-1.0049813585129856
198.500017	-1.3595886391134269
198.520041	-1.7787731259287773
198.539987	-2.1085108105708965
198.559991	-2.189473195025143
198.580061	-1.9810446665276675
198.599998	-1.6579799896217107
198.619995	-1.568515466334218
198.640639	-2.0265980781433965
198.659989	-3.0613913627723575
198.680202	-4.3344025987600965
198.700072	-5.327117245354669
198.720362	-5.673972815174616
198.740036	-5.3835489248725175
198.760229	-4.775959922562819
198.780123	-4.2099309878352305
198.799982	-3.8346689474578914
198.82001	-3.549411114218062
198.840015	-3.153131516227937
198.860005	-2.521630565088267
198.879946	-1.6713658468209265
198.899963	-0.6957810432530881
198.920003	0.3313509354111433
198.93999	1.3885689076682095
198.959967	2.452072097988737
198.980012	3.4210058826342875
198.999996	4.110960668854127
199.019992	4.352328118302437
199.040003	4.1302745982211295
199.059995	3.641338342161375
199.080017	3.188482456196452
199.099985	2.9759887933249716
199.119981	2.9754732021051162
199.140037	2.9860812350886703
199.159989	2.8437548430091852
199.179999	2.588135673029673
199.199964	2.4270270116394044
199.219994	2.5283433936147386
199.239975	2.8353080691376333
199.260202	3.0783087694845173
199.279975	2.9691529282339895
199.299983	2.4067245927751197
199.320009	1.5351992191551003
199.339977	0.6308590072161439
199.359964	-0.07713768695809843
199.379995	-0.5282336086992265
199.399967	-0.8344530640765369
199.419997	-1.1788304509075225
199.440016	-1.6761178425751564
199.459959	-2.287847199059051
199.479969	-2.8669505686322005
199.49998	-3.3042310398643893
199.519984	-3.6356233746082665
199.540033	-3.973425760685421
199.559928	-4.3116432922309755
199.58002	-4.431353298980139
199.599964	-4.073112232697211
199.619963	-3.256338416107809
199.640005	-2.4017123670180562
199.659989	-2.054725025899155
199.679984	-2.409621877133905
199.700931	-3.0895736788398755
199.720349	-3.4308356064811045
199.740011	-3.0332089693461364
199.759949	-2.0689243836683935
199.779957	-1.0717778041021104
199.799968	-0.43787700500698085
199.819993	-0.12378222472757093
199.840141	0.20430408890638355
199.859989	0.7823247431322231
199.879957	1.529509630953312
199.900221	2.1801180262640356
199.920275	2.5751721353857997
199.940862	2.7939282932313203
199.959965	3.0206779449531314
199.980067	3.3270724894340993
200.000009	3.6059032457892064
200.020227	3.6943120718224676
200.040037	3.5458707375822542
200.059975	3.280780726237322
200.080192	3.0812442564423677
200.099982	3.036705116709572
200.119998	3.0672760208666507
200.139971	2.978462679257518
200.15998	2.5891942356227915
200.179996	1.8357413866805707
200.200003	0.7862025557092207
200.219988	-0.422700758448802
200.239973	-1.6601258218748929
200.259954	-2.8228100358544235
200.279986	-3.805307958527595
200.300278	-4.477202646620219
200.32013	-4.714814621994178
200.340259	-4.477403473816851
200.360196	-3.8580226546912217
200.380006	-3.053746372946504
200.400045	-2.2716618414310807
200.420065	-1.6477711130850767
200.440036	-1.2351476858993418
200.459995	-1.0400405823875576
200.479979	-1.037623147998676
200.500033	-1.140985698510373
200.51999	-1.1808554593222533
200.539971	-0.9704770921533229
200.559981	-0.4433141982766791
200.580037	0.25404237764132614
200.599981	0.8259048900076567
200.620026	1.0250569985734224
200.640036	0.8299833413096608
200.66101	0.4498614875859321
200.680252	0.14898450732660887
200.699984	0.04580104049977657
200.719977	0.05872738403702972
200.740005	0.024550154871332646
200.759983	-0.13464645718182924
200.780064	-0.35356963262252217
200.799999	-0.5151934853518486
200.820006	-0.5834525477617623
200.840075	-0.6429473754552658
200.859986	-0.8111713901865513
200.87999	-1.115786817569458
200.899992	-1.4573866772927884
200.920226	-1.6919303717509016
200.940004	-1.7532502421676455
200.960041	-1.7039518967867853
200.980033	-1.669164831062961
201.000063	-1.7180281982310053
201.020227	-1.801712644347265
201.040075	-1.801040114689127
201.060011	-1.6397020593236886
201.080207	-1.3631948745709754
201.100315	-1.1146718036096983
201.119955	-1.0269509412734
201.139957	-1.1210041486812474
201.159952	-1.2891411563778608
201.17995	-1.3723498819769357
201.200029	-1.2707600888563513
201.220192	-1.002767033217755
201.240281	-0.6689601412271501
201.259988	-0.3527161176173091
201.280061	-0.03792179040620322
201.299977	0.38296519733659623
201.319981	1.009128722614324
201.340019	1.8218282534541435
201.360213	2.669007912488664
201.379953	3.3711623251437
201.400268	3.8628521839419245
201.420033	4.233260412689972
201.440043	4.616239864917779
201.459994	5.019085344151067
201.479965	5.249925946254029
201.499963	5.026068111518384
201.520212	4.18888376935609
201.539982	2.8535146596099916
201.559953	1.3716725915200767
201.580179	0.1257193303865791
201.599962	-0.7013044612559198
201.620027	-1.2240799346888482
201.639963	-1.7661135688028577
201.659964	-2.647558037608291
201.679954	-3.9818367035765942
201.700031	-5.592666874323487
201.719988	-7.0958152737454405
201.739952	-8.099428772892573
201.759942	-8.409804343944657
201.77994	-8.116972151067161
201.800169	-7.510074212615859
201.820904	-6.889349666550995
201.839954	-6.414069941309715
201.859943	-6.087999960351921
201.880044	-5.856514908842433
201.900438	-5.695296305687296
201.920389	-5.605490901353829
201.940499	-5.536018605600344
201.961111	-5.3490504226915245
201.981132	-4.904592786260469
201.999987	-4.2063001950943475
202.020213	-3.455349817767405
202.039988	-2.9115341979919194
202.059972	-2.64152753372836
202.080274	-2.38388986033802
202.099992	-1.702802124201608
202.119982	-0.35025517779826515
202.140006	1.4604932224314626
202.15995	3.1362550762830494
202.180051	4.113525885069977
202.200018	4.27162480057667
202.220022	4.001981048688434
202.240256	3.8737058110403186
202.259966	4.177133848145318
202.280345	4.727173098835934
202.299968	5.0701604955006365
202.31997	4.891672080124379
202.34004	4.266404933056141
202.359965	3.5565541245996237
202.380024	3.086361919064628
202.399974	2.896837518850589
202.419967	2.7802363755648134
202.440095	2.529817505734349
202.45997	2.1518303145412805
202.479983	1.843821069940722
202.500015	1.7743478767336012
202.520037	1.87872928264423
202.540052	1.861027146647644
202.560025	1.3959292903121385
202.580157	0.35357512226694005
202.600216	-1.1362990743113455
202.619958	-2.8021930959624943
202.639958	-4.401325218792824
202.660102	-5.794175433963353
202.679989	-6.903880546614338
202.700112	-7.65326772277711
202.719981	-7.960899786212659
202.740051	-7.796086892322896
202.759983	-7.2184748564395225
202.780002	-6.351040852226639
202.799972	-5.316277152838168
202.820005	-4.199703352102769
202.840019	-3.0686831648706723
202.859975	-2.0103871992115736
202.880049	-1.1339774287518354
202.899996	-0.5136915976008596
202.919974	-0.11967213682376754
202.93995	0.18915890562412738
202.960019	0.5740918645528197
202.979955	1.0780059893667076
202.99997	1.5521814671997076
203.020012	1.73152602236467
203.039981	1.4298858313635108
203.05997	0.7042269812560081
203.079994	-0.15544728614113318
203.10025	-0.8139489854513884
203.120058	-1.1018323741159202
203.140221	-1.0836972520372747
203.159926	-0.9475904676281096
203.179999	-0.8398802641131523
203.199962	-0.7933344042027473
203.219994	-0.7731471083114325
203.239966	-0.7456601281231046
203.259963	-0.685170030141327
203.279978	-0.5402558250293455
203.300035	-0.2357084295753777
203.320004	0.2626055699792444
203.340007	0.8880523522400322
203.360237	1.4976846212627533
203.380072	1.9701454559629918
203.399965	2.2841881830407558
203.419986	2.5052194084691712
203.439963	2.7084469644519333
203.459954	2.9191427063282727
203.479958	3.1157633103042364
203.499966	3.268961345350716
203.519964	3.364926270345408
203.540005	3.4009330105574427
203.559977	3.379982177766954
203.580017	3.3194375360505113
203.599987	3.2497223913221003
203.620242	3.1869238797875417
203.639967	3.101065120639814
203.660004	2.924968625393397
203.679969	2.6133697516982703
203.700236	2.202402581730647
203.719979	1.803091301183105
203.740012	1.5203286926665158
203.759971	1.364772529090387
203.780031	1.241222122542578
203.79995	1.0276886600120185
203.820012	0.6741120465758441
203.840054	0.23543440983711492
203.86053	-0.18150572357820272
203.880517	-0.500088283671254
203.899996	-0.7117646360574723
203.92006	-0.8506342065179826
203.940048	-0.9455817680847466
203.96	-0.997389893569708
203.980291	-0.9937837799403904
203.999993	-0.9374625284712793
204.020199	-0.857225662251043
204.039931	-0.7959777695228875
204.06027	-0.7912193921483457
204.080171	-0.8638661831162809
204.099964	-1.0178376808343768
204.119989	-1.2402468417300703
204.14024	-1.4963512264933228
204.159957	-1.7294671994812905
204.179992	-1.8784087288327753
204.199975	-1.9106124311227306
204.219982	-1.8472973591385966
204.240041	-1.7545706868628803
204.260007	-1.7008893359266937
204.279983	-1.7122851098727883
204.299971	-1.759140395008201
204.320003	-1.7858834801553969
204.340064	-1.7559233039815307
204.360008	-1.6737756554586918
204.379945	-1.5718848640057446
204.399956	-1.4796132276031226
204.419962	-1.4052235327650306
204.440018	-1.3420166572630379
204.460043	-1.2844217494742483
204.480024	-1.2339400152701203
204.499972	-1.1909415332627207
204.519977	-1.1459635152402579
204.540002	-1.083292810000789
204.5602	-0.9914165881906867
204.580049	-0.868998687657291
204.600253	-0.7243509835484444
204.61997	-0.5724407495677828
204.640085	-0.43390528283564445
204.659986	-0.33158027572160953
204.679951	-0.2792886867214202
204.70016	-0.2703973865880429
204.720029	-0.2779496048157513
204.740067	-0.2682795546667993
204.759982	-0.21555146402480008
204.780047	-0.10628266583708522
204.799982	0.06329695489974023
204.820016	0.28377745628145334
204.839987	0.5235588863648354
204.860249	0.7305185953747391
204.879974	0.8576943057892976
204.900064	0.9002621799433888
204.920391	0.9088771565882205
204.93995	0.9582377963235024
204.960262	1.0910082952191764
204.979993	1.284036908283487
204.999987	1.4665622901831568
205.019974	1.5750301547079322
205.039979	1.5973927880212897
205.059948	1.5734960060072871
205.080016	1.5586826927554367
205.099996	1.5843748608737767
205.120257	1.6440413848678723
205.139958	1.7062775646419406
205.159989	1.7381648538153947
205.180043	1.7220736467397855
205.200206	1.6603092530229424
205.220208	1.5704102761747136
205.240022	1.474355842044672
205.260185	1.385807014675039
205.280013	1.304013511685814
205.300196	1.2198082904865257
205.319977	1.1286005731246056
205.34001	1.0380147085899476
205.360206	0.9596937309323221
205.379962	0.89265600661335
205.399958	0.8178673058000506
205.420034	0.7131047829676092
205.439953	0.576178075989616
205.460713	0.4323390434560895
205.479964	0.31537799680011275
205.499962	0.23861135710031978
205.520335	0.18358583156807717
205.540518	0.11738829867068526
205.560685	0.022704164776039124
205.58114	-0.08798445672365425
205.599984	-0.1867864486049056
205.62021	-0.2577651366575897
205.639997	-0.31087955959342417
