42.100028	-6.393126691281796E-5
42.120033	-2.0730636312961577E-4
42.140013	-3.0272987378537653E-4
42.160371	-1.749194718331098E-4
42.180023	2.0734926465749745E-4
42.200002	4.7151024113893517E-4
42.221081	8.402633039653306E-5
42.240019	-9.427310817003247E-4
42.260031	-0.0016035496529370544
42.280265	-6.854363704651593E-4
42.300239	0.001648930040505529
42.320314	0.0031181321830332284
42.339983	0.0010899908581823116
42.360048	-0.0041106793739765874
42.380185	-0.007547580425834656
42.400215	-0.002160975850626826
42.420131	0.015765992968890072
42.440211	0.04281808916289807
42.460116	0.07004131857830287
42.480082	0.08894298314834535
42.499978	0.09700298789349794
42.520079	0.0982397139806211
42.540035	0.0988012701701969
42.559989	0.10190373022406997
42.579983	0.10620135509101153
42.599967	0.10804812419472636
42.619973	0.10507477127189337
42.640187	0.0979168545108974
42.660011	0.0895012672648549
42.679968	0.0830977315563142
42.699969	0.08064648325428965
42.720252	0.08196469468148947
42.739964	0.08495231177038255
42.760243	0.08677148483349978
42.779965	0.08558340318094496
42.799975	0.08184154814172985
42.819967	0.0777821535196483
42.840055	0.07560961008548141
42.859993	0.07570425226967036
42.879959	0.07642492119717302
42.899953	0.07583065777441862
42.920235	0.07360111634570661
42.94028	0.07129549860900046
42.959984	0.07097873035321535
42.979956	0.07334677996259925
43.000378	0.07711834330114721
43.020624	0.08018723584178984
43.040869	0.08132845421268345
43.059981	0.08088944607559441
43.08019	0.07999113424619732
43.099964	0.0790900838915795
43.119986	0.07734257269541324
43.139974	0.07339236459998788
43.159972	0.06681392358978096
43.179986	0.05895525308110418
43.199988	0.05237679751307666
43.220015	0.04934961997446715
43.239979	0.05064337917994262
43.260156	0.05514331748783291
43.280479	0.06056847562798262
43.300001	0.06473473748769762
43.320102	0.06663536937444804
43.340027	0.06689384597395062
43.360079	0.06712439539523127
43.379991	0.0686676336099327
43.400213	0.07175443311297
43.420184	0.0758365672077238
43.439989	0.08087211647379694
43.460006	0.08805087450476586
43.479991	0.09894061421301363
43.500005	0.11343091989453137
43.52005	0.12830074539933203
43.540012	0.13838482134079633
43.559977	0.13993484900462627
43.580014	0.13393153187163764
43.599972	0.1262671396715313
43.620113	0.12417022508301435
43.640135	0.1312243413150996
43.660119	0.14465646116126477
43.680072	0.15744897701124846
43.700264	0.16353650579178927
43.720057	0.1618204667867482
43.739976	0.155908619209373
43.759976	0.15039316839105785
43.780003	0.14727063395774964
43.800743	0.1456611018957853
43.820021	0.1442129016981512
43.839972	0.1429705261382103
43.859966	0.1427889954952926
43.880068	0.1435600930261731
43.900068	0.1438504369577497
43.920351	0.14248512656285464
43.939987	0.14006357695802157
43.960241	0.13830676484821738
43.979979	0.1378886940181226
44.000005	0.1374129825748771
44.019993	0.13490812675590816
44.039974	0.13009298053364163
44.060015	0.1248418728694409
44.080065	0.12116271535530683
44.100225	0.11915007142688339
44.120029	0.11731093967636524
44.139983	0.11472182145286204
44.159981	0.11234538817586305
44.180061	0.11177854759163855
44.200052	0.11299075177172126
44.219984	0.1138932907398522
44.239973	0.11224433657263516
44.260234	0.10802745750943127
44.279958	0.10376039364535511
44.299925	0.10248608771667478
44.320049	0.10543308010359108
44.339954	0.11116165682266056
44.360005	0.11669643903586269
44.380049	0.11942048787910639
44.399974	0.11872619507121446
44.419993	0.1163087059803188
44.43995	0.11484857652352452
44.459995	0.11583489863773287
44.479996	0.11808037325589357
44.499989	0.11840529432420432
44.519994	0.11415001575922072
44.539968	0.10569970925353471
44.559999	0.09667210911242069
44.580026	0.09160913346453607
44.599989	0.09300060615402458
44.619992	0.0998167616689384
44.639959	0.10861918128588796
44.659964	0.11587389164681731
44.679962	0.1197422132208109
44.700011	0.12032663244780303
44.719972	0.1188590766462177
44.739959	0.11678971503558458
44.761075	0.11533282957254051
44.780265	0.11531339109863341
44.800082	0.11696505806808473
44.819997	0.11979987356372176
44.840194	0.12279756267843843
44.860529	0.12508387056989065
44.880279	0.12647103195968867
44.900052	0.12745801806268095
44.920016	0.12849619641875326
44.939962	0.12931059810258438
44.960036	0.12892853138311203
44.980023	0.12657960819088518
44.999984	0.12275539166816474
45.02	0.11926888453156052
45.040197	0.1181751239299029
45.05997	0.12030720426988005
45.080083	0.1248272474854708
45.100226	0.1300173615223915
45.11997	0.13456200019811992
45.139965	0.13803996589243414
45.16	0.1404492979205281
45.180004	0.14162260238105953
45.20003	0.14133412520267072
45.219952	0.13988994919441045
45.23997	0.1382943018966763
45.259972	0.13783059143692553
45.280004	0.13904911204852463
45.299971	0.14133535069967212
45.319962	0.14322284615855224
45.339959	0.14303573138740958
45.359973	0.1398183148670703
45.379992	0.13395910874046682
45.399961	0.12728085061477123
45.420861	0.1223040246187329
45.440188	0.12074034479901494
45.460196	0.12216770792962614
45.479977	0.12415336040024158
45.500215	0.12408515790826974
45.520913	0.1213411811853528
45.539963	0.11793826761480869
45.559981	0.11678787696302535
45.579983	0.11891545004023908
45.599977	0.12233967094616295
45.620245	0.12383499611224832
45.63997	0.12209111183402241
45.659963	0.11941550122363268
45.679976	0.1198772794707835
45.699965	0.12534164150926172
45.719989	0.13311524738923916
45.739947	0.1376177645854056
45.75997	0.13505591998703478
45.779951	0.126695875006935
45.799995	0.1178402941986114
45.81999	0.11330611280882653
45.839989	0.113635746663031
45.859978	0.1155066051516533
45.879986	0.1156140207342446
45.899987	0.11400354492599367
45.920224	0.11364776809611322
45.939963	0.11697023249471485
45.959981	0.12289614732115269
45.980376	0.12744369567524785
45.999969	0.12707996784663197
46.020015	0.12165759451478124
46.039968	0.11425499781813918
46.059971	0.10830941625975671
46.080594	0.1050816464278251
46.099985	0.10369938681164086
46.120244	0.10330777157618999
46.139975	0.10481368051516415
46.160214	0.11033711787943842
46.180084	0.12085999360209407
46.199983	0.13451916373048425
46.22004	0.14736780897570845
46.239966	0.15568465516895655
46.260054	0.1580181726573199
46.280642	0.1554141043763697
46.300077	0.15022253400183022
46.320032	0.1449893294466525
46.339956	0.1420516705320567
46.359971	0.14325378251590723
46.380314	0.14928458429377378
46.400442	0.15881032504993975
46.421121	0.16857406027443114
46.43996	0.17512729610577824
46.459986	0.17713024282105863
46.479985	0.1762730730953962
46.499997	0.17574252826652229
46.520032	0.17762649399909677
46.539977	0.1813935679439128
46.559971	0.1846228442734689
46.579973	0.18501587882580756
46.600019	0.18170750404333774
46.620236	0.17520957981276206
46.639968	0.16666100895538039
46.660243	0.1575694202637583
46.679994	0.1499987449240238
46.700218	0.14620574474612777
46.719989	0.14720143269419075
46.739991	0.15134053439223466
46.760056	0.15486835237190424
46.780064	0.1545558146924168
46.800264	0.15036834570024313
46.820011	0.1454044435619444
46.839976	0.14277352571988106
46.860048	0.14214660129924114
46.879976	0.1397897198075831
46.899954	0.13233060845396816
46.920226	0.12075715753334758
46.939968	0.11048127623973786
46.959986	0.10699515079252422
46.979976	0.11115715022916202
47.000051	0.11850533007942742
47.020263	0.12329897078020274
47.040222	0.123302796751374
47.060212	0.12092305170066359
47.080013	0.12017361031301618
47.10028	0.12268464336998162
47.120251	0.12645858140175348
47.139977	0.12793894286811053
47.160307	0.1250392003810704
47.179972	0.11852375377376079
47.199984	0.11113945350345968
47.219973	0.10579841293724178
47.240614	0.10441207069382369
47.260244	0.10753575530970692
47.280236	0.11442450523875655
47.299956	0.12324736701590419
47.31999	0.1315623843263567
47.341058	0.1374502321533561
47.360259	0.14065361119689646
47.379963	0.1426450111977875
47.400046	0.1453369136076927
47.420251	0.14945686887879672
47.439963	0.1539267198814601
47.459976	0.15705625292574757
47.480093	0.15854550910955964
47.500177	0.16024410897650418
47.520027	0.16467775763702097
47.539979	0.17233105410016777
47.559986	0.18025745292330678
47.579989	0.18377126836195587
47.600021	0.1802233911789745
47.620196	0.17184399465735256
47.639975	0.16465569789072573
47.660235	0.16397336585780384
47.680244	0.1701082674657464
47.699987	0.17812572835748497
47.719984	0.18200007935394943
47.740062	0.17959871331095695
47.76013	0.17412538592187168
47.780292	0.17080784905109406
47.799971	0.17193895861718952
47.820058	0.1749140071509093
47.839965	0.17476411113778353
47.859956	0.1686707025734216
47.87994	0.1581841602955222
47.89997	0.1474083678593487
47.919969	0.1393383055445671
47.939951	0.13399419513129893
47.959957	0.12975083182109595
47.979982	0.12582158667913673
47.999982	0.12314212605946663
48.020091	0.12298141401838959
48.040029	0.12512130061888693
48.060025	0.1277014678678483
48.080217	0.1286344598067313
48.099976	0.12686334316669998
48.120123	0.12249544666843712
48.139968	0.11619477274355293
48.160247	0.10884240523573757
48.180212	0.1016810025813222
48.200232	0.09626875704981688
48.219967	0.09362353242327573
48.239965	0.09335929915018377
48.26001	0.0937381193959862
48.280013	0.09287235187912288
48.30024	0.0900854635485202
48.320169	0.08631261237651408
48.339996	0.08331439973726276
48.360253	0.08260816853379907
48.379991	0.08490492362439332
48.400219	0.08997283183274864
48.420541	0.09661410868719218
48.440755	0.10279511557114124
48.460668	0.10604106712189915
48.480102	0.10445570956669152
48.50004	0.09780275622777941
48.520012	0.08780139050968289
48.540279	0.07737841246796849
48.56004	0.0692058038558334
48.579985	0.06447458073245586
48.600013	0.06265411906704306
48.62	0.06236010091971159
48.63996	0.06278927307155133
48.660061	0.06431766413705647
48.680028	0.06759226845391093
48.699998	0.07211541804338396
48.720063	0.07560807274325491
48.739993	0.07531045127668083
48.759976	0.07029468195960224
48.77998	0.06274295708602069
48.799998	0.05672317555945217
48.82002	0.05538754721433224
48.840215	0.05891831267123818
48.860002	0.06487126472638252
48.880006	0.07058335042308568
48.900292	0.0751475855729133
48.920076	0.07930798554906546
48.940183	0.08373186928358675
48.960063	0.0877704983704984
48.980183	0.08968839065401854
49.000314	0.08804710881743132
49.020081	0.08288187945563195
49.040009	0.07585649408769311
49.060095	0.06948773917804658
49.080057	0.06588097136632502
49.099948	0.06563624956757128
49.120026	0.06719161743749676
49.140233	0.06755556591602864
49.16004	0.06428194571079016
49.180007	0.05724743061634005
49.20028	0.04889628926764728
49.220013	0.04257275883019865
49.240057	0.04028119398955106
49.260089	0.04163225292004943
49.280316	0.04462124449584186
49.300089	0.04719197562664151
49.320009	0.048176391043797145
49.339983	0.04707747676541508
49.360057	0.043934938743504896
49.379933	0.03974278132297397
49.400288	0.03658330160174072
49.420048	0.03666926384522021
49.440183	0.04030604216103554
49.459995	0.04496570281370283
49.479965	0.04689184497350456
49.500031	0.04419376673992574
49.520145	0.038378039124929895
49.539999	0.03278542718176842
49.560074	0.029196443533682812
49.580049	0.026016196587491033
49.599929	0.01988088976478279
49.620039	0.009283966756638888
49.63996	-0.0033488189537584792
49.659973	-0.013124760800275206
49.679944	-0.01626520024702549
49.700011	-0.01293577762170136
49.721032	-0.00694349645408988
49.740105	-0.002759618511846661
49.760381	-0.00254012435952723
49.780702	-0.0052825727698832745
49.800663	-0.008250232772451639
49.821076	-0.009025073411551116
49.839964	-0.006772241863515972
49.859967	-0.002161775024935603
49.879968	0.0034558901574343434
49.899991	0.008719782475054262
49.920024	0.012569973692271114
49.94019	0.014469280423349141
49.959987	0.014773720311766865
49.979957	0.0149232993285805
50.000205	0.016856503303542738
50.020032	0.021704916789850592
50.04012	0.02847255454206765
50.059992	0.03401503357858956
50.080217	0.03480695171556175
50.100039	0.02938938330405951
50.120086	0.019700952734407782
50.139984	0.010031389167928693
50.160039	0.004195257735592125
50.179991	0.0030762380524665114
50.199965	0.004493325932720305
50.220152	0.005372591134524343
50.239963	0.004407651080545783
50.259966	0.002860558581990004
50.2802	0.0028562411239206795
50.300007	0.004874438201123476
50.319984	0.007011998896938561
50.339973	0.006784433449819683
50.360216	0.0038571779512971646
50.379988	8.313724681943656E-4
50.400012	0.0011495652166545387
50.420071	0.005870726423165202
50.439972	0.012360992139884829
50.460323	0.0163541842715621
50.47998	0.01562680325829982
50.500195	0.011989483923131225
50.520046	0.009750553899389506
50.539979	0.011990461269763112
50.560292	0.01793294656924903
50.58001	0.02357981221130192
50.600023	0.02492770201619268
50.620077	0.021044107560884956
50.639963	0.01469554549330771
50.660218	0.010176390787592533
50.680277	0.010325149188241362
50.700019	0.014770296518796678
50.720062	0.020439498358166216
50.740063	0.023925165739780672
50.759966	0.023799219093391295
50.779986	0.021406112616118786
50.800035	0.01955312419778407
50.820064	0.02023822293389142
50.839972	0.02318962283796669
50.859985	0.026288297919219727
50.880232	0.027267412572407723
50.899978	0.025098694157019253
50.920221	0.020209822484436635
50.940237	0.013595820516026024
50.959979	0.00584614480136037
50.979993	-0.0028774580485314127
51.000053	-0.01213716408338845
51.020046	-0.020390688835293064
51.040067	-0.02506083168978393
51.06003	-0.02393700294424593
51.079995	-0.01705105629060864
51.100014	-0.007467682587623596
51.120241	1.5628923959433967E-4
51.140187	0.0024932132320374255
51.160303	-3.641965685546415E-4
51.179968	-0.005484672517746689
51.200027	-0.009902229065415264
51.220117	-0.013152708190143109
51.239977	-0.01701118473280371
51.260061	-0.022814264657050377
51.279961	-0.028860609965822088
51.299924	-0.03071734616155922
51.320156	-0.024670507637211677
51.341045	-0.011309198825246093
51.36023	0.003909366432899238
51.380229	0.01397823778820336
51.400226	0.014954198684281113
51.42053	0.008523566122934225
51.440643	7.078697688549742E-4
51.460822	-0.002093409039309621
51.479973	0.0031776847651630645
51.499984	0.015203583305305244
51.52012	0.030029910109800103
51.539992	0.0437578176727295
51.560234	0.054001212708506
51.580222	0.059648111697575446
51.599978	0.06034699596884847
51.620269	0.05692532183335722
51.640008	0.052327835150018334
51.660047	0.0510590568588525
51.679988	0.05645509646005035
51.699968	0.06780242928854228
51.720124	0.08008373599861564
51.740021	0.08742207380652428
51.760008	0.08743487509691712
51.780012	0.08272151997483077
51.80006	0.0784208187201947
51.820161	0.07808207206777336
51.840071	0.08170982855638266
51.860367	0.08706016748605669
51.880057	0.09227906254218518
51.90002	0.09714642048118115
51.920279	0.10206201258054377
51.939974	0.10645653648102285
51.960287	0.1087815485511631
51.980096	0.1079043391271174
52.000019	0.10419793529559675
52.020051	0.09910625982899963
52.039968	0.09360314429613949
52.060025	0.08748847844813168
52.079968	0.0803778952268213
52.100026	0.07322454216880503
52.120135	0.06845201034909786
52.139966	0.06794381635324659
52.160241	0.07079560855747162
52.180025	0.07322238789892495
52.199979	0.07135464972863495
52.220258	0.06468811918208305
52.239969	0.05677026723837258
52.260208	0.052213921105810995
52.279973	0.05254527240588964
52.299993	0.05466971763997972
52.320275	0.05340539799746276
52.339982	0.04618962487884166
52.360351	0.035750362876442086
52.380213	0.028433575305926807
52.400628	0.029697352163392303
52.420253	0.04022607173514068
52.439958	0.05559488550133408
52.460004	0.06943948575818237
52.480042	0.07748211193246247
52.500891	0.07943900008363725
52.520141	0.07807644775646029
52.539998	0.07666452240693271
52.559955	0.0770491652156204
52.579963	0.07931103111560943
52.599976	0.08254596169783172
52.620286	0.08578184316331744
52.639971	0.08833443278705479
52.659989	0.0897202098527789
52.679956	0.08964044733203946
52.699972	0.08830030143921079
52.720151	0.08650493251000936
52.73997	0.0852852440823674
52.759972	0.08513350958911478
52.779981	0.0855604818666369
52.799988	0.08544475146881642
52.820237	0.08384290003096759
52.840208	0.08060188034594057
52.860065	0.07627832161187828
52.879999	0.07158933890311422
52.9	0.06699958306153417
52.920245	0.06281089647572338
52.939978	0.059658038812547914
52.959992	0.05855883456191719
52.980016	0.06017787624613642
52.999916	0.06391056202669743
53.020209	0.06771882459857463
53.03996	0.06918197033347785
53.059984	0.06712865992525519
53.07997	0.0622503111254573
53.100018	0.05622276409201027
53.120262	0.05032219283046424
53.139973	0.04497043088772595
53.160026	0.0405957346515745
53.180025	0.038389477836063515
53.200019	0.03979046318061351
53.220166	0.04481643602449298
53.239986	0.051049446945568934
53.260001	0.054590013444396866
53.280213	0.05251411756170095
53.300025	0.0449066840381056
53.320317	0.0347827676415354
53.33997	0.02605001048247815
53.35999	0.021094597946467994
53.379968	0.01958697775590122
53.399919	0.019088336057162283
53.420315	0.016955894122681024
53.439944	0.012349189158445597
53.4602	0.007127246215552091
53.479955	0.0048413765225708465
53.499959	0.008054784841448068
53.519979	0.015842964251184463
53.539973	0.023587927055078742
53.559976	0.025909680212962624
53.579956	0.02063018245316148
53.599981	0.010583499616837497
53.620324	0.0016596433047562842
53.639991	-0.0014248402925640343
53.660392	0.0018553834792435179
53.679976	0.008111029051283001
53.699993	0.012966924713674185
53.719998	0.01398734039752483
53.740035	0.011578967553040383
53.760251	0.007840281465023753
53.780374	0.0049187411431610584
53.80063	0.003957423215833308
53.820757	0.005102063660901786
53.839968	0.00788701797604263
53.859973	0.01158105214311481
53.879964	0.01563748004682064
53.899953	0.020063501864975696
53.920002	0.025422448127621414
53.94	0.03215387169785797
53.959983	0.03952210328393579
53.979992	0.04520341307740509
54.000248	0.04627772148043513
54.020216	0.04128400535624923
54.039971	0.031915047605189664
54.060008	0.02283112655033768
54.079991	0.019301578852623704
54.100004	0.023842623361766336
54.119965	0.034139241063326595
54.139972	0.044214377003014095
54.160234	0.048364611919030555
54.17998	0.04509072467636467
54.199977	0.038042556982916594
54.219934	0.03314855306702553
54.240061	0.03412559011714458
54.26035	0.04003484722386599
54.280099	0.04655161924655141
54.300025	0.0494711038429439
54.320421	0.04756914195722639
54.340214	0.0426633775205493
54.360029	0.03752330461169778
54.380181	0.033778557070553314
54.399965	0.03137606806249619
54.420009	0.02947575126105249
54.439959	0.027612085491192342
54.460004	0.02597086351134182
54.480205	0.025076996362143753
54.499966	0.025509031833171842
54.520036	0.027643997868514063
54.539974	0.03123388050425352
54.560221	0.03490959574322103
54.579984	0.0362701095056802
54.599973	0.0331446569983542
54.619969	0.025284772103607658
54.639967	0.014964339559841156
54.65996	0.006023125268766284
54.679991	0.0018246038231343042
54.700214	0.0037181065056025994
54.719988	0.010878541275677084
54.739981	0.020985303268608455
54.759974	0.031028325094497194
54.779979	0.038006813352528215
54.80005	0.03995709090283811
54.819946	0.03735176610591411
54.839956	0.03360039522580207
54.860029	0.03337454332321289
54.879979	0.039379881012064216
54.900012	0.04997203759263159
54.920658	0.06014004296660125
54.939971	0.06552521847457586
54.959955	0.06574124285316169
54.979964	0.06399525121998191
54.999963	0.06337746021515428
55.020006	0.06356451075902282
55.039994	0.06136503321053385
55.059973	0.05454258517501354
55.080284	0.044812415382364384
55.100001	0.037099545775982734
55.119974	0.03561318224388659
55.139954	0.040352583987155556
55.159982	0.04715332594531477
55.180026	0.05084305227938591
55.200027	0.04874817002613843
55.219955	0.04213363863883615
55.239975	0.03517648679572046
55.260215	0.03242828247362971
55.279991	0.03645567153364123
55.300241	0.04631302518219948
55.319991	0.05798232378321291
55.340201	0.06686254467706086
55.35999	0.07089675699793994
55.379949	0.07201342363602821
55.399977	0.07421980720153154
55.420296	0.07961407536974546
55.440238	0.08598892165296078
55.460314	0.08850799248605073
55.479992	0.08420135521276892
55.500037	0.07510821834833921
55.520002	0.06689198936353624
55.540174	0.06417773639289141
55.560324	0.06701928422740701
55.580654	0.07153393011538982
55.6003	0.0737635532040149
55.620322	0.07283027371832133
55.639999	0.07054641502082648
55.660099	0.06867940578544438
55.680276	0.06709239067824484
55.700802	0.06440445548347534
55.720407	0.06004802177698313
55.739995	0.055283921553346514
55.76006	0.052148474777054796
55.779984	0.051896856654852636
55.8	0.05427317114536763
55.819988	0.05799355015441477
55.839974	0.061503710183087
55.86022	0.06331560289603172
55.880652	0.06242928986070751
55.901221	0.05912169811763166
55.919974	0.05535507815580368
55.939976	0.05408972107478975
55.959965	0.05742126454195977
55.979941	0.0650698095288724
56.00006	0.07458428872815667
56.020376	0.0828636705466509
56.039965	0.08771618481583893
56.059987	0.08848337065082192
56.079981	0.08604434116981328
56.100025	0.0828297818561733
56.119983	0.0824766700352162
56.140019	0.08819047419437173
56.160083	0.10011514284767806
56.180029	0.1138252400123626
56.200015	0.12219419117338355
56.219971	0.12015388947806063
56.239962	0.1087765183395177
56.25997	0.09482072933204772
56.279984	0.08574663808522225
56.300085	0.08439185079885124
56.320043	0.08760376919551194
56.339974	0.08983599660125373
56.359979	0.08784364535436333
56.379988	0.08240631814585031
56.400033	0.07637343124184907
56.41997	0.07187544903788269
56.439973	0.06960167522752583
56.46001	0.06995807704638242
56.479959	0.07350988085122406
56.499998	0.07952269937259554
56.519967	0.08444381836259664
56.539972	0.08305158352391422
56.55998	0.07254980013055208
56.579975	0.05599436053929626
56.599978	0.04132851193811595
56.619957	0.03615701282541754
56.63998	0.042465067531326416
56.660013	0.055685194377988585
56.679988	0.06854752443909944
56.699957	0.07626851100119056
56.719967	0.07871740817809399
56.739993	0.07873350238656404
56.760272	0.0788912830847025
56.780221	0.07948067235671281
56.8	0.07899551456404329
56.819976	0.07610258912070693
56.84019	0.07134290179365278
56.859969	0.06721987173513773
56.880046	0.06658586423611045
56.900014	0.07021516347692906
56.920041	0.07545664994937185
56.939992	0.07740554830182793
56.959998	0.07249097135863007
56.980037	0.06151010944133998
57.00018	0.04921684403271974
57.019971	0.04051259407711627
57.039959	0.036594228525206454
57.059974	0.03488425863435863
57.079963	0.03268454539060295
57.100036	0.030823647536706928
57.119977	0.03324689268426597
57.13995	0.04275114328449965
57.160024	0.0572817613874972
57.180066	0.07055780730204286
57.200278	0.07660690874241292
57.219964	0.07398723308943508
57.239984	0.0660438045589328
57.260041	0.05740272108101547
57.279981	0.05033118926602602
57.299956	0.04390668253618479
57.31996	0.03608603818381429
57.339972	0.026307658751708266
57.359971	0.016544842985641954
57.380051	0.01021991481972337
57.400032	0.009942156544116142
57.419963	0.015782539796504385
57.439975	0.024972586649033426
57.45998	0.033349853777143355
57.479981	0.03776628707869052
57.499975	0.0377632634036988
57.519966	0.035297860534253725
57.539956	0.032852262141573434
57.559985	0.031525493095147614
57.580003	0.0305562976436764
57.600028	0.028486469991010423
57.620001	0.024704916547471287
57.63995	0.020054467336368557
57.659985	0.016281010271218418
57.679969	0.014980753617987034
57.699927	0.016715592298302048
57.719986	0.020521221591597798
57.739951	0.02398414152157605
57.759979	0.02426427382650077
57.779965	0.020089241424489018
57.800021	0.013306729236939551
57.820009	0.008378253482818602
57.839939	0.009556875050634146
57.859981	0.01754855668904781
57.879971	0.028625137125247717
57.899948	0.03706142417884769
57.920202	0.03906269202946721
57.939934	0.035081301325434446
57.960179	0.02877146749592721
57.980198	0.02386719394293129
57.999953	0.021778835951960087
58.019945	0.021677783606743817
58.039978	0.022124090752187367
58.060012	0.02237959330595136
58.080041	0.022517580489102008
58.100207	0.022885599485903987
58.120003	0.023959787203761934
58.140432	0.02650466244770587
58.160268	0.03121513841681779
58.180248	0.03763016684707404
58.200037	0.04368061901896894
58.220009	0.046867618032985926
58.240288	0.046437607404065134
58.259967	0.04432452107910514
58.28	0.04358004444047213
58.300017	0.04556524218784272
58.320022	0.04867121778517962
58.34085	0.05010680187924206
58.36017	0.04877863745414019
58.380042	0.04625315955926181
58.400063	0.04463229808170795
58.420013	0.04377789483015835
58.439975	0.04099154130474033
58.460285	0.03380071473148465
58.48027	0.023055479221549633
58.500255	0.013112777690118553
58.519992	0.008768203948506715
58.540224	0.011511072593355178
58.560203	0.018380887330439685
58.58003	0.024293265639302137
58.600259	0.025768582452246547
58.619997	0.02305805917974412
58.640115	0.01929460083190501
58.660006	0.01765634352881909
58.680067	0.018993119834870096
58.700014	0.021601758375084407
58.719967	0.02294411326472759
58.73998	0.02200209952934384
58.759993	0.020231719050845507
58.780272	0.02043865905101895
58.800373	0.024626135468816764
58.819974	0.03223794074746074
58.839962	0.040391757824623585
58.859983	0.04580800100458564
58.879958	0.04689720904015302
58.900869	0.04444191553881467
58.919959	0.04061638929600716
58.939959	0.03742520429602862
58.960227	0.03596009660481513
58.980047	0.036699522442683576
59.000109	0.040021167653185113
59.020476	0.0460529730071336
59.039976	0.05391241655439736
59.060323	0.06126267983887492
59.079972	0.06498663470584454
59.100265	0.06287894918885531
59.119956	0.05532591081464589
59.140089	0.045697970982110495
59.160035	0.03877234027222098
59.179961	0.0378717727585882
59.199973	0.04254136201172768
59.21996	0.04862359009673297
59.239986	0.051091357002666586
59.259958	0.04752419140652119
59.279977	0.03949336544905008
59.30026	0.030858990171232812
59.320203	0.024540287813520432
59.339966	0.020690569362977144
59.359985	0.017758677401438355
59.38	0.014976646167558432
59.399976	0.013479718272307518
59.419965	0.01497515476898253
59.439988	0.019440510740044707
59.460283	0.024674883183783296
59.479971	0.028278888064759974
59.500025	0.030053880479255324
59.520041	0.03225808710133136
59.539992	0.03715969106121957
59.560266	0.04445895224707128
59.579967	0.05120119354481995
59.600018	0.05442261561345459
59.620208	0.054054741255548586
59.64025	0.053345550792747734
59.660243	0.05635109397759736
59.679999	0.06457590840146842
59.700006	0.07572212131081525
59.720014	0.08551321644060611
59.739992	0.09094599911728798
59.760246	0.09221292161850338
59.780286	0.0917458315222919
59.800026	0.09151886470094325
59.819983	0.0913728729865998
59.839991	0.08986812608935237
59.860032	0.08669297452571391
59.88002	0.08380061766991914
59.899995	0.08389584189783633
59.920054	0.08765509828985033
59.939968	0.0925851688776314
59.960079	0.09493326072651444
59.9805	0.09300323849866687
60.000047	0.08866966472664775
60.0202	0.08564362911947668
60.039963	0.08631660517959594
60.059969	0.08998541606704594
60.080036	0.0939012866041124
60.100284	0.09558706229662894
60.120187	0.09409578884531258
60.139954	0.08963239639247955
60.159957	0.08293006189885734
60.179998	0.07546623826092183
60.200052	0.06978364681211409
60.22023	0.06866668515687285
60.239975	0.07292236051380932
60.259962	0.07976522308405341
60.279963	0.08389651062534453
60.30001	0.08116438773735464
60.320204	0.07194670359391868
60.339955	0.06116875809924007
60.359982	0.05458694982425869
60.380013	0.05432306071895957
60.400114	0.057564875638830657
60.420006	0.059441742967999
60.439958	0.05751179912405609
60.460156	0.05368407047636509
60.479993	0.05208231939047275
60.500274	0.055009798871579745
60.520197	0.06091002481521368
60.540213	0.06603953258964419
60.559983	0.06784483496142327
60.580266	0.06688065397701265
60.599985	0.06547213842287661
60.619989	0.06512053907219766
60.63998	0.06531237005337176
60.660065	0.06466834466553331
60.680353	0.0625350043016553
60.700042	0.05921437006571889
60.720749	0.055174894336769
60.740609	0.05077945661714674
60.760812	0.04721870856399536
60.779986	0.046883036811167
60.800001	0.05169109145123063
60.819981	0.06034354384848178
60.840218	0.06777759316247108
60.859981	0.06840362204706074
60.880017	0.0609359530251205
60.900049	0.05008891141893566
60.919945	0.04306476629486084
60.93997	0.04385262438834309
60.959975	0.050418773142093413
60.980002	0.057244044877040386
61.00005	0.060237544490551936
61.020018	0.0594387127989441
61.039969	0.05751624236816761
61.060319	0.05651643487223387
61.079969	0.05638450113803744
61.100249	0.056098770589834465
61.11997	0.055391036784747244
61.139964	0.05496734265467226
61.159987	0.05530687174192668
61.18003	0.055720368220135576
61.199989	0.05515890782218874
61.220213	0.053514511723598834
61.23997	0.052057658679383986
61.260042	0.05220053775457442
61.279994	0.05386712429717184
61.299976	0.0551954413240075
61.320022	0.05375045408132375
61.339957	0.048411707800245285
61.360206	0.04029544653069375
61.379975	0.032217305077558746
61.40002	0.02705966938669979
61.420036	0.02618413272572458
61.439964	0.029028021543958785
61.460093	0.03400040273497105
61.48	0.039880198926955455
61.499974	0.04641557372307778
61.519979	0.05372282518795729
61.539978	0.06128451822845936
61.560041	0.06803423952991369
61.579962	0.07359440259106459
61.60004	0.07927644068025051
61.620035	0.0869406392644882
61.640249	0.09640874545342923
61.660261	0.10421022024078964
61.680018	0.10566582305408719
61.700064	0.09927633404069543
61.719995	0.08903953916112779
61.740137	0.0820189086809277
61.760386	0.08277373731938603
61.781241	0.08966554665256145
61.800135	0.0964396803961843
61.820121	0.09745123588363824
61.83999	0.0915713206979394
61.859994	0.08177571429379284
61.880209	0.07189550551799834
61.900015	0.06408531680569649
61.91998	0.05906452372080684
61.9401	0.05738447168602942
61.960007	0.05963064378968776
61.980226	0.06543128311521414
62.000025	0.07305615520282688
62.020032	0.08064311924571396
62.040029	0.08761712082951965
62.060259	0.0944729571837783
62.080212	0.10105046059488057
62.100093	0.10546233428453801
62.119997	0.10545800849915442
62.140005	0.1010758954320878
62.160081	0.09576458872811197
62.179987	0.09433022669847907
62.20008	0.09940537272111179
62.220026	0.10944417333072125
62.240255	0.11996263762249647
62.26001	0.12681870598871117
62.280919	0.12869563950802382
62.300395	0.12731385024262076
62.319981	0.12563195432641203
62.340935	0.1256389184416592
62.360766	0.1273470237629801
62.381034	0.1293042457747192
62.399976	0.130165352202332
62.419995	0.1300930146994859
62.43997	0.13083207458804552
62.459997	0.13438287908827962
62.479976	0.14123908732000592
62.500049	0.14970971671932043
62.519987	0.15674139182421268
62.539978	0.15956368637271823
62.560007	0.15679432719298012
62.579969	0.14878522093146448
62.599989	0.13735641968595982
62.61997	0.12532567830404637
62.639995	0.1156983378778309
62.660055	0.1104437979564369
62.679983	0.10943243081884685
62.700059	0.11046986895487605
62.719982	0.11080483621637521
62.740037	0.10917687665485741
62.759992	0.10676200331626236
62.780002	0.10612282486530543
62.800082	0.10883942315774262
62.820216	0.11364388711661697
62.839998	0.11675220710478129
62.859968	0.11445881056580542
62.879956	0.10615328835911748
62.899957	0.09522661836520137
62.920202	0.08683119065909088
62.939964	0.08397261085065902
62.959962	0.08521408315086366
62.980042	0.08620717688434423
63.000006	0.08363674259681701
63.019956	0.07822090857135354
63.039986	0.07370939105309249
63.060037	0.07266847488892378
63.080206	0.07354084891572596
63.100234	0.07211794723920226
63.119968	0.06632493612319532
63.139984	0.059234166838252555
63.159991	0.05695341742271781
63.179974	0.06283638160384299
63.200002	0.0736083639878571
63.219956	0.08144764033052623
63.240295	0.08045034666593376
63.260008	0.0716304617647201
63.280268	0.06192247524634899
63.29996	0.05824386293246748
63.31996	0.06190795937432347
63.339964	0.06821263758932351
63.359975	0.07102208293358388
63.379962	0.06811555753641428
63.399949	0.06256801583975255
63.420221	0.059396683387395725
63.439971	0.060821301382455235
63.460029	0.0644443308622956
63.47996	0.06569978987724186
63.500038	0.06229551905100046
63.519973	0.05656090862184168
63.539968	0.05369293795791567
63.560257	0.05749859364137353
63.580204	0.06707796444834768
63.6007	0.07713496178717612
63.61993	0.08165924306413533
63.640015	0.07812497617219985
63.65996	0.06916702791176141
63.680203	0.06067151503117679
63.699991	0.05788276451780498
63.71997	0.062047909306448684
63.739962	0.06993163305152059
63.76007	0.07612980944799784
63.779984	0.07647010440703333
63.800028	0.07031936738058032
63.819971	0.0605441574127525
63.840023	0.05152671673780085
63.859994	0.04652183521684408
63.879991	0.046297649294564126
63.900013	0.0493597294046104
63.920222	0.053375059376549704
63.939965	0.056549847590217
63.959978	0.058103203373613965
63.980018	0.05801523097164334
64.000059	0.05676624129238428
64.019985	0.0552075693372637
64.039961	0.05425091163693964
64.060291	0.05437940289745032
64.080051	0.05518715170244575
64.100066	0.05558645546390116
64.119957	0.054523188707306984
64.139978	0.05160145801382363
64.160037	0.0472750348940939
64.18023	0.04253586779456436
64.200013	0.038555283091470605
64.219983	0.036437967062017323
64.24001	0.036904838217627994
64.259981	0.03974287882072032
64.279981	0.043643716122722616
64.299981	0.04691392407156528
64.319984	0.04877192215253712
64.339982	0.050146642735278614
64.360257	0.052777363369092355
64.380066	0.05701158022452594
64.400014	0.06036439221263529
64.420023	0.058793489067980646
64.439994	0.05006527528976799
64.460057	0.036493018501678104
64.479964	0.024029698178789024
64.499981	0.01813485476279557
64.519958	0.01980334643636346
64.540082	0.024963201888939735
64.560277	0.0276906425052464
64.580561	0.024436580194741483
64.600604	0.016086893565532563
64.620782	0.0064755355720281585
64.640866	-8.633004643112418E-4
64.660344	-0.00495001923455298
64.680408	-0.007233521012470123
64.700777	-0.009385806850466133
64.720874	-0.011290244415444135
64.739967	-0.0111035998210907
64.760089	-0.007350063418972492
64.780013	-0.0010476023486852646
64.800021	0.004446605622860788
64.820218	0.006042663003382088
64.840588	0.003644543622857332
64.861037	2.9446310016512946E-4
64.880297	-6.679330677390093E-4
64.900019	0.0012785502740710979
64.920008	0.0035197283657968054
64.939989	0.0033431613163352014
64.96003	0.0012903667762398723
64.980032	0.0011402746153384453
65.000066	0.006162143625012038
65.019969	0.015148893739750985
65.039988	0.022270426468503475
65.060009	0.021350282554915553
65.079985	0.011107962412512306
65.099988	-0.0031924932165503512
65.12	-0.013032769593289492
65.139972	-0.012321146750849485
65.160332	-0.0011815202408969406
65.180009	0.014705622842964528
65.200056	0.02812713322680295
65.220033	0.03459133346976934
65.239966	0.03413339191697835
65.26011	0.03005063850956858
65.279971	0.026029418599373095
65.300018	0.0240319935576111
65.319984	0.02401152233367562
65.339963	0.025058694024336338
65.360332	0.02670397438339591
65.380208	0.02912879427608252
65.399983	0.032351659342426065
65.419953	0.035408044959810384
65.439962	0.03647558605029286
65.460054	0.033886324821195
65.479973	0.027441363332563636
65.499969	0.01878741426243781
65.51995	0.010671957498958703
65.539974	0.005427974980348349
65.560308	0.003758905145150423
65.579993	0.004741953131970765
65.600006	0.006862452778759597
65.619974	0.009103926684805752
65.64024	0.011014205420720577
65.660039	0.0119908387878567
65.679964	0.010908322462698817
65.700051	0.006776138777545095
65.72023	-5.075318837761884E-5
65.739976	-0.007636425264525413
65.760068	-0.01366957781846821
65.780183	-0.017131977483427523
65.80029	-0.018996462206360705
65.820091	-0.021324299191942814
65.839994	-0.025442776494914294
65.860028	-0.030779092783498774
65.879962	-0.035235515672540664
65.900039	-0.036709943250223975
65.920152	-0.03464126357778609
65.939988	-0.030690536132889985
65.959974	-0.028066836700809013
65.980012	-0.029882557794609663
66.00024	-0.03722836996389329
66.019987	-0.04803870208620429
66.04	-0.05807906032427252
66.060347	-0.06349463568125661
66.080056	-0.06329079213402569
66.100295	-0.05980528703903557
66.119984	-0.05664706372889282
66.139997	-0.055802102017670864
66.16008	-0.05646278553069232
66.179982	-0.05632269959656298
66.199979	-0.054003381073337804
66.220061	-0.05042967222765685
66.240002	-0.048013872971329086
66.260087	-0.04853452942822576
66.279983	-0.051647054794639345
66.300056	-0.05517342092588247
66.319973	-0.05672744001379312
66.340008	-0.05538444926676452
66.359967	-0.05215726279691756
66.379974	-0.049104180461299406
66.399969	-0.04793121609521806
66.419966	-0.04893809525211751
66.439996	-0.050815871948334576
66.459989	-0.0514013326376319
66.480233	-0.04905270133597553
66.49996	-0.043744744551679475
66.519975	-0.037196580010041606
66.540283	-0.03208401072126628
66.559965	-0.030712028823608167
66.579973	-0.03399138060524463
66.600024	-0.04121462141186894
66.619976	-0.050495036912930016
66.640045	-0.059451913254988206
66.659977	-0.06581909153622983
66.680031	-0.06792195339356366
66.699953	-0.06535939397624732
66.720001	-0.059516157685169574
66.739948	-0.05328359026000499
66.76026	-0.04971536740290226
66.780314	-0.050061670980349186
66.800452	-0.05274442994526328
66.820971	-0.05434368992826641
66.840645	-0.05215090839269161
66.860044	-0.04640498977166714
66.880218	-0.04019850750983654
66.89996	-0.03692984983833732
66.920029	-0.037417783398601405
66.939966	-0.03925733057283162
66.960306	-0.03915997324984073
66.980095	-0.03615727224538028
67.000021	-0.032777383350506416
67.019991	-0.03296276020215452
67.039976	-0.03852091405534147
67.060236	-0.047339142760232086
67.079967	-0.05489146976440549
67.100021	-0.05756013376712799
67.119978	-0.05499990317254365
67.139962	-0.0496641287230432
67.160327	-0.04442375620276332
67.180001	-0.04053616154903174
67.200264	-0.03755092903959753
67.219962	-0.03469854922596515
67.239955	-0.03194191012980045
67.260196	-0.029801374474203585
67.280249	-0.028356781000861527
67.300225	-0.026809367603111263
67.319989	-0.024120255319386726
67.340056	-0.020009008186101913
67.360247	-0.01527110082223416
67.379989	-0.011126895012521745
67.399999	-0.008287802928477524
67.419986	-0.006774308068066836
67.440354	-0.006506212515455484
67.460024	-0.008009438395729663
67.48002	-0.01222563032141626
67.500002	-0.01924856664982736
67.519988	-0.027347282686188815
67.539965	-0.03329116343145966
67.560053	-0.03439780218716562
67.579977	-0.030683920060116048
67.599954	-0.025168159777042266
67.619982	-0.021795356411787873
67.640395	-0.02253386581903398
67.660284	-0.026138933229142427
67.680003	-0.029653942682906987
67.69995	-0.031172918192842604
67.72001	-0.031234905962556597
67.739957	-0.03150017685531676
67.760236	-0.03218118428919911
67.780041	-0.0311687630952418
67.800022	-0.02603841538878084
67.820015	-0.017252236196798092
67.839963	-0.009177107747638226
67.859975	-0.00719271249923408
67.879972	-0.013076657030671839
67.900022	-0.022777315140286098
67.919946	-0.029060471213936803
67.940005	-0.02714266809954941
67.95997	-0.01850675263518989
67.979965	-0.00938455426824391
68.000075	-0.00526494817708135
68.020166	-0.006406692780804633
68.039942	-0.008348422889178994
68.060006	-0.0068576740892589095
68.08022	-0.0024411735164642356
68.100037	-2.2716400091946136E-4
68.119951	-0.005206957726541161
68.139982	-0.017398972828391188
68.159994	-0.03128693847090601
68.179948	-0.0400945906825006
68.200591	-0.04114908935976327
68.219962	-0.037736219137400384
68.240005	-0.036028223908168074
68.260239	-0.03969304832666515
68.280518	-0.04681237921156884
68.300871	-0.051316733030167205
68.319995	-0.04767972741089463
68.340171	-0.035235586953327055
68.360421	-0.019067412957745795
68.380071	-0.006999475238335135
68.399974	-0.004745164817234876
68.419986	-0.012413503278693562
68.440065	-0.0245709422701776
68.459976	-0.03377125801419615
68.480002	-0.035212705934193726
68.499981	-0.029492681937262403
68.520001	-0.02179035141944588
68.540226	-0.01815904888425171
68.559981	-0.021517330750760434
68.58025	-0.030051367387580873
68.600034	-0.039053920227533574
68.619995	-0.04481164265454411
68.639991	-0.04743800071084798
68.660057	-0.0502460861837536
68.680006	-0.055958955126857765
68.699976	-0.06313863487060069
68.719946	-0.06619394357967376
68.740076	-0.059695835187664636
68.760009	-0.04339229307340979
68.78023	-0.023506376592749356
68.79997	-0.008739482131490109
68.820067	-0.0037492228930234906
68.84	-0.00555091791672707
68.860286	-0.0057119983613431475
68.88001	0.003359554997870327
68.900032	0.023070964163619288
68.919948	0.04796923785108028
68.940065	0.06961952242126765
68.960221	0.08166509804079233
68.980038	0.08267623080671727
69.000036	0.0760232030852169
69.019959	0.06783162673946619
69.039977	0.06443006314987541
69.060013	0.06983193311953245
69.079963	0.08384466413977446
69.10005	0.10186911999009253
69.120002	0.11712637871103286
69.139957	0.12453595888869165
69.160409	0.1236291837466746
69.180295	0.11835400699545741
69.200413	0.11379935897432863
69.219928	0.11259977928524612
69.240348	0.11359555035667422
69.26008	0.11344437290217282
69.279981	0.10943989029507933
69.300038	0.1010669839638889
69.319943	0.08968063759412764
69.340027	0.07717135466511248
69.360002	0.06503385783505736
69.380218	0.05409359228383302
69.399985	0.044883350829929114
69.41995	0.037949694533595445
69.440279	0.03396137865351737
69.459967	0.033484872978681336
69.480003	0.03654904531212149
69.499976	0.042154621737286464
69.519948	0.04806798662303388
69.540027	0.051502866968351595
69.56001	0.05035673245625793
69.580231	0.04427278479822874
69.600252	0.034906177754056446
69.619981	0.02525339371117353
69.640159	0.018431464914444088
69.660244	0.016441928934285036
69.679979	0.019322989924415945
69.700024	0.025002654323869944
69.719968	0.030178707989469172
69.740104	0.032120708917501566
69.760003	0.030281504614335306
69.779986	0.0264516675293386
69.799979	0.02312852472249865
69.820209	0.021375933217898015
69.840032	0.020114381604468823
69.859982	0.017603232345601915
69.879976	0.013527290393459795
69.900029	0.009694760639548303
69.919992	0.008580929016998414
69.939966	0.011165639501383905
69.959977	0.016138833868408208
69.980052	0.02090098960950971
70.000191	0.023301640510219337
70.020399	0.02264682077589631
70.039967	0.019398986689296367
70.060067	0.014613333882644772
70.079944	0.009754981423488261
70.099978	0.0063979607357949
70.120334	0.00547398471930325
70.139949	0.00631330793235302
70.159962	0.006625608620914816
70.179998	0.00412130286772251
70.200233	-0.0012092033806413412
70.220494	-0.006486278824299574
70.240459	-0.007880785380259157
70.260686	-0.0039590000260829915
70.280674	0.0026779853704184294
70.299999	0.0071950181994915
70.319977	0.0061886465181231485
70.340143	3.595587168812757E-4
70.359973	-0.006239918397781254
70.379988	-0.009597536043673752
70.400201	-0.008802061075067522
70.420024	-0.006289129629260301
70.439945	-0.005336189702665807
70.460328	-0.007179503386330603
70.479992	-0.010291057743811609
70.49999	-0.012166287112212184
70.520003	-0.011802833266463877
70.539961	-0.010621387362244722
70.559973	-0.01107245565188527
70.579972	-0.014390138142111899
70.600192	-0.019477446450024843
70.620039	-0.023621793472650646
70.639959	-0.02445264492737353
70.659968	-0.021668558131402737
70.679979	-0.01740873310349882
70.70008	-0.015135320021256804
70.720062	-0.017796370080828662
70.739956	-0.026096772858205435
70.760075	-0.038097227777343985
70.780225	-0.05045216074005664
70.799984	-0.060437706319057934
70.820044	-0.06742800911241473
70.840249	-0.07258096918052137
70.859967	-0.07697721813921928
70.879973	-0.0799097565536082
70.900042	-0.07912253368198276
70.919927	-0.07299385629595816
70.940083	-0.06281851988720598
70.959974	-0.05259252893312276
70.980031	-0.046353617595553405
71.000237	-0.04533991162248551
71.019986	-0.04736728631629945
71.040333	-0.04907171869532766
71.060024	-0.04860794132352174
71.080209	-0.046599295166000726
71.09999	-0.04502847657906414
71.120162	-0.0454274944756061
71.13998	-0.04800584806856514
71.160237	-0.0517966945909977
71.179998	-0.055363818027961254
71.200012	-0.057512095282086735
71.219968	-0.05788710601558685
71.240167	-0.05720080941630303
71.260248	-0.056564369911292205
71.280158	-0.0559800307420969
71.299999	-0.053309467785835264
71.319924	-0.04531135661027729
71.340285	-0.03055029388756157
71.359979	-0.011931829192385075
71.380022	0.003918650580778718
71.400047	0.010788227607750889
71.419981	0.0075933036746472105
71.440069	-5.243748270064592E-4
71.45998	-0.00600683886693716
71.479986	-0.004553591626411676
71.499966	0.0017344814136475315
71.52021	0.006365613357761503
71.539968	0.0038898724716335533
71.560283	-0.005544874577251075
71.580415	-0.016024337053266165
71.599941	-0.020164467040678865
71.620084	-0.014560115993624924
71.640011	-0.0022976161261320104
71.66003	0.009366584206625818
71.680008	0.014273570157715677
71.70006	0.011425236766535042
71.720001	0.004700081585341693
71.740056	-0.0010630154338210822
71.76001	-0.004009677014148237
71.779968	-0.005903869944131373
71.80004	-0.009352974022981528
71.820035	-0.014805836349311477
71.839958	-0.02012015308916867
71.85997	-0.022905896638613935
71.87996	-0.022992036896598345
71.899963	-0.022515275567635894
71.91995	-0.023810251747927072
71.939969	-0.027240431032544372
71.959991	-0.03103733178364338
71.980041	-0.03290345389554798
72.000036	-0.03184930368849933
72.020006	-0.028701871000856166
72.039963	-0.025425196295461056
72.059984	-0.023921226804378633
72.079982	-0.02503315484152734
72.099974	-0.028108453005313873
72.120001	-0.0313815478101939
72.1403	-0.033010155148532984
72.15998	-0.03228928160006999
72.179973	-0.03029170653063357
72.200148	-0.02926665018411278
72.219973	-0.03121618382623495
72.240232	-0.03671733495433032
72.259961	-0.044610127340266106
72.279958	-0.05269401288916766
72.299983	-0.058892993599027395
72.319938	-0.062214699397757645
72.340045	-0.06302111667849422
72.360206	-0.06254647268574237
72.380627	-0.06183822808218004
72.399985	-0.0609320658294201
72.420028	-0.059167467092150455
72.44041	-0.056425506495279075
72.460769	-0.05415358605064749
72.480998	-0.05468208053562641
72.500018	-0.059162283349382894
72.52	-0.06592625887230336
72.540117	-0.07126962236793638
72.55999	-0.07231859260174035
72.58005	-0.06952571282153427
72.600006	-0.06629345404617491
72.619973	-0.06593760680782795
72.639973	-0.06890295322222412
72.660059	-0.07281231210471988
72.679994	-0.07521207785494925
72.700025	-0.07624971972082853
72.720211	-0.07868982741299868
72.740237	-0.0853841184875131
72.760082	-0.09651205063974262
72.780355	-0.10902787483458219
72.800066	-0.11867355235078637
72.819972	-0.12266149521034955
72.839955	-0.12108051282101576
72.860306	-0.11627791057705882
72.880049	-0.11088939384278954
72.900227	-0.10639149604013559
72.920037	-0.10301035143504439
72.939928	-0.10063435638211668
72.959944	-0.09967288212910592
72.9802	-0.1008338549973637
73.000001	-0.10415572184519174
73.01996	-0.10845536501160863
73.040073	-0.11184025799202624
73.059985	-0.11296586278648972
73.080185	-0.11204014664200247
73.099963	-0.11057701869948211
73.119971	-0.11012594370901586
73.140006	-0.11093211490449309
73.159979	-0.11173578529318869
73.179969	-0.11090311092709897
73.200102	-0.107894816926378
73.219979	-0.10387811673311592
73.240037	-0.10092525910772386
73.260198	-0.10032606368732155
73.280258	-0.10139282079046366
73.300231	-0.10189355630367995
73.319977	-0.09980082958666087
73.339974	-0.09509688288236853
73.360206	-0.09006524066807327
73.380009	-0.08762989698572458
73.39999	-0.08908590916636884
73.419968	-0.0930629792802483
73.44	-0.09659280999153258
73.460103	-0.09743212848283052
73.479985	-0.09579875376162829
73.500017	-0.09405534491735995
73.52004	-0.09490000090530812
73.539962	-0.09927242828377485
73.559971	-0.10555450875514151
73.579954	-0.11065428891891241
73.599972	-0.11212664331800938
73.62018	-0.1098932471055299
73.639983	-0.10616287640766799
73.66004	-0.10363502674113513
73.680025	-0.10339797336732745
73.700288	-0.10433995662698743
73.719936	-0.10445655986430047
73.739993	-0.1029984836481601
73.760006	-0.10147838958185912
73.779992	-0.10271254990147355
73.800215	-0.1084447194961339
73.819957	-0.11745400985656382
73.839965	-0.12569849176749584
73.860056	-0.12843847079952952
73.88003	-0.12314243231449726
73.900026	-0.11109656109235287
73.919946	-0.09657257927460672
73.940072	-0.08405836274310946
73.960008	-0.07572051551395656
73.980242	-0.07093238859620095
73.999963	-0.06807193819168508
74.019957	-0.06686652117145658
74.04005	-0.06885238789434432
74.060155	-0.07555686574783922
74.080245	-0.08603813252736629
74.100573	-0.09620804545829295
74.120601	-0.10076731955632567
74.139999	-0.0964020216290623
74.160375	-0.08376122896055578
74.180061	-0.06689098347886503
74.200049	-0.05101973118447066
74.220011	-0.04016515376741887
74.239981	-0.03583635452915133
74.260013	-0.03696860368444622
74.279983	-0.04082201574768721
74.299961	-0.044163743212980014
74.320164	-0.044552610918805004
74.339952	-0.04128271234392523
74.360033	-0.03572511178468168
74.380048	-0.030829611674559117
74.399988	-0.02966829957381189
74.420174	-0.033621930180016156
74.440073	-0.04129559711204767
74.46027	-0.049173156916928286
74.480092	-0.053913266097900266
74.500038	-0.05461667692949475
74.51998	-0.05308944393450021
74.540318	-0.05193836238511205
74.559975	-0.052193358625650416
74.579997	-0.05272061528154313
74.600005	-0.051798061151105176
74.620004	-0.0489998902172476
74.640028	-0.04554124986655116
74.659991	-0.04301405817636549
74.679982	-0.0421616080108285
74.699969	-0.04305274723570049
74.719926	-0.04606534096821248
74.740047	-0.052078904155415294
74.75997	-0.061045658392480016
74.779985	-0.07045633897279796
74.800035	-0.07584804444991942
74.820011	-0.07376965727684497
74.840096	-0.06499418157497346
74.860227	-0.054870945555007454
74.880033	-0.04995623313928246
74.900018	-0.053159724119278794
74.919952	-0.06148996640131771
74.940011	-0.06856346507552263
74.959997	-0.06989393538152278
74.980001	-0.06653312988271115
74.999981	-0.06387000506063996
75.020034	-0.0665821488375604
75.039976	-0.07424766049703364
75.060064	-0.08151524160328211
75.080047	-0.08269349685316088
75.100178	-0.07662199777386487
75.12004	-0.06745909823901654
75.140253	-0.06093293192830682
75.159983	-0.05976053831286132
75.179989	-0.06212467759413721
75.199984	-0.06423360470401646
75.219969	-0.06402966213510036
75.240298	-0.06254290393508675
75.259976	-0.062029707356509575
75.279989	-0.06309434177753927
75.300025	-0.06374609967321157
75.319976	-0.061245040540662404
75.339997	-0.054839380718997126
75.360002	-0.046755593908348665
75.379999	-0.040585296518486746
75.399966	-0.0384996274837941
75.420007	-0.0398013069821477
75.439961	-0.04187673071641028
75.46	-0.04269320122799873
75.480265	-0.042278528827443713
75.500021	-0.04196002430513503
75.519954	-0.0422923428240031
75.54003	-0.04197340290373564
75.559996	-0.039158535263743986
75.580718	-0.03377046934923232
75.600568	-0.02817740787667036
75.620781	-0.025030660062778
75.640002	-0.024227806683096296
75.660056	-0.022253934393614533
75.680232	-0.015078544464725254
75.700089	-0.002285723531672357
75.720569	0.011534521839171648
75.740071	0.019718651370826363
75.760402	0.018436622853451965
75.779974	0.009415387876960633
75.800037	-0.0015652256950080398
75.819978	-0.008989005372726917
75.840019	-0.01083821469478011
75.859978	-0.008539515482211112
75.880229	-0.004674117217603325
75.900014	-8.270465551137923E-4
75.919969	0.0029170185136407614
75.93999	0.007304518568795921
75.959967	0.012978730104717612
75.980061	0.019771836937054994
76.000137	0.026215812009462717
76.019966	0.029605254652464396
76.040052	0.027190311166670922
76.060209	0.018213847156214713
76.079979	0.005163559614175558
76.099979	-0.007345058944272992
76.119979	-0.015588148094666006
76.140022	-0.01936463571661711
76.160201	-0.021663818879082797
76.179975	-0.025716205566945666
76.199987	-0.03211619417591691
76.219969	-0.03859300337360799
76.240053	-0.042323479076719274
76.259973	-0.04232981315066219
76.279956	-0.03977755965387226
76.300061	-0.03634119116876721
76.320027	-0.03268979477084877
76.340042	-0.028338275467550755
76.359978	-0.022562530094170575
76.37997	-0.015127587759289143
76.400323	-0.006188493703749779
76.420273	0.0038618127076298
76.440112	0.014021051960533859
76.460001	0.022103842733150723
76.480307	0.02510937135160566
76.50006	0.02120128266021312
76.520043	0.012087245966404673
76.53996	0.003226354794418812
76.560044	7.265872517406947E-4
76.580226	0.006722349195307492
76.600324	0.016929142899656302
76.619974	0.02322025038864612
76.639997	0.01978254842414857
76.659981	0.008204394937273863
76.680017	-0.0031696321117311707
76.700288	-0.005605143645530938
76.720245	0.00298756723893881
76.740033	0.01618430490655303
76.760023	0.02403800218384564
76.780078	0.020830996043413885
76.800011	0.009181359036549925
76.819986	-0.002729856088992954
76.84022	-0.007949228801631927
76.860034	-0.005682949301433564
76.879968	-6.824801563024524E-4
76.899965	0.001553658430090546
76.920019	-8.386877278715377E-4
76.939967	-0.005522387393668295
76.960024	-0.008857165039271116
76.980068	-0.00920976616088748
77.000007	-0.007989497922596338
77.020305	-0.007967639288064834
77.040042	-0.010947611170557143
77.060244	-0.016620103883057832
77.079969	-0.02322647654984295
77.099971	-0.029060337625461816
77.120217	-0.03347270693161489
77.140257	-0.036952395722255116
77.15998	-0.040215631450867664
77.179991	-0.04325940871399343
77.200008	-0.04515523623904885
77.220198	-0.04466157707366944
77.241177	-0.04145771615745724
77.259992	-0.03699075033067764
77.279976	-0.03398813383300007
77.300014	-0.03466989438364208
77.319994	-0.03913707119345069
77.33995	-0.045347675619933005
77.359962	-0.05080031940441132
77.379978	-0.05443275859395862
77.399932	-0.05701688883745073
77.419993	-0.05981934455961585
77.439973	-0.0630703554265678
77.460003	-0.06557356781275271
77.480005	-0.06577446485268772
77.500286	-0.06313299253976941
77.520012	-0.05842617255607843
77.540043	-0.053036688822761184
77.559986	-0.04800578479942083
77.579977	-0.04368808131682871
77.600059	-0.039886827984815826
77.619968	-0.03622232780121567
77.640006	-0.03244937530661821
77.660221	-0.028758294751399755
77.679996	-0.026006586313569544
77.700012	-0.025364477381640684
77.719966	-0.027362860926887396
77.739991	-0.03100635694842041
77.759972	-0.0340905237864077
77.779982	-0.03480821327908635
77.800058	-0.03342434312849642
77.820204	-0.03229710968117119
77.840005	-0.033929852941304454
77.860192	-0.038627651512625816
77.879948	-0.04373755388840437
77.900001	-0.04544060858027933
77.919978	-0.04173537138713598
77.939929	-0.03421862805900575
77.959958	-0.027187594126027823
77.980018	-0.02477804560061693
77.999975	-0.028190882790634048
78.019973	-0.03501111281893553
78.040057	-0.041093767253556845
78.05997	-0.043587936593279246
78.079959	-0.04285283302542866
78.100004	-0.0418672227630794
78.119957	-0.04379006556656658
78.140023	-0.049404767101678265
78.159968	-0.056665068777593974
78.180014	-0.06222292203087508
78.200006	-0.0636989513076007
78.220035	-0.061155692838680734
78.240244	-0.05680310847933293
78.259995	-0.05363935333253444
78.279987	-0.05373143672696648
78.300215	-0.05712707306219637
78.320004	-0.061623649058979754
78.340356	-0.06382686708057227
78.359991	-0.06120887484533192
78.379963	-0.05404776453428864
78.399987	-0.04561155419282021
78.420227	-0.03983779948121311
78.439995	-0.03807412347767948
78.460046	-0.037804205590328564
78.48	-0.035005158966723085
78.500027	-0.028290753308415417
78.520029	-0.021060975165116784
78.540295	-0.019204493838807946
78.559963	-0.026024448624703298
78.579985	-0.03899832737542988
78.600148	-0.051216518979832516
78.620061	-0.05635958674838245
78.639973	-0.05289916054309309
78.660323	-0.04432685998359919
78.680573	-0.035677120707455275
78.700756	-0.030003147989410162
78.72088	-0.027518577658024426
78.739974	-0.027227577266833183
78.759999	-0.02864384606630505
78.779976	-0.031670168434023864
78.800005	-0.035482118100178255
78.81999	-0.03818132312395274
78.840293	-0.038137739135795844
78.859987	-0.035636277553778864
78.879981	-0.03305533473790585
78.899959	-0.0330879577572167
78.919973	-0.03660854684289695
78.940281	-0.04211257637727857
78.960219	-0.047048046224936836
78.980046	-0.049708595992657555
79.000017	-0.0499346372372657
79.019959	-0.04841586226937174
79.04	-0.04572276792358756
79.059986	-0.04198861756576002
79.079974	-0.03730373874435127
79.100015	-0.032024599178323156
79.120057	-0.02662434629800022
79.140287	-0.021398230519169562
79.160214	-0.016400753543841837
79.179965	-0.011566961745172745
79.20002	-0.006647631486076117
79.219959	-9.923115187227725E-4
79.240034	0.006173420972904561
79.259994	0.01485124001510441
79.280018	0.02352511794096828
79.300224	0.029726590595999365
79.319959	0.03174580416994988
79.339989	0.03017591665841341
79.360314	0.02771779149006009
79.38023	0.02696575983738303
79.400217	0.0281064875849694
79.419977	0.02866035029413998
79.440039	0.025821725479805463
79.460227	0.019485985715782642
79.480005	0.013226598027503493
79.499995	0.011919399985867737
79.52007	0.017712332730588316
79.540086	0.027510593313854935
79.559975	0.03429128584009707
79.580033	0.031694733261507756
79.600259	0.0186196768732965
79.62002	3.5122970518469736E-4
79.640046	-0.014900583729931714
79.659978	-0.021451653427550198
79.680014	-0.019691078804793948
79.700294	-0.01507587436318695
79.719983	-0.013550578163114191
79.740087	-0.016983890541672705
79.760429	-0.022108004747453325
79.780002	-0.023624963757625222
79.800206	-0.01875167311697603
79.819968	-0.0095947119574666
79.840304	-0.0016323251294106246
79.861131	2.921523559749121E-4
79.880013	-0.0047988329208642246
79.900057	-0.013916584123373031
79.91998	-0.022632708615437154
79.940061	-0.02798361564438344
79.959999	-0.029920285020619636
79.980017	-0.03076770456310809
80.000231	-0.033617396483263375
80.019972	-0.04038568365373611
80.040089	-0.05036305663371384
80.060324	-0.06017040478381217
80.079977	-0.06543182718578874
80.100008	-0.06360517379431425
80.119974	-0.05587464620188773
80.14017	-0.046351576373079406
80.160003	-0.0389580623509705
80.179974	-0.03478316127694249
80.199977	-0.03219720078461768
80.219969	-0.029448304049563414
80.24013	-0.02687511644744874
80.260248	-0.026303050181967026
80.280074	-0.028518124064543845
80.300327	-0.03187427294271886
80.319966	-0.033693641686597456
80.340077	-0.032888832988074414
80.359987	-0.030822763501945134
80.380005	-0.02954564974520504
80.400007	-0.02943275117893218
80.419958	-0.02888891668397188
80.439998	-0.026108294717064495
80.459985	-0.02068414732962549
80.47998	-0.013329932042175528
80.500008	-0.004547690141016243
80.51998	0.005795957748159766
80.540051	0.017522533440491556
80.559996	0.029056236485296486
80.580042	0.03789699166162313
80.600048	0.042320918028572206
80.619947	0.042602369812762754
80.639997	0.040461410927742726
80.659979	0.0376363808171153
80.680218	0.03508566970242858
80.699956	0.033370813629353034
80.719947	0.03337747497741281
80.74002	0.03608937150030732
80.759978	0.04152960962610244
80.779972	0.04809958734439313
80.799937	0.05328296459570528
80.820998	0.05518018588064908
80.839987	0.05367805708258747
80.860297	0.050484539272537834
80.879999	0.04815205234996379
80.900004	0.04887120252000987
80.920092	0.05361111103837191
80.940382	0.06179577232744693
80.960221	0.07157897947892546
80.980072	0.08066176406646071
81.00005	0.08730743557020129
81.020017	0.09098162763230502
81.040018	0.09225360150011482
81.060348	0.09208893755393331
81.080029	0.09112808238280413
81.10001	0.08926446942113936
81.119969	0.08586685455604495
81.140061	0.0803244259074479
81.159981	0.07240764507685304
81.179968	0.062321984083226346
81.199997	0.050732995515701165
81.219962	0.038875301540574426
81.240137	0.028537572371527552
81.259964	0.021611106757116316
81.280199	0.01907562293826342
81.299976	0.020118623314833644
81.320353	0.02222279197803438
81.339953	0.022482340359330177
81.35997	0.019473325773614644
81.380006	0.014313233741313217
81.399996	0.010056614063596722
81.420047	0.009832986645102503
81.439956	0.014721014540126918
81.460284	0.02285030869427026
81.479954	0.03025707350154817
81.499965	0.03299172368804218
81.519995	0.02928443550537824
81.540238	0.020517235628005868
81.560351	0.010498907363513115
81.580299	0.0034931562714159477
81.600076	0.0019126514541715383
81.620246	0.004960917898848655
81.640103	0.009019990949657563
81.659991	0.009671079463136193
81.680167	0.004272947709813714
81.700069	-0.00645426396152079
81.720238	-0.018776777449029686
81.739959	-0.028127591417449714
81.760053	-0.03186293521719873
81.780109	-0.030893868216583135
81.799968	-0.02891340316767989
81.819918	-0.029648477715498216
81.840099	-0.0340429462669611
81.859981	-0.039577545677894364
81.880245	-0.042388440165388584
81.90001	-0.040588754509374506
81.919997	-0.03589599539487958
81.940099	-0.03228657912219166
81.9602	-0.0327711553344041
81.980004	-0.036794567175155876
81.999983	-0.040431941063794496
82.019969	-0.03917126433634757
82.03998	-0.0313755781780243
82.060041	-0.01994902707064151
82.080006	-0.010804625316739081
82.100278	-0.008992584188598397
82.119949	-0.015243525903546815
82.139988	-0.02558194582777619
82.159986	-0.03439539735968708
82.179945	-0.038696390903434144
82.200208	-0.039889102520796665
82.219962	-0.04176990977810323
82.240019	-0.04682386280205846
82.259981	-0.054171836147001384
82.279974	-0.06086027361978293
82.300039	-0.0646377830007106
82.319979	-0.06530950604053139
82.34012	-0.06371734369882047
82.360209	-0.060158048118159176
82.380243	-0.054282996521919945
82.399967	-0.046328143158692124
82.420023	-0.03783658981670141
82.440267	-0.03071595591857731
82.459963	-0.025587987113970513
82.479952	-0.021215689210376143
82.499982	-0.015877191533613208
82.52064	-0.009235140027958152
82.539968	-0.002734315617847441
82.559961	0.00172932799577415
82.579954	0.003558267647314073
82.59999	0.003939484024363757
82.620195	0.0046304745485186575
82.64025	0.006423372716492414
82.6602	0.008691671620208025
82.679974	0.010279921333891152
82.699966	0.010889558823913334
82.719957	0.011501040606856342
82.74035	0.013541952581793072
82.759977	0.017390572523415096
82.779996	0.021623407097250226
82.799929	0.023702310262647276
82.820008	0.021770852845689654
82.839934	0.01620059941149652
82.859994	0.009557137136462335
82.87994	0.004864791844770314
82.900092	0.003369883330944181
82.920209	0.0036748813744157554
82.940129	0.0030361250578373666
82.959967	-3.191366059839728E-4
82.97996	-0.005543281283676623
82.999954	-0.009684646647900344
83.019958	-0.009938283311825993
83.041004	-0.005807623648685216
83.060496	3.434639955103406E-4
83.081062	0.004724368496885895
83.099931	0.004421352467757463
83.120011	-9.190619846045977E-4
83.140023	-0.008805087576207519
83.160002	-0.015218878090029957
83.179977	-0.01675612382439673
83.200036	-0.012598054627904295
83.219961	-0.0053461612057328235
83.24004	1.7479922196567057E-4
83.25998	-9.477531312108017E-5
83.279973	-0.0062910019709259265
83.299987	-0.01388552227862179
83.319976	-0.016521367360913752
83.340288	-0.010869201014515759
83.360735	4.938115426421169E-4
83.380002	0.010914365326273443
83.399988	0.015232930958896872
83.419966	0.01418112903291881
83.440022	0.013481289985629917
83.459972	0.018452926561251283
83.479981	0.028852104871702193
83.500033	0.03883445002295972
83.519965	0.04206289473584294
83.540009	0.03719396398310362
83.559968	0.02893049022108019
83.579976	0.023835272757181527
83.599972	0.025123815237700953
83.619963	0.03095218446398079
83.640318	0.037022803608325126
83.65997	0.04046585458649995
83.679975	0.041176717009595035
83.700023	0.04017805492048263
83.720028	0.03773041752397418
83.740032	0.033481904130002856
83.759992	0.028068526281571384
83.779969	0.02385768963851631
83.800063	0.023486042492231733
83.819981	0.027715700692579153
83.839957	0.03490399633367361
83.859983	0.04256813984254597
83.879988	0.04922127963252665
83.90002	0.05461782468084395
83.920038	0.05853006305807234
83.940036	0.059856625397643456
83.959964	0.0573300260731846
83.980017	0.05115348450136481
84.000049	0.04354394530714155
84.020273	0.03739133281431794
84.039982	0.034266930434378985
84.060057	0.033851555294048784
84.080026	0.035094778629428156
84.100352	0.037558227866503605
84.119967	0.041331993669191
84.140112	0.04568611117967964
84.160235	0.048554274582716835
84.179996	0.04798761625598073
84.200222	0.04441173246789276
84.219992	0.04107608393143713
84.23998	0.04165231555565597
84.259962	0.047030091411554814
84.279972	0.05460540825241803
84.299973	0.06057413938497603
84.320203	0.06315039752093254
84.340009	0.06350563626394272
84.360002	0.06354186493710576
84.380239	0.06342151415380239
84.399981	0.06150934899492859
84.419953	0.05661496978525817
84.440065	0.04990766824812293
84.459972	0.044278101821252705
84.479965	0.04180835234229865
84.500788	0.042079068469473714
84.519959	0.042838086588761225
84.540006	0.042155715941023825
84.559972	0.03990501528581381
84.579993	0.037170130146789555
84.600024	0.03499781662416756
84.619983	0.03358778475589453
84.640073	0.032315264224404096
84.659976	0.030093104276788234
84.679988	0.025486395610469587
84.700001	0.017182154595789312
84.719972	0.005364164045765994
84.740165	-0.007343474838161468
84.760236	-0.016887549209412933
84.779995	-0.020664009321156144
84.800014	-0.02007014673312605
84.820009	-0.019813532807084918
84.840316	-0.024123743504279847
84.859999	-0.03315869434492588
84.880219	-0.04289426816014648
84.899928	-0.048642728165307625
84.920032	-0.04887826033631861
84.940021	-0.045812228226646795
84.960255	-0.04255227357944251
84.979987	-0.03986734071196616
84.999969	-0.03561609979326427
85.020067	-0.027423175545173883
85.039998	-0.015709325870001317
85.060278	-0.00423062648574412
85.079983	0.002330409892725945
85.100062	0.0016882602041065687
85.119978	-0.00445341074871421
85.140119	-0.01152837287913859
85.16	-0.015010188815584776
85.179998	-0.012870517477050423
85.200233	-0.00644216231149137
85.220235	8.583126780033114E-4
85.240027	0.005636132444033026
85.260222	0.006213368500250577
85.28003	0.0030119621151804923
85.300057	-0.0024043415746063
85.320267	-0.00848680728632808
85.340027	-0.014233831254282594
85.359974	-0.01921347180793882
85.379989	-0.023391167599037286
85.399997	-0.027004715639880304
85.419983	-0.030498247154423595
85.440009	-0.034127923931902636
85.460881	-0.037425157188561556
85.480896	-0.03914438716411589
85.499985	-0.03802450592957436
85.520218	-0.033961984819406286
85.540102	-0.02866882484796048
85.560261	-0.025224908213859795
85.580282	-0.026376692328423264
85.59999	-0.032578031510660056
85.61992	-0.04125138530682029
85.640057	-0.04808905214255153
85.659963	-0.04977122170709968
85.679988	-0.04609604806688427
85.700029	-0.03998034008630515
85.720016	-0.035211356948882354
85.740038	-0.03389288541479707
85.759976	-0.03526275833745896
85.779973	-0.03686613037534951
85.800059	-0.03669328159522711
85.820282	-0.03437139311746955
85.840326	-0.030686163754358883
85.859993	-0.02620462914571166
85.880245	-0.020761578787776833
85.899972	-0.014113563469651336
85.91997	-0.007041992346096039
85.940058	-0.001292864657852054
85.960202	0.0016214737469494337
85.979981	0.0015666338068574665
85.999926	-3.9518167235255263E-4
86.020032	-0.003293643149816991
86.040087	-0.007231337971636654
86.060016	-0.013091780741015075
86.079987	-0.02106000301741362
86.099961	-0.029504077768307924
86.120035	-0.03526914315233231
86.140028	-0.03535493936904668
86.159997	-0.02889870136018992
86.180359	-0.017922789030253884
86.199961	-0.006376730102723837
86.219959	0.0018380721821278335
86.240006	0.004677097000357508
86.259985	0.002960210292056203
86.280241	-2.1069737755656287E-4
86.300005	-0.0012390842144131657
86.319948	0.0018597370832920072
86.340055	0.008312651103454825
86.359981	0.015349796046358347
86.379999	0.02034572633602917
86.40001	0.022766420732697846
86.419999	0.024039404768443105
86.440066	0.025757119797068836
86.459969	0.027809418285629158
86.47998	0.028508161422488094
86.50005	0.02644175730228723
86.520435	0.022210116567584877
86.540009	0.018335504729700084
86.560244	0.017517071457827098
86.579976	0.020852794958588484
86.599981	0.027437347590264678
86.619977	0.03539738587634264
86.640199	0.04287011444102824
86.659971	0.04835635482372345
86.679982	0.0505842519630313
86.69999	0.04888147266388237
86.719975	0.04393315712435542
86.739985	0.038035091679316756
86.760002	0.034223567594900736
86.779975	0.03427610743367075
86.799965	0.03724474244865477
86.819958	0.03993180446493923
86.83998	0.03915737642869354
86.860094	0.034115331880685676
86.879975	0.026869934843593835
86.899968	0.02057985782583654
86.919961	0.01711173372647166
86.940043	0.016197985127952702
86.960221	0.01664785787157416
86.98001	0.018279093832981597
87.000053	0.022362555717119578
87.020009	0.029990259560009835
87.04003	0.039963306132665286
87.059975	0.048607098425403235
87.079983	0.05199921112133265
87.100034	0.04876390284930469
87.120047	0.041243627620685085
87.140326	0.033980886511728176
87.16	0.030800527004760502
87.180254	0.03267149124608339
87.200289	0.03773264632119237
87.220035	0.043049003202432386
87.239961	0.046507629832839965
87.260084	0.047585777166441086
87.279992	0.04677308814341128
87.300029	0.04437749325436652
87.319989	0.04014473248080015
87.339979	0.03405526302238702
87.360224	0.027458616158503292
87.380013	0.023199873690950872
87.400076	0.02408600324470401
87.420012	0.030759524410274627
87.440274	0.04079355449110271
87.459967	0.0499588879089117
87.479976	0.05495509742080569
87.500021	0.05546276877582074
87.519986	0.05400165129420759
87.539956	0.05400007183011174
87.560049	0.0575324664509356
87.579989	0.06428797596338393
87.600283	0.07212771930976807
87.619951	0.07849095142170191
87.640047	0.08173784425789715
87.659959	0.08183139539208709
87.680317	0.08005894899352492
87.700026	0.07803825862700642
87.720062	0.07673178580242397
87.73995	0.07599521034099756
87.759981	0.07480498034535349
87.77996	0.07209802353218199
87.799958	0.06766571474786401
87.819955	0.06258924884397983
87.84005	0.05893049272789956
87.860206	0.05881385793834924
87.879952	0.06311860987817944
87.899956	0.07054589124104381
87.919956	0.07795620788868068
87.939987	0.0818603822128266
87.95996	0.0801910165186405
87.979982	0.07336751588476598
87.999953	0.0640850776071668
88.019939	0.055809897881442326
88.039995	0.051083588027673946
88.059983	0.05056136537394821
88.080274	0.05330190587043763
88.099979	0.05790166114100814
88.119974	0.06356714808737635
88.140149	0.07033036986279191
88.160047	0.0781994841844827
88.18076	0.08618830061772172
88.200016	0.09220799242368041
88.220198	0.09417214118773935
88.239971	0.09160679800184668
88.260085	0.08642278530125917
88.28029	0.08211100936270356
88.299992	0.08178451763736011
88.320089	0.08652111748795212
88.34076	0.09495727849481703
88.359953	0.10419730398237709
88.379973	0.11125164872685672
88.399981	0.11431247597514689
88.420158	0.11351039623469114
88.440606	0.11075425736428503
88.459985	0.10861681976585687
88.480035	0.10845431297665833
88.500291	0.10932040290424226
88.520233	0.10894209301724138
88.540358	0.10608422919964491
88.560319	0.10205547920362058
88.581184	0.09961051854676306
88.600011	0.09995980357726514
88.620526	0.10108890588927569
88.64037	0.09952030006300507
88.660276	0.09394250023910104
88.681155	0.08713195607151687
88.700297	0.08385204943805037
88.720378	0.08671979485026599
88.740605	0.09412832550330164
88.75997	0.1021777868884355
88.781056	0.1085418709859431
88.800248	0.11435434411717352
88.820173	0.12220836010520758
88.840558	0.1327185772415072
88.860957	0.14332184682843688
88.88095	0.15031835914292638
88.900068	0.15184899073077138
88.920291	0.14882589941175883
88.940032	0.14344481208021642
88.959971	0.13739255303802195
88.980058	0.13159508167531497
89.000028	0.1271412635948062
89.020024	0.1254372049304396
89.039971	0.1269161863273591
89.060055	0.1298545894639552
89.079996	0.13114507822681962
89.100031	0.12872406941801615
89.120031	0.12357826663067047
89.139983	0.11900237945517897
89.160207	0.11749023670506478
89.179981	0.11844470928377508
89.200001	0.11898624976025224
89.220214	0.11722933938290178
89.240086	0.11473080671592951
89.260262	0.11529023452824057
89.279988	0.12097421389527624
89.300024	0.12938520455524025
89.319997	0.13507696981592177
89.340114	0.13414440517372486
89.360212	0.127715474011901
89.379967	0.12095771495083868
89.400062	0.11859282758857607
89.420283	0.12102601088782847
89.43998	0.12443929272486275
89.460044	0.12417800153093639
89.479986	0.11812800621857047
89.499974	0.10724317365503908
89.519987	0.09376704439693691
89.539989	0.07962243584788739
89.559972	0.06623641224162576
89.57996	0.0553715736703217
89.600004	0.049121771714904915
89.620016	0.048643951872485894
89.640007	0.05285293488835991
89.659996	0.05864355587994458
89.68036	0.06267595913682282
89.699965	0.06327644613311591
89.719942	0.06101830196137129
89.740018	0.057605309832879883
89.759971	0.05415084669126272
89.779954	0.05028091328410805
89.80003	0.04455946780554058
89.820215	0.03575862414169908
89.840011	0.024131894441622496
89.859975	0.01160049106272161
89.879968	7.772093304902313E-4
89.899963	-0.006448738533058762
89.919969	-0.009813634896549584
89.939995	-0.010416461581760643
89.959951	-0.009802891757136584
89.979956	-0.009135545788437128
89.99994	-0.009031113501900436
90.019953	-0.009836166541489957
90.039988	-0.01177268568612039
90.059953	-0.014774141385504607
90.081755	-0.018434794759440418
90.099972	-0.022217641190874583
90.119956	-0.025832554948264363
90.140038	-0.02916252171609999
90.159966	-0.03179060826057492
90.179959	-0.03292571786976755
90.200041	-0.031862462462574244
90.219932	-0.028760108154183627
90.240081	-0.02502763408431708
90.259965	-0.022829768574514988
90.280054	-0.024229244907054307
90.300062	-0.030239362369775778
90.319924	-0.03993572137840688
90.340012	-0.0501247497759402
90.359965	-0.05634271966127157
90.379996	-0.055311437176218635
90.399988	-0.04736522530990243
90.420043	-0.036619890559771655
90.440002	-0.02844910452544689
90.460214	-0.026053023133552074
90.48484	-0.029255109741067896
90.499949	-0.036162656366765515
90.520011	-0.045357514941307894
90.540023	-0.056137527801015975
90.56018	-0.0665267747858137
90.580015	-0.07239837270182967
90.600099	-0.0698827738582462
90.619981	-0.05944956341670751
90.639989	-0.04717258287198245
90.660039	-0.04071545493625403
90.680372	-0.043045496592444187
90.700284	-0.04978179142705501
90.720581	-0.052970476769137374
90.739994	-0.04788477787092923
90.76001	-0.036658919518783695
90.780114	-0.025579095289978385
90.800372	-0.019029933835372333
90.819956	-0.015971360194951295
90.842493	-0.011640074821445344
90.859995	-0.0022769825175464145
90.879992	0.011831077181074026
90.900015	0.027127092835527656
90.920045	0.0399190814258039
90.940037	0.04858605648237169
90.960241	0.053429509179395436
90.980006	0.055323215876594174
90.999986	0.05498561294879914
91.019983	0.05338736166552305
91.040026	0.052065848938831684
91.060232	0.05244781796479223
91.079997	0.05459720713217257
91.099983	0.056754234343725445
91.119985	0.056551575345790396
91.140057	0.053069366872668264
91.160353	0.04771014958544075
91.180036	0.0432715666963607
91.200067	0.042065818417513376
91.219979	0.044502587927943454
91.240005	0.04939632511535884
91.259966	0.055144296707162276
91.280205	0.060745961523741496
91.300222	0.06605914305962916
91.320204	0.07125500725272599
91.340308	0.07623150530540647
91.359976	0.08032876988776327
91.380054	0.08265224909742477
91.400231	0.08277552248972954
91.42026	0.08141539434622526
91.439973	0.080424676768893
91.460759	0.08180561732809544
91.480036	0.08632460101121069
91.499964	0.09295843008355499
91.519949	0.09967924072544575
91.539993	0.10478924963636099
91.560866	0.10760598896184265
91.579978	0.1078563451126814
91.600034	0.10499917436119915
91.620296	0.09866978134451213
91.640124	0.09003158124668599
91.659984	0.08228652704419494
91.680033	0.07909825103842913
91.700057	0.08196585808776914
91.720013	0.08900912002500294
91.739976	0.09649781107272505
91.759987	0.1017410536204666
91.780007	0.10470133801964819
91.799982	0.10705645098685623
91.819966	0.10993623703421354
91.840005	0.11258697456150057
91.860049	0.11319829226779045
91.879993	0.11071301281552014
91.900209	0.10593401366693377
91.919952	0.10110657594015598
91.940023	0.09832492829349639
91.959979	0.09799999787755907
91.979998	0.09851906380223632
92.000014	0.09744386291618942
92.019983	0.09362695845548513
92.040041	0.08869416381060183
92.060006	0.08633594460367858
92.079984	0.08949331110686955
92.099996	0.09744116947328749
92.120525	0.10551212458503245
92.139982	0.10807365730043648
92.160348	0.10275317897724509
92.18028	0.09245298717278244
92.199976	0.08352387219918968
92.220416	0.08148032537629603
92.240006	0.08716250501063168
92.259954	0.09620957227307554
92.279976	0.10216371539804041
92.300008	0.10093548881909549
92.32021	0.09353459275884926
92.339951	0.0851867068528682
92.360026	0.08137178574972155
92.380096	0.08388969681649507
92.399998	0.08999435257660747
92.420695	0.0949307612061411
92.44075	0.09582093540295658
92.460891	0.09347541394011677
92.480715	0.09106303973795177
92.499976	0.09122074159209431
92.519933	0.09425395138100681
92.540047	0.0983963531335473
92.559987	0.10124308502885102
92.579997	0.10086914539312124
92.600015	0.09626487113459707
92.620055	0.08790409696336984
92.640019	0.07813672904939356
92.659969	0.07066858716430365
92.680013	0.0682794305629462
92.70027	0.07042641129467489
92.720961	0.0731138414779276
92.740298	0.07187190798051954
92.760375	0.06565430172171889
92.780145	0.058089771574851866
92.80021	0.05458765211315155
92.819976	0.0576338892552644
92.839965	0.06440878458903135
92.859948	0.06892772777766884
92.880032	0.06700052291175129
92.900054	0.05970796425721644
92.919961	0.05246811164394021
92.939981	0.050580004243648065
92.959957	0.054837968554440154
92.980015	0.06103716279208361
92.999969	0.06351902772212327
93.019934	0.059666914068818105
93.039956	0.05162037685759663
93.059953	0.04413007299663424
93.079926	0.04063337840203644
93.100189	0.041000354958391196
93.119952	0.04266433961448073
93.14211	0.043507295305955394
93.159985	0.04383420092408954
93.179979	0.04556285116698147
93.199988	0.04966301734993756
93.21998	0.054523793807974466
93.240284	0.05688113646063209
93.260206	0.054527446023169154
93.279951	0.04843029991911948
93.299984	0.042050110318952796
93.319962	0.038520178806000956
93.342616	0.03808381205452087
93.360227	0.038034634240543846
93.379969	0.03535290441662371
93.399975	0.029687890361800792
93.419971	0.02398167644666434
93.441663	0.02204923535105288
93.459999	0.025043965359345076
93.48039	0.03007245728010536
93.500027	0.03236708610914946
93.520181	0.029269235867899653
93.542137	0.022752075960433483
93.559979	0.01808981325058639
93.580037	0.019705723326811194
93.599986	0.027693549765709046
93.620146	0.03776953126244843
93.642361	0.04462742660360335
93.660263	0.04610137251259387
93.68028	0.04479038014711143
93.700285	0.046262573150581125
93.719921	0.05505713201687931
93.74224	0.0713338410982877
93.759974	0.09045989902511238
93.780214	0.10563919853711723
93.799979	0.11190826137047113
93.820011	0.1089965526372492
93.841755	0.10115409210706053
93.860051	0.09414148448543845
93.87997	0.09163591311689617
93.89997	0.09347880483608845
93.920201	0.09705405435885195
93.942925	0.10029347526877821
93.960004	0.10357315810226797
93.979983	0.10905931920571628
93.999979	0.11812750163973272
94.019975	0.1293790766139388
94.040003	0.13922739052964153
94.060264	0.14444394794529972
94.080037	0.14429811650618907
94.099956	0.14036558119325043
94.119927	0.13443624442186652
94.141074	0.1269050227508873
94.168353	0.11718234765009582
94.180279	0.10554364870818557
94.200141	0.0942748293606371
94.220232	0.08649713333287833
94.240516	0.08381363058137595
94.260536	0.08506050698308944
94.281026	0.08729947694168094
94.301256	0.08813901208626627
94.320592	0.0872072073167175
94.34002	0.08565853211285175
94.35997	0.08448708368029298
94.379973	0.08350905671837332
94.400078	0.0817181056831211
94.420028	0.07840623870184124
94.440001	0.07372786491447687
94.459984	0.06815305163590014
94.479992	0.061698152320343244
94.499967	0.053657201847058536
94.519978	0.04330845481598974
94.54003	0.030947821540004018
94.559993	0.018306144675862786
94.581689	0.007892466552948951
94.599989	0.0015105112279713167
94.620028	-0.0010157528010070324
94.639975	-0.0017688440444976097
94.660066	-0.003200310498106479
94.682916	-0.0061656210200518365
94.699967	-0.009086482617756722
94.720051	-0.00931044028251469
94.740095	-0.005585064437636733
94.760015	3.812301553100353E-4
94.782692	0.00479527184022665
94.800094	0.004705764328715205
94.819997	4.483604376673705E-4
94.839995	-0.004380330141454933
94.859958	-0.005761499097776415
94.880143	-0.002739489791759848
94.89996	0.0014356383314907553
94.919971	0.001819417078152299
94.939991	-0.0038890660413950706
94.959982	-0.01290883115839362
94.980017	-0.019074843798136714
94.999955	-0.017726117823386196
95.01998	-0.009538025241643188
95.039993	-3.952101353406965E-5
95.059984	0.004842976972782613
95.080005	0.0032098659682095044
95.099985	-0.0021527469414144764
95.120043	-0.00689681206897199
95.140014	-0.008917780102103947
95.159969	-0.009308536456725003
95.179984	-0.01028026290718019
95.20001	-0.012741345900037884
95.220014	-0.01600848388565183
95.240045	-0.01936979289755524
95.259959	-0.023347447914314267
95.279993	-0.028991520292258263
95.300562	-0.03602562632522583
95.319963	-0.04229505841130912
95.340035	-0.04529009715371131
95.359989	-0.04434959085244834
95.380245	-0.04124143733056487
95.399941	-0.03850187791464032
95.420026	-0.03735023726854025
95.440089	-0.037174108831545725
95.459983	-0.036839863612928986
95.48004	-0.03612084377547504
95.500062	-0.03553408439657392
95.520024	-0.03507484493149519
95.540044	-0.033743268920913345
95.559985	-0.030615898956644537
95.579968	-0.026438504772326354
95.59999	-0.02353148445893825
95.620029	-0.023703387835761904
95.639959	-0.02615588994999527
95.660017	-0.027691250218334792
95.68007	-0.025378266391849518
95.700021	-0.01918574344343841
95.720021	-0.012071645066326856
95.740062	-0.007444385584405064
95.759981	-0.0065551601287394765
95.779986	-0.008272781435808538
95.799993	-0.010908204603475335
95.82019	-0.013974461989822985
95.840003	-0.01803380256058276
95.860198	-0.02310722999517024
95.879959	-0.0278700106038928
95.899965	-0.03045299211776852
95.92011	-0.0301267440694213
95.939951	-0.028042326178121562
95.960633	-0.02614744086947739
95.98004	-0.025449312520310286
96.000023	-0.025166027983665466
96.019967	-0.023604082700806855
96.040151	-0.019960530036517984
96.060514	-0.015709102053049203
96.080415	-0.014137030271404984
96.099999	-0.018014777524587508
96.119987	-0.0270506887647301
96.140296	-0.03729113398595155
96.160455	-0.04339329158316256
96.180542	-0.04238426520226894
96.200615	-0.0359231021899253
96.220672	-0.028842605405870074
96.240942	-0.02530043089097738
96.260246	-0.02563197414213718
96.280656	-0.02679817302905321
96.300015	-0.02564140138224959
96.320056	-0.021776539326709504
96.340044	-0.017599620945423847
96.36023	-0.015829183228346713
96.380005	-0.01749591989901662
96.400229	-0.021866494688689703
96.419992	-0.027723077812409413
96.440075	-0.03410711200518906
96.460041	-0.040145338955044754
96.479991	-0.04483572581849695
96.499997	-0.04776049200550019
96.52025	-0.04974529994381965
96.54004	-0.052321711342924834
96.559987	-0.05619367378073632
96.580232	-0.06004108579384388
96.599972	-0.06133626217758655
96.619941	-0.05827487203756571
96.640065	-0.05106925275678337
96.659999	-0.041659714420306686
96.680039	-0.03237849822088481
96.699985	-0.025042106235498192
96.720009	-0.020903426694455742
96.740329	-0.020909859296435126
96.760083	-0.025318484702703363
96.780213	-0.03317566257506608
96.799972	-0.04233237742394805
96.819977	-0.050224591502094254
96.840043	-0.05486366135330199
96.85998	-0.05519406649886966
96.880227	-0.05089507064098119
96.899955	-0.04225771871632635
96.920052	-0.030369386372843383
96.940077	-0.017270306953355668
96.959969	-0.005827268427327275
96.980026	0.0010570994715541598
96.999968	0.0014922445875436069
97.020042	-0.004479165735456348
97.040141	-0.014651788656842708
97.06033	-0.025519666645804052
97.080076	-0.03392877074804008
97.099999	-0.03837057029253244
97.119969	-0.038987744160923356
97.140097	-0.03652044272201358
97.160131	-0.03142864483034611
97.1802	-0.02416315235747397
97.199966	-0.016174413330191373
97.220128	-0.010135934845906499
97.24008	-0.00866580521938503
97.259984	-0.012323291834333542
97.279997	-0.018761535916531086
97.300012	-0.024056434084138274
97.32085	-0.02522556596520543
97.340168	-0.021922964191624518
97.360001	-0.016134601576653123
97.380045	-0.010561960409948227
97.4001	-0.007023333701214192
97.419985	-0.00592106004399657
97.440098	-0.006471062753948569
97.459992	-0.007150488276246193
97.479964	-0.006278945027440787
97.500061	-0.002762200669202209
97.520224	0.003179374835136533
97.540209	0.010019692107596996
97.559974	0.015618170331034065
97.579982	0.01815978903616369
97.600078	0.01670550453527271
97.620079	0.011271120297542212
97.640122	0.0027454726334512234
97.660067	-0.007172398673269151
97.679978	-0.01637123321231007
97.700265	-0.02322975939063132
97.720065	-0.02728317157577277
97.740075	-0.02916342567672134
97.759993	-0.029626338780742886
97.779979	-0.0287211586741209
97.799974	-0.026373798110306265
97.820041	-0.023922589621672034
97.840109	-0.024516545140147214
97.859981	-0.031034855772665137
97.879982	-0.042651567351582646
97.899966	-0.05357601206450761
97.920001	-0.056295336297863714
97.940106	-0.04736742690826058
97.95997	-0.030872684487795832
97.979992	-0.015913828821972013
98.000166	-0.009866658654499054
98.01999	-0.013127058524635431
98.043628	-0.019617280807301404
98.060214	-0.02221379779173136
98.079982	-0.018057536646237972
98.100028	-0.009332363131701946
98.119986	1.399352413386107E-4
98.140127	0.00835157808712125
98.159967	0.015272195999169352
98.179964	0.020578356747111677
98.199992	0.022447770307347167
98.220024	0.019222766281247135
98.240052	0.011792420050850513
98.260207	0.0035860363176256436
98.279991	-0.0023291681422024967
98.300046	-0.00596499351130724
98.319997	-0.009846136586925387
98.340166	-0.015687298932895066
98.360331	-0.022010349218174817
98.37999	-0.025304654613834625
98.400062	-0.02364922510202825
98.419955	-0.01888045091572404
98.440134	-0.01492058383481503
98.460244	-0.013951682942792771
98.479971	-0.014483262265402079
98.499975	-0.01317365735193789
98.519965	-0.008353285519853232
98.540129	-0.0014591073607683185
98.56023	0.004915992655909063
98.579991	0.009865053992292282
98.599963	0.014659230386206505
98.619968	0.020543123734468226
98.640221	0.02636143349794447
98.659969	0.028902265270939472
98.680434	0.025806110887420176
98.699963	0.018360690965771673
98.719954	0.011246173407158258
98.740172	0.009233829683089254
98.759979	0.013544802608352901
98.780011	0.021005218730655317
98.799987	0.026685768116068834
98.819959	0.027807789164444804
98.840204	0.025585024323126676
98.860231	0.023558055660355095
98.880153	0.024239031258594994
98.89997	0.026870897988063105
98.919957	0.028112420572087165
98.940265	0.024828834210062028
98.964295	0.016561744288197157
98.980379	0.005903267189875245
99.000045	-0.0032853082886248825
99.020068	-0.008274473819297554
99.040224	-0.008869286131110788
99.060725	-0.007233981635123494
99.080268	-0.006440224540573359
99.100057	-0.0086651591840297
99.120085	-0.013856894509989028
99.140452	-0.019545123037314416
99.159972	-0.022080160986268513
99.179972	-0.01902728178903759
99.199995	-0.011155748290547728
99.219985	-0.0026414105693668114
99.240144	0.0013868019072443248
99.25997	-0.0017177985749751328
99.280021	-0.009967618760758634
99.299963	-0.017695597768738865
99.31996	-0.019327239209005243
99.340397	-0.013072423643893003
99.359972	-0.002004783748167754
99.380063	0.008089360688385365
99.400009	0.012541695783209803
99.42006	0.010434286618584391
99.440412	0.00429606165741384
99.460197	-0.0023345729992240677
99.479974	-0.0072609459817081674
99.500038	-0.010282806355381013
99.520024	-0.01221742421684265
99.540184	-0.013678054444238546
99.559968	-0.014823102940481904
99.579977	-0.015934648201879852
99.600211	-0.017792019065749648
99.619982	-0.021230642899131773
99.640125	-0.026308301572525505
99.660209	-0.03178312243786155
99.679983	-0.03542405625605882
99.70022	-0.03507172449927926
99.719988	-0.029860402327582237
99.74018	-0.02084791103802025
99.760291	-0.010698595680803061
99.780265	-0.0025206465463906537
99.79999	0.001741734387740493
99.819948	0.0023832739464432007
99.840254	0.0018831764947980652
99.859976	0.0036100959117680784
99.880044	0.009867174549859763
99.900052	0.020478066930422187
99.920005	0.03271067913425862
99.940144	0.042609727032107136
99.959968	0.04707838871179819
99.97997	0.04557764006504713
99.999968	0.04044788436367213
100.020015	0.035602296973958614
100.040144	0.03424732773731647
100.059952	0.03726531820417345
100.080026	0.04329488712823987
100.100094	0.05015991223910151
100.119955	0.05637015698533058
100.140076	0.06136972241172196
100.159968	0.06494698082797527
100.179978	0.06685008580669463
100.200844	0.0670789366541475
100.220654	0.06627923896447122
100.241199	0.06518808527839186
100.259967	0.0636138977692246
100.279979	0.06024824759539366
100.299966	0.054145700182902816
100.319967	0.0465617177525282
100.340178	0.040974596987435226
100.360025	0.04033235542720555
100.380019	0.04367666749526859
100.400052	0.04579640352321566
100.419957	0.04082598346612156
100.440161	0.02708266661072969
100.459963	0.00887425448472202
100.479965	-0.006453464010062814
100.500068	-0.013738252137291433
100.520032	-0.013219207656824591
100.540261	-0.009652475167155268
100.559964	-0.008429112741315364
100.579961	-0.01191471664304137
100.600034	-0.01841978278918564
100.620073	-0.023892303471794725
100.640234	-0.024878075217378136
100.660115	-0.020656643775796884
100.679983	-0.013582499491685631
100.699984	-0.007582906378898025
100.720038	-0.005680696904519201
100.740212	-0.00831551935571134
100.760087	-0.013314486585098506
100.780267	-0.017556965435144303
100.800376	-0.019270538900327684
100.820271	-0.01918813573198616
100.840399	-0.019603711178234225
100.860012	-0.02240319003691077
100.88006	-0.027453685942295192
100.90004	-0.03270154186325671
100.919975	-0.03579836457718611
100.940143	-0.0356846747157842
100.959974	-0.03291034529543222
100.980045	-0.028566779216605425
101.000041	-0.023083416454362855
101.020022	-0.016160977667605877
101.04058	-0.007918975737565757
101.059992	1.0440209922790444E-4
101.080222	0.005394935250660778
101.099978	0.006233466225284338
101.120112	0.003358818745952845
101.140326	-1.6685964078009071E-4
101.160006	-0.0010178650505304337
101.180236	0.001969128752619028
101.199983	0.007017092605325579
101.219978	0.010828415379869939
101.240176	0.010925432608649133
101.259963	0.00706140341516137
101.279964	8.385744500815867E-4
101.299983	-0.005915898470529913
101.320016	-0.012610556281986833
101.340445	-0.01994765464059412
101.359998	-0.028849148783719546
101.380043	-0.039055264189749944
101.400039	-0.04871526579285562
101.419966	-0.0553757776527077
101.440167	-0.05750631658966244
101.459948	-0.05538149345058799
101.47999	-0.05062829733678103
101.499954	-0.044994752399688955
101.520037	-0.03964915846553444
101.540358	-0.035363590709748864
101.560398	-0.032946543172824375
101.57996	-0.03295951178680658
101.600025	-0.034753674672278766
101.620251	-0.03607075867262184
101.640046	-0.034058424807265404
101.660875	-0.027323377430996297
101.679971	-0.01739001668252647
101.700124	-0.008026146772760158
101.720024	-0.0028057725706666704
101.74004	-0.0028612599142581233
101.759975	-0.006602235089141131
101.779972	-0.011379093935146932
101.800022	-0.015333395969334241
101.820005	-0.017919275234842293
101.840327	-0.01914087721946239
101.860208	-0.018807668290561436
101.880115	-0.016876071896556016
101.900055	-0.014460709762373566
101.92022	-0.013856038203644753
101.940033	-0.01688275036561787
101.959971	-0.022652168751806017
101.980007	-0.026929866132277252
102.000026	-0.024254028794205188
102.02003	-0.011855255327233674
102.040075	0.007385901174777747
102.060221	0.025540104677751658
102.079999	0.03385895709070564
