145.660079	-1.0982211828231812
145.680042	-1.0186991691589355
145.700016	-0.6766014099121094
145.72005	-0.6115936040878296
145.740216	-0.7246437072753906
145.760035	-0.7198565006256104
145.779989	-0.8478427529335022
145.799986	-0.5692586898803711
145.819985	-0.34962135553359985
145.840054	-0.3068459630012512
145.86032	-0.1703055500984192
145.879986	-0.21649080514907837
145.899985	-0.48464614152908325
145.920028	-0.16175955533981323
145.940224	0.15645331144332886
145.960265	0.019063740968704224
145.980128	-0.09846359491348267
146.000398	0.41234511137008667
146.019976	0.14744257926940918
146.040037	0.18154358863830566
146.060046	0.760457456111908
146.079978	0.9808151721954346
146.100095	0.5445185899734497
146.120297	0.8329036831855774
146.139957	0.7719607949256897
146.160001	-0.39188623428344727
146.179981	-1.1852302551269531
146.200216	-0.8814088106155396
146.219987	-0.3178916573524475
146.240012	-0.3249862790107727
146.260307	-0.5601837635040283
146.280227	-1.4615546464920044
146.300248	-2.955084800720215
146.319964	-2.0754973888397217
146.340056	-0.5385966300964355
146.360234	0.3874649703502655
146.380088	0.4704609513282776
146.402772	0.3599579334259033
146.420054	0.28290215134620667
146.440048	0.30464139580726624
146.460086	0.7030676603317261
146.480067	1.2565537691116333
146.500171	1.341698169708252
146.52004	2.2861692905426025
146.539994	2.567586898803711
146.56029	2.3613736629486084
146.579996	0.7294278144836426
146.600195	-1.1349176168441772
146.620029	-1.9385097026824951
146.640253	-1.4683587551116943
146.660024	-0.8857511281967163
146.679981	-0.8679739236831665
146.70026	-1.567861557006836
146.72063	-2.5949556827545166
146.740885	-2.4718375205993652
146.759973	-2.465458631515503
146.780058	-2.2670531272888184
146.799997	-2.6718955039978027
146.820206	-2.884552001953125
146.840017	-2.833056926727295
146.859975	-2.3031020164489746
146.879954	-0.9680509567260742
146.899953	-0.7877859473228455
146.920009	-0.5956228971481323
146.940014	0.22216510772705078
146.959974	0.30307137966156006
146.979978	0.3914455771446228
147.000004	0.5230313539505005
147.020066	0.2889470160007477
147.039988	0.31835925579071045
147.060318	0.41711366176605225
147.079997	0.3574684262275696
147.100068	-0.1910085678100586
147.120007	-0.35593438148498535
147.139967	-0.33993369340896606
147.160291	-0.2328091859817505
147.179993	0.11297142505645752
147.199988	0.4492796063423157
147.220005	0.550513505935669
147.239976	0.8399301767349243
147.260287	1.1043591499328613
147.279997	1.6039494276046753
147.300254	1.9199227094650269
147.319965	1.0055358409881592
147.339974	0.5169157981872559
147.360049	0.06068447232246399
147.379992	-0.5525701642036438
147.400055	-0.6369432806968689
147.420111	-0.40278729796409607
147.440168	-0.06970365345478058
147.460032	0.10429741442203522
147.479991	0.09412732720375061
147.500178	-0.0708756148815155
147.520002	-0.19743597507476807
147.539985	-0.5779381990432739
147.560099	-0.4731564521789551
147.579999	-0.4222065806388855
147.600006	-1.0949991941452026
147.620034	-1.5332690477371216
147.63999	-1.7878124713897705
147.660041	-1.2815124988555908
147.679997	-0.8758561015129089
147.70001	-1.4949913024902344
147.720242	-2.3657007217407227
147.740171	-3.8593382835388184
147.760024	-3.0379385948181152
147.779993	-1.8888018131256104
147.800247	-1.2880498170852661
147.820043	-1.3340339660644531
147.839984	-1.1416689157485962
147.860086	-0.8918319940567017
147.879983	-0.6119866371154785
147.900028	0.5384490489959717
147.920073	1.0535142421722412
147.940036	1.587744116783142
147.959971	2.5056443214416504
147.980104	2.6460952758789062
147.999979	2.6011204719543457
148.020052	2.6298580169677734
148.039989	2.403676986694336
148.060305	2.1045303344726562
148.079995	1.7028985023498535
148.099965	0.8695490956306458
148.119966	-0.3786699175834656
148.140186	-0.6660136580467224
148.159998	-0.7437041401863098
148.180074	1.0095207691192627
148.199974	1.9529314041137695
148.22001	2.249537229537964
148.239964	1.934098243713379
148.259982	2.903047561645508
148.280334	2.862605571746826
148.299961	1.7907347679138184
148.320363	0.7372741103172302
148.340432	-0.47811025381088257
148.360725	-1.2401069402694702
148.379959	-1.8762048482894897
148.399974	-1.9132850170135498
148.420296	-1.363020896911621
148.440541	-0.8626906871795654
148.460689	-0.5487158298492432
148.480049	-0.43520990014076233
148.500071	-0.5056794881820679
148.52013	-0.5659400224685669
148.540022	-1.0078394412994385
148.560331	-1.9296183586120605
148.580029	-2.341543674468994
148.600254	-2.84181547164917
148.620054	-2.592743158340454
148.640085	-1.7929410934448242
148.659961	-0.9254530668258667
148.680073	-0.9001994132995605
148.700274	-3.143008232116699
148.720336	-3.9529337882995605
148.739985	-3.3294131755828857
148.760106	-1.0165525674819946
148.779995	-0.40839695930480957
148.799999	-0.25918591022491455
148.819985	-0.6051923036575317
148.839995	-0.07210886478424072
148.860045	0.5502710342407227
148.880173	0.8321664333343506
148.899993	1.0037811994552612
148.920287	2.3267507553100586
148.940306	2.79472279548645
148.960146	2.8378660678863525
148.98074	2.6629042625427246
148.999978	2.328080892562866
149.020169	2.1072709560394287
149.040056	2.1239876747131348
149.06015	1.9979302883148193
149.079986	1.4111106395721436
149.099993	0.8060121536254883
149.12005	0.16599398851394653
149.140092	1.2434152364730835
149.160047	1.4700933694839478
149.180229	1.6136776208877563
149.200637	2.1600522994995117
149.220407	1.9971365928649902
149.240018	1.7182073593139648
149.26005	1.5627084970474243
149.27999	-0.1599026918411255
149.299997	-0.7645031809806824
149.319996	-0.7629384398460388
149.33997	-0.18550914525985718
149.36028	1.3586355447769165
149.380005	2.0993947982788086
149.400233	2.7719767093658447
149.419962	3.4865808486938477
149.44006	3.2941274642944336
149.459984	3.1780314445495605
149.480035	3.081794500350952
149.500145	2.2404656410217285
149.520053	1.519080638885498
149.540154	0.6651429533958435
149.560007	-0.39183253049850464
149.579994	-1.2598659992218018
149.600358	-1.1299842596054077
149.620062	-1.2680377960205078
149.6401	-1.8653507232666016
149.660135	-1.9973459243774414
149.679981	-2.296492576599121
149.699959	-2.440808057785034
149.719974	-2.906806707382202
149.740457	-2.9498443603515625
149.760036	-2.3007516860961914
149.780002	-0.7577633857727051
149.800216	-0.5229909420013428
149.820079	-0.3947179317474365
149.84036	-0.23387181758880615
149.860777	0.3157041072845459
149.880906	0.8260712623596191
149.900079	1.2948001623153687
149.919969	1.5058104991912842
149.940013	1.0811431407928467
149.960806	0.6879656314849854
149.98003	-0.13495641946792603
149.999987	-2.331606864929199
150.019975	-2.592932939529419
150.040033	-1.9490190744400024
150.060044	-1.176896572113037
150.079992	-0.5166682600975037
150.100041	-0.855058491230011
150.120078	-1.4082190990447998
150.139953	-1.3091667890548706
150.160277	0.8812727928161621
150.179985	1.2696716785430908
150.200441	1.344245195388794
150.219981	2.9655630588531494
150.239986	4.028607368469238
150.259993	4.3836989402771
150.28	4.333669662475586
150.299998	3.520834445953369
150.320014	2.800978183746338
150.340236	2.2759077548980713
150.360365	1.8529504537582397
150.379988	1.1226353645324707
150.400041	0.8155500888824463
150.419984	0.49279725551605225
150.44022	0.8404308557510376
150.460056	1.0642995834350586
150.479992	1.0778744220733643
150.499966	0.9602274298667908
150.520076	0.4286678731441498
150.539997	-0.21177786588668823
150.56031	-0.9230664968490601
150.580015	-1.3724966049194336
150.600761	-1.302160382270813
150.620021	-0.968023419380188
150.640023	-0.8122425079345703
150.660056	-0.7347151041030884
150.679982	-0.7553631067276001
150.700006	-0.6130319833755493
150.720063	-0.9089187383651733
150.740017	-2.276789903640747
150.760056	-2.4689645767211914
150.779992	-1.7548243999481201
150.800996	-0.3186638355255127
150.820258	0.16470807790756226
150.839988	0.7149258852005005
150.860287	1.1687661409378052
150.880273	1.8482468128204346
150.900042	2.437518835067749
150.919967	3.1056976318359375
150.939966	3.7373392581939697
150.959977	4.701467990875244
150.98004	4.7372589111328125
151.000037	4.72511100769043
151.020003	5.062388896942139
151.039962	4.951141357421875
151.06003	4.236447811126709
151.08044	3.4333062171936035
151.100019	2.6627655029296875
151.120038	2.314267635345459
151.140259	1.5614097118377686
151.159965	0.3579956889152527
151.180041	-2.2763915061950684
151.200004	-2.296602725982666
151.220272	-1.7207331657409668
151.239952	-2.1067137718200684
151.259977	-2.1095728874206543
151.280236	-1.171852707862854
151.299972	-0.24933454394340515
151.320021	-0.8945140242576599
151.339973	-1.88083016872406
151.360247	-2.6828689575195312
151.379979	-3.3401665687561035
151.399971	-3.5061898231506348
151.419973	-3.5240585803985596
151.439963	-3.646415948867798
151.460294	-3.211339235305786
151.480211	-2.904677629470825
151.500063	-2.4870529174804688
151.51994	-2.207232713699341
151.539945	-2.501140832901001
151.560697	-2.5896244049072266
151.580518	-2.8201093673706055
151.600847	-3.1724634170532227
151.621002	-3.162099838256836
151.640029	-3.281930446624756
151.660131	-3.4089362621307373
151.679961	-2.4541239738464355
151.699965	-2.0318987369537354
151.720066	-2.1649770736694336
151.740289	-2.9593186378479004
151.760057	-4.323766708374023
151.780011	-3.8954391479492188
151.799996	-2.5263705253601074
151.819937	-0.4775882959365845
151.839952	-0.24914371967315674
151.859959	-0.2560994625091553
151.880262	-0.22731852531433105
151.900067	0.9971616268157959
151.919983	2.1120285987854004
151.940126	3.1582705974578857
151.960034	3.9750900268554688
151.979992	5.129868507385254
152.000004	5.049976825714111
152.020032	5.199905872344971
152.040256	5.343363285064697
152.059961	4.8820648193359375
152.08007	4.38476037979126
152.100063	4.397027015686035
152.120028	3.300403356552124
152.139949	2.268599033355713
152.160282	1.7367312908172607
152.180006	2.7177491188049316
152.200117	2.7154574394226074
152.219949	1.7213540077209473
152.240104	0.3805432915687561
152.259979	-0.6906874179840088
152.280286	-0.47448667883872986
152.30021	-1.023186206817627
152.320165	-1.8674989938735962
152.339937	-3.1869821548461914
152.360204	-3.470282554626465
152.379955	-3.634124755859375
152.400014	-3.6099753379821777
152.42098	-2.857215404510498
152.439987	-2.4117014408111572
152.460166	-2.1710872650146484
152.479973	-1.9890085458755493
152.499962	-1.6834543943405151
152.520029	-1.4702681303024292
152.539975	-1.5513811111450195
152.560055	-1.8413350582122803
152.579994	-1.8219330310821533
152.599976	-2.01556134223938
152.619972	-3.256913423538208
152.639925	-3.4419949054718018
152.660249	-3.4160897731781006
152.679985	-2.9446535110473633
152.700222	-2.6772568225860596
152.720004	-3.25543212890625
152.739982	-4.119997024536133
152.76003	-5.053626537322998
152.780198	-3.9981985092163086
152.799969	-2.137577533721924
152.819957	-1.4895344972610474
152.839987	-2.3645529747009277
152.859965	-2.0654962062835693
152.880055	-1.4064984321594238
152.900072	-0.30280637741088867
152.919951	1.617982268333435
152.940028	1.9342941045761108
152.960302	2.3590545654296875
152.980209	2.887209892272949
152.999977	5.1285247802734375
153.019981	5.900036811828613
153.039959	6.142743110656738
153.060073	6.307441711425781
153.079989	6.684721946716309
153.100263	7.133121490478516
153.120064	7.1664509773254395
153.139939	5.832877159118652
153.160376	5.423277854919434
153.179949	5.6205830574035645
153.199952	5.008803367614746
153.22	1.4684290885925293
153.239975	-0.28386563062667847
153.260262	-1.533547282218933
153.279968	-2.2120606899261475
153.299977	-2.436070442199707
153.319963	-2.5053961277008057
153.339957	-2.728233814239502
153.360027	-3.914203643798828
153.379959	-4.094112396240234
153.399987	-3.8872406482696533
153.42003	-4.393786430358887
153.439961	-4.413706302642822
153.460758	-4.324911117553711
153.479958	-4.2191619873046875
153.499983	-3.858987331390381
153.520045	-4.0179123878479
153.540014	-4.17625093460083
153.559956	-4.175082206726074
153.579996	-4.18699836730957
153.60053	-4.017258644104004
153.620836	-3.7995998859405518
153.63996	-4.056302547454834
153.660254	-3.9386510848999023
153.680649	-3.4917445182800293
153.700759	-3.768231153488159
153.720212	-5.135848522186279
153.739974	-5.311685085296631
153.76003	-5.8007025718688965
153.77997	-6.4640583992004395
153.799973	-7.396369934082031
153.819927	-7.071079254150391
153.840006	-6.0478692054748535
153.86	-3.546947956085205
153.879979	-2.8893966674804688
153.89999	-2.8426434993743896
153.92017	-2.777571201324463
153.939995	-1.362161636352539
153.960213	-0.2604994773864746
153.980222	1.0459104776382446
153.999939	2.1982016563415527
154.023369	3.501258134841919
154.040287	4.230488300323486
154.060058	5.197380065917969
154.079952	6.471355438232422
154.100179	6.436199188232422
154.120022	6.260173797607422
154.140003	6.163038730621338
154.16	6.907902717590332
154.179969	7.099993705749512
154.199979	6.919964790344238
154.219973	6.421425819396973
154.24025	5.36566162109375
154.260288	4.666895389556885
154.279987	3.962938070297241
154.299968	4.413121223449707
154.319993	3.948307991027832
154.340868	2.3306386470794678
154.360067	0.8632862567901611
154.379989	0.7387336492538452
154.39996	0.4191010296344757
154.419955	-0.025213927030563354
154.439991	-1.006541132926941
154.460821	-1.8285192251205444
154.47998	-3.002847194671631
154.499984	-3.986600160598755
154.519984	-3.1648142337799072
154.539982	-2.694728136062622
154.560269	-2.3089404106140137
154.579997	-1.8307526111602783
154.600244	-1.574723243713379
154.62004	-1.640148639678955
154.639985	-1.4675878286361694
154.660029	-1.3435800075531006
154.680244	-1.8026926517486572
154.699973	-2.2436447143554688
154.719967	-2.2345430850982666
154.740216	-2.3301031589508057
154.760333	-2.7949063777923584
154.781177	-3.537095069885254
154.800004	-4.059385776519775
154.819972	-4.83324670791626
154.839971	-5.078483581542969
154.860181	-5.79683780670166
154.879973	-5.928542137145996
154.900023	-4.817363262176514
154.920164	-3.725494384765625
154.940346	-2.235001564025879
154.960681	0.15762019157409668
154.980894	0.5825640559196472
154.999962	0.8590621948242188
155.020064	1.2878636121749878
155.040343	2.2181859016418457
155.060179	2.8853020668029785
155.0801	3.4921927452087402
155.100074	3.992640495300293
155.120043	4.482374668121338
155.140224	5.0331645011901855
155.160146	5.436330318450928
155.18	6.86589241027832
155.199986	7.053926944732666
155.219979	6.743064880371094
155.239997	5.970835208892822
155.259976	3.5487871170043945
155.280183	2.8059656620025635
155.300008	2.5737664699554443
155.32001	3.5500288009643555
155.339967	3.185058832168579
155.36004	2.272195816040039
155.379977	1.4834243059158325
155.40007	2.4386181831359863
155.419966	1.8132784366607666
155.43998	1.002817153930664
155.460283	-0.8587646484375
155.47998	-2.01208758354187
155.500231	-2.821159839630127
155.519998	-3.2420923709869385
155.539974	-3.096254587173462
155.559973	-2.9296326637268066
155.57998	-3.0488345623016357
155.599974	-3.2102181911468506
155.619955	-3.2766897678375244
155.639971	-2.465595245361328
155.660363	-1.588001012802124
155.679965	-1.164007306098938
155.699977	-1.4259291887283325
155.719961	-1.7566338777542114
155.739956	-2.2339155673980713
155.760808	-3.5880110263824463
155.779974	-3.5820977687835693
155.799998	-3.427809000015259
155.820007	-3.6247518062591553
155.839958	-3.389822244644165
155.860035	-3.400388717651367
155.879974	-2.9782052040100098
155.900031	-2.172975778579712
155.920091	-1.9926670789718628
155.939926	-1.920884132385254
155.959982	-1.6054223775863647
155.979959	-0.07194411754608154
155.999983	0.495693564414978
156.019975	1.034665822982788
156.039962	1.8583877086639404
156.060271	3.2447805404663086
156.079977	4.2073869705200195
156.099973	5.203783988952637
156.119956	6.4852447509765625
156.139964	6.377768516540527
156.159997	6.218650817871094
156.18023	6.173555374145508
156.199992	5.776217460632324
156.220004	5.018881797790527
156.239961	5.200923442840576
156.260263	5.813887596130371
156.280225	4.689598560333252
156.299979	3.064762592315674
156.31999	1.4054805040359497
156.340029	0.6467495560646057
156.360287	0.42506521940231323
156.379987	-0.4109528064727783
156.399973	-1.4347789287567139
156.420021	-3.7319839000701904
156.439963	-4.475460052490234
156.460002	-4.859471797943115
156.479979	-4.961877822875977
156.499995	-5.121564865112305
156.519945	-4.761873722076416
156.539984	-4.534078598022461
156.560202	-4.083375930786133
156.580198	-3.8967697620391846
156.600053	-3.677304267883301
156.620001	-3.521164894104004
156.639963	-3.683722734451294
156.66001	-4.169959545135498
156.679981	-4.539505958557129
156.699973	-4.9379401206970215
156.719966	-4.980686187744141
156.739995	-5.335329055786133
156.760031	-5.898491859436035
156.77996	-7.045894145965576
156.800203	-7.026752948760986
156.819995	-6.172071933746338
156.839937	-5.237533092498779
156.86028	-4.707789897918701
156.879964	-4.377375602722168
156.899975	-3.699047088623047
156.919945	-2.569531202316284
156.939909	-1.5722346305847168
156.96	-0.17183303833007812
156.979955	1.334519863128662
157.0	3.9219751358032227
157.019935	4.456997871398926
157.039938	4.81094217300415
157.059967	5.02259635925293
157.07998	5.505908489227295
157.10027	5.3486223220825195
157.120268	4.91199254989624
157.139982	4.554462432861328
157.159988	3.322294235229492
157.179959	2.344963788986206
157.19997	2.7250077724456787
157.220719	2.291076898574829
157.239981	0.172360360622406
157.259943	-1.751807451248169
157.28004	-2.9984500408172607
157.300556	-3.3688199520111084
157.320504	-4.253451347351074
157.340718	-5.291145324707031
157.360925	-5.498105049133301
157.380195	-5.765809535980225
157.40007	-5.951766014099121
157.419975	-5.833364486694336
157.440199	-4.645275115966797
157.459998	-4.142885208129883
157.480145	-3.774219036102295
157.500006	-3.2007369995117188
157.519975	-3.098210573196411
157.539973	-3.1607375144958496
157.560032	-3.4897327423095703
157.579974	-4.080803871154785
157.599965	-4.080708980560303
157.619969	-3.7230985164642334
157.63997	-3.317150592803955
157.659988	-2.824977397918701
157.679968	-2.9570133686065674
157.699963	-3.3856258392333984
157.719927	-4.0615763664245605
157.740008	-4.261984348297119
157.760013	-5.27145528793335
157.779962	-5.565049648284912
157.799983	-2.6008708477020264
157.819991	-1.8133957386016846
157.840242	-1.7008475065231323
157.860035	-1.1717395782470703
157.879974	0.6018342971801758
157.899955	1.5693073272705078
157.920034	2.7167625427246094
157.940004	3.9155759811401367
157.960001	3.424480676651001
157.979967	3.5364830493927
158.000269	4.425829887390137
158.02	4.758909702301025
158.04	5.521585464477539
158.06031	6.335160255432129
158.080301	5.997223377227783
158.100075	5.507765769958496
158.119985	4.913232803344727
158.140065	4.690989017486572
158.160032	4.388149738311768
158.179949	4.984574317932129
158.200008	5.125967502593994
158.220053	5.086071014404297
158.240334	2.623154640197754
158.260031	1.9251840114593506
158.28009	1.5386139154434204
158.299985	0.5168190598487854
158.320019	0.18283849954605103
158.340019	-0.5536819100379944
158.360011	-1.7428009510040283
158.379978	-2.6116089820861816
158.399982	-1.8691507577896118
158.419997	-0.8041331768035889
158.440213	0.18434464931488037
158.460034	0.21611464023590088
158.48007	0.21177244186401367
158.499952	0.35366010665893555
158.519978	0.5564217567443848
158.540219	0.2928107976913452
158.560043	-0.0467529296875
158.579967	-0.2120147943496704
158.599957	-1.3044666051864624
158.619985	-1.9728010892868042
158.640228	-2.1394996643066406
158.660037	-1.7371119260787964
158.679976	-0.3137732744216919
158.699985	-0.42563939094543457
158.719961	-1.118019700050354
158.740008	-2.8687057495117188
158.760286	-3.3185040950775146
158.78019	-3.40299654006958
158.800045	-2.672640800476074
158.819979	-1.4770081043243408
158.840204	-1.022841215133667
158.860042	-0.7042045593261719
158.879981	-0.2780907154083252
158.899984	0.9689105749130249
158.920031	1.700117588043213
158.940137	2.3847522735595703
158.960542	3.677988290786743
158.979968	3.981053352355957
159.000441	4.337948322296143
159.020044	4.55933141708374
159.040052	5.412684440612793
159.06031	5.652137756347656
159.08044	5.7500128746032715
159.100419	5.546907424926758
159.120927	4.7127275466918945
159.140017	3.946476459503174
159.160272	3.6171388626098633
159.179991	4.332550048828125
159.200002	3.9408621788024902
159.220014	2.902756690979004
159.240008	2.055825710296631
159.260306	1.0576550960540771
159.280024	0.6320056915283203
159.299994	-0.28959405422210693
159.320007	-2.619609832763672
159.339981	-3.05301570892334
159.36031	-3.379302740097046
159.380221	-3.24725604057312
159.400061	-2.0991427898406982
159.419967	-1.8132424354553223
159.439978	-1.877647876739502
159.460272	-1.947547435760498
159.479991	-1.833479881286621
159.500159	-1.7681394815444946
159.519988	-1.8286738395690918
159.539985	-1.8443506956100464
159.560282	-1.5529788732528687
159.57997	-1.540885329246521
159.599987	-1.6838966608047485
159.619971	-1.2202163934707642
159.640119	-0.3987371623516083
159.660304	0.0842629224061966
159.680007	0.31102585792541504
159.699969	-0.675647497177124
159.720221	-1.1207581758499146
159.74001	-1.0498909950256348
159.759982	0.21457862854003906
159.780025	0.3440706133842468
159.79999	0.2312796711921692
159.820043	0.12449532747268677
159.839929	0.3955867290496826
159.860022	0.838631272315979
159.879978	1.2892955541610718
159.899982	1.8813462257385254
159.920013	3.4033563137054443
159.94003	3.9454636573791504
159.959974	4.4583210945129395
159.980079	4.925258159637451
160.000018	4.34051513671875
160.020041	3.896761417388916
160.039989	3.7081899642944336
160.060048	2.7928152084350586
160.083323	2.373180866241455
160.100439	2.099660634994507
160.119971	2.2637746334075928
160.139998	2.517935037612915
160.160053	1.6254311800003052
160.180262	0.6348299384117126
160.200388	-0.13253068923950195
160.220048	-0.26038843393325806
160.239998	-0.7177444100379944
160.260296	-1.4824316501617432
160.279989	-3.0406887531280518
160.300002	-3.1416282653808594
160.319989	-2.836963415145874
160.339984	-2.542672634124756
160.360004	-2.7905919551849365
160.380218	-2.7265357971191406
160.400041	-2.620387077331543
160.42005	-2.1203360557556152
160.44003	-1.9545180797576904
160.460018	-1.7204530239105225
160.479987	-1.691678762435913
160.500239	-1.5546751022338867
160.52024	-1.1399935483932495
160.539989	-1.0569100379943848
160.560086	-1.1000360250473022
160.579982	-0.7500412464141846
160.600015	-0.7344021201133728
160.619992	-0.9619113802909851
160.640243	-2.0617403984069824
160.660274	-2.610276460647583
160.680124	-2.9301490783691406
160.700086	-2.7757763862609863
160.720054	-2.9350802898406982
160.740006	-3.6633849143981934
160.760293	-4.202401161193848
160.779984	-3.5544931888580322
160.800295	-2.7753827571868896
160.819995	-2.093477249145508
160.840001	-1.5354512929916382
160.860002	-1.019232153892517
160.879975	-0.7719775438308716
160.900022	-0.18407440185546875
160.920308	0.7503035068511963
160.940035	0.9215160608291626
160.960209	1.20415461063385
160.980215	1.768931269645691
160.999975	3.252387285232544
161.020029	3.5842316150665283
161.039996	3.1984357833862305
161.061478	2.800035238265991
161.080317	2.4062979221343994
161.100562	2.987521171569824
161.120074	2.80466365814209
161.140065	0.5347241163253784
161.160031	-0.16035890579223633
161.179978	-0.03894434869289398
161.200086	0.305812805891037
161.220067	-2.0090322494506836
161.239971	-3.581322193145752
161.260015	-4.608678817749023
161.279968	-4.9523515701293945
161.299988	-4.297374725341797
161.320013	-3.8473153114318848
161.34026	-3.7069809436798096
161.360869	-3.834226608276367
161.380864	-4.039820671081543
161.400018	-4.129025936126709
161.420032	-4.130745887756348
161.44004	-3.8317527770996094
161.460266	-3.6722137928009033
161.480663	-3.3190507888793945
161.499993	-2.9499011039733887
161.520051	-2.751861333847046
161.540696	-2.9007444381713867
161.560063	-2.96297550201416
161.579986	-3.264308452606201
161.6	-2.9482970237731934
161.620088	-2.388807773590088
161.640059	-1.9003947973251343
161.660001	-2.1303975582122803
161.680011	-2.3028006553649902
161.700119	-2.8227829933166504
161.720266	-3.3301079273223877
161.739992	-2.653684616088867
161.760059	-1.7070705890655518
161.779963	-0.46236085891723633
161.800014	0.6593821048736572
161.820024	0.29999852180480957
161.840047	-0.3665332794189453
161.860227	-0.8089878559112549
161.880193	-0.9391818046569824
161.899957	-0.7933156490325928
161.920092	-0.5975914001464844
161.939912	-0.37453508377075195
161.960286	0.3221127986907959
161.979997	0.6837093830108643
161.999985	1.162879228591919
162.020009	2.0245532989501953
162.039993	2.3915345668792725
162.060339	2.642313241958618
162.079994	2.854182243347168
162.099992	3.2024741172790527
162.119977	3.6360583305358887
162.14011	4.026996612548828
162.159962	3.7406280040740967
162.180238	3.400083303451538
162.200077	3.8657608032226562
162.220259	4.639838218688965
162.240049	3.5321340560913086
162.260106	2.2793240547180176
162.280227	1.834101915359497
162.300299	2.4446206092834473
162.319972	3.2355780601501465
162.339972	3.051637649536133
162.360028	2.422520875930786
162.380244	0.43447601795196533
162.400056	-0.9363722205162048
162.419985	-1.3123250007629395
162.440009	-0.7943692803382874
162.460095	-0.784200131893158
162.480207	-0.9223951101303101
162.499983	-0.7591118812561035
162.519999	-0.6274474859237671
162.540003	-1.4164979457855225
162.560302	-1.8737109899520874
162.579994	-2.374150037765503
162.599996	-2.5872294902801514
162.619971	-2.7617366313934326
162.639941	-2.8196027278900146
162.66035	-2.63397479057312
162.679994	-3.051551103591919
162.699993	-3.8501296043395996
162.720213	-5.039717197418213
162.739978	-5.662652969360352
162.760385	-4.367624282836914
162.779984	-4.219688892364502
162.800206	-5.142729759216309
162.820027	-5.941082000732422
162.839976	-4.497705459594727
162.86024	-2.5053629875183105
162.880253	-1.0511586666107178
162.899982	-0.41809356212615967
162.92024	-0.7345575094223022
162.939975	-0.7473392486572266
162.960352	0.3037412166595459
162.979973	1.1355109214782715
162.999974	1.7961300611495972
163.019971	2.2341508865356445
163.040162	3.3109805583953857
163.060123	3.6396400928497314
163.079969	3.915449619293213
163.099991	4.287248611450195
163.120206	4.43965482711792
163.139976	4.426219463348389
163.160103	4.392470359802246
163.180226	4.324597358703613
163.199973	4.094424247741699
163.219965	3.544194459915161
163.239951	2.647980213165283
163.260094	2.0019712448120117
163.280227	2.5772132873535156
163.299949	2.1909337043762207
163.319976	0.9205758571624756
163.339956	-1.4011261463165283
163.360094	-1.6601802110671997
163.380838	-1.5432404279708862
163.400189	-2.366313934326172
163.419965	-2.9814231395721436
163.439993	-3.4283623695373535
163.460106	-3.6631884574890137
163.481096	-3.697873115539551
163.499978	-3.375645160675049
163.520028	-3.0568981170654297
163.540322	-3.1234726905822754
163.56039	-3.31391978263855
163.580536	-3.1895651817321777
163.600793	-2.9660801887512207
163.620225	-2.873669147491455
163.640084	-3.4453248977661133
163.660185	-4.02040958404541
163.679965	-4.379573345184326
163.699983	-4.533895492553711
163.719988	-4.822359085083008
163.740045	-4.571396350860596
163.760037	-3.5271596908569336
163.779991	-2.382734537124634
163.800203	-2.8302605152130127
163.819974	-3.945429801940918
163.839959	-6.1119184494018555
163.86005	-4.415884971618652
163.879985	-2.7164039611816406
163.899967	-1.8644298315048218
163.920011	-1.8714573383331299
163.940249	-1.8682873249053955
163.960195	-1.6043264865875244
163.980229	-0.5554511547088623
164.00023	0.28580427169799805
164.020058	1.1561005115509033
164.039951	1.8863492012023926
164.060162	3.0468034744262695
164.080249	3.5920310020446777
164.100425	4.108504295349121
164.120241	4.527113914489746
164.140823	4.954212188720703
164.160087	4.74514102935791
164.180266	4.656499862670898
164.199986	4.077934265136719
164.220221	3.33613657951355
164.239969	2.2188191413879395
164.26014	1.5831670761108398
164.280002	2.602065086364746
164.300232	1.9809046983718872
164.319985	1.0976319313049316
164.339996	0.5375932455062866
164.360111	-0.1155608594417572
164.380225	-0.6909615993499756
164.400051	-1.6589865684509277
164.420225	-3.1111552715301514
164.440006	-3.2256217002868652
164.460165	-3.092991828918457
164.480208	-2.956007957458496
164.500151	-3.289301633834839
164.520008	-3.328047513961792
164.539921	-3.1289443969726562
164.560432	-2.8443222045898438
164.579968	-2.6341392993927
164.599979	-2.936250686645508
164.619923	-2.947692632675171
164.640049	-3.2441229820251465
164.66025	-3.3677313327789307
164.679963	-3.5870325565338135
164.699959	-3.8096938133239746
164.720218	-3.3209986686706543
164.740213	-2.3781325817108154
164.760214	-1.9341228008270264
164.77996	-2.1271443367004395
164.79999	-4.032010078430176
164.82005	-4.602167129516602
164.839973	-4.252403736114502
164.86038	-1.4746841192245483
164.879959	-1.6180977821350098
164.899953	-2.249229907989502
164.91995	-3.1790452003479004
164.939943	-2.598336696624756
164.960247	-1.4254510402679443
164.979964	-0.19681572914123535
165.000101	0.8105134963989258
165.019963	1.0793346166610718
165.039919	1.3062398433685303
165.060178	1.4959681034088135
165.079949	2.264547824859619
165.100723	2.586538791656494
165.120513	2.6656384468078613
165.140775	2.568401336669922
165.160125	3.1259407997131348
165.179953	3.463197708129883
165.199961	3.2925283908843994
165.220203	2.7005481719970703
165.240694	2.8224148750305176
165.260705	3.6332173347473145
165.280959	4.225250720977783
165.299968	2.532536268234253
165.319972	1.6587576866149902
165.340007	1.5156821012496948
165.360224	1.3963292837142944
165.379971	0.08371216058731079
165.399987	-1.3049793243408203
165.419975	-2.5631871223449707
165.439952	-2.364943742752075
165.460155	-1.990440011024475
165.479999	-1.782590389251709
165.499979	-1.7284119129180908
165.519984	-1.8641481399536133
165.539988	-1.989783525466919
165.560122	-1.964967966079712
165.580194	-1.8694649934768677
165.599961	-1.8122875690460205
165.61997	-1.935606837272644
165.639985	-1.882786512374878
165.660309	-1.3289557695388794
165.679954	-0.9537243843078613
165.69998	-0.6212667226791382
165.719993	-0.28002500534057617
165.739978	0.4253694415092468
165.76006	1.2764896154403687
165.779962	1.6302642822265625
165.800217	-0.9266759157180786
165.819986	-2.132391929626465
165.83997	-1.7351477146148682
165.860162	0.04582250118255615
165.879966	2.066072940826416
165.899977	2.2486679553985596
165.919975	2.204097032546997
165.940209	2.0442657470703125
165.96093	1.8139840364456177
165.980198	2.091829776763916
166.000247	2.432910919189453
166.0202	3.2628490924835205
166.040215	3.655708074569702
166.060173	4.043574333190918
166.080213	4.1692609786987305
166.099956	4.471279621124268
166.119968	4.113657474517822
166.139931	3.8484737873077393
166.160305	3.442237138748169
166.180207	1.3947620391845703
166.200051	1.1060776710510254
166.220025	1.2205066680908203
166.240203	1.7684166431427002
166.260294	1.9849539995193481
166.279983	2.349425792694092
166.299974	2.2971689701080322
166.319982	2.600243330001831
166.33998	3.0174920558929443
166.360393	2.6143152713775635
166.380086	1.6692352294921875
166.399952	-1.0791385173797607
166.420205	-2.1154768466949463
166.439955	-2.4450039863586426
166.460663	-1.4325541257858276
166.479982	-1.0102344751358032
166.499963	-0.926557183265686
166.519972	-0.8756903409957886
166.539974	-0.41998687386512756
166.56017	-0.010888472199440002
166.579971	0.07169277966022491
166.599961	-0.25708964467048645
166.620253	-1.2168126106262207
166.639948	-1.2260740995407104
166.660154	-0.9218509197235107
166.679961	-0.06474222987890244
166.700207	0.4801555275917053
166.72071	0.8423071503639221
166.740514	0.49558892846107483
166.760819	-0.7228051424026489
166.779936	-0.5874640941619873
166.799943	-0.4694920778274536
166.820025	-0.8844932317733765
166.839991	-0.8861427903175354
166.86024	-0.8136430978775024
166.879942	-0.9805468320846558
166.899954	-1.8906290531158447
166.919954	-1.966740608215332
166.939901	-1.9581716060638428
166.960539	-1.8825857639312744
166.979993	-1.6537301540374756
166.99999	-1.3458878993988037
167.019974	-0.9510428309440613
167.039966	0.10664251446723938
167.060236	0.9619646072387695
167.080208	1.5978747606277466
167.100008	1.7522090673446655
167.120091	1.1402201652526855
167.140042	0.6670429706573486
167.160174	0.20701251924037933
167.17996	0.3284893333911896
167.199965	0.7011758685112
167.219985	0.5279495120048523
167.240212	0.2808952331542969
167.260323	1.3296929597854614
167.279998	1.3619067668914795
167.299975	0.3684053421020508
167.319953	-0.31933796405792236
167.339964	0.11094868183135986
167.360088	-0.3914273977279663
167.379988	-1.206494688987732
167.399986	-2.4499597549438477
167.419966	-4.288440704345703
167.439954	-4.2091498374938965
167.460294	-3.852705955505371
167.479969	-4.099091529846191
167.500001	-4.452134132385254
167.519976	-4.444310188293457
167.539966	-4.133062362670898
167.560296	-3.720724582672119
167.579957	-3.9812469482421875
167.599979	-4.6548967361450195
167.619986	-5.487439155578613
167.6402	-5.719651222229004
167.660336	-5.257662773132324
167.679957	-4.925218105316162
167.699958	-4.299923896789551
167.720009	-3.490849733352661
167.740052	-2.561767101287842
167.760372	-2.040187120437622
167.78021	-4.007875919342041
167.799973	-5.196126461029053
167.819991	-5.17220401763916
167.840209	-2.1103322505950928
167.86001	-1.1275596618652344
167.879972	-0.9221005439758301
167.899959	-0.9306666851043701
167.92001	-1.1944921016693115
167.939974	-1.1031789779663086
167.960317	-0.571821391582489
167.980214	0.07184329628944397
168.000236	1.2876546382904053
168.019981	1.3704922199249268
168.040234	1.8289752006530762
168.060292	3.206069231033325
168.079982	3.849475860595703
168.099993	3.905198335647583
168.12007	3.6179757118225098
168.13997	3.2358486652374268
168.16004	3.2294068336486816
168.180004	3.0797159671783447
168.199974	2.6303818225860596
168.219976	1.6292415857315063
168.24023	1.7360957860946655
168.260213	1.7816169261932373
168.280141	0.07143472135066986
168.300005	-0.43276599049568176
168.319971	-0.03878128528594971
168.339946	0.28236615657806396
168.359992	-0.2916703224182129
168.379978	-1.1723253726959229
168.399982	-2.1756296157836914
168.420009	-3.1091127395629883
168.440969	-4.154824733734131
168.460112	-4.128313064575195
168.479972	-4.0374436378479
168.499997	-4.051081657409668
168.52002	-3.654956817626953
168.540005	-2.9431142807006836
168.560377	-2.3056321144104004
168.580188	-2.0431268215179443
168.600005	-2.2526865005493164
168.620029	-2.5396742820739746
168.640068	-2.8804779052734375
168.659995	-2.8237218856811523
168.679981	-2.668142080307007
168.699964	-2.2338528633117676
168.720006	-1.597486138343811
168.739973	-0.9808958172798157
168.760056	-0.6803030967712402
168.780012	-1.282129168510437
168.800068	-4.38956880569458
168.820067	-4.509819507598877
168.840014	-3.0692250728607178
168.860017	-0.835748553276062
168.879978	-0.9140516519546509
168.899969	-1.2828137874603271
168.919989	-1.581526279449463
168.940015	-1.4291205406188965
168.960504	-0.8132426738739014
168.980212	-0.06322216987609863
169.000026	0.6669701337814331
169.020274	1.7717097997665405
169.039947	2.3184502124786377
169.059999	2.914006471633911
169.079953	3.021221876144409
169.099998	2.7359254360198975
169.120038	2.797377586364746
169.139996	3.123605489730835
169.160019	3.021526575088501
169.179973	2.6183860301971436
169.200216	2.101638078689575
169.220022	1.4343880414962769
169.240091	1.750188946723938
169.260037	2.50063419342041
169.279956	1.9644687175750732
169.300079	-0.6485264301300049
169.320003	-1.1700719594955444
169.339978	-0.6237882971763611
169.360003	-0.138686865568161
169.379959	-0.7784761786460876
169.400002	-1.0940470695495605
169.420401	-1.7978873252868652
169.439934	-2.663339138031006
169.46002	-3.19317889213562
169.479965	-3.093123197555542
169.499989	-2.8199355602264404
169.519973	-2.6216397285461426
169.539983	-2.624307632446289
169.560006	-2.6645467281341553
169.579974	-2.898695230484009
169.599979	-3.0802886486053467
169.620227	-3.1761138439178467
169.639971	-3.4268312454223633
169.660003	-3.4970169067382812
169.679965	-3.0895252227783203
169.699975	-2.913577079772949
169.719982	-3.449233055114746
169.739958	-4.1501312255859375
169.759982	-3.448198080062866
169.78033	-2.9091687202453613
169.799966	-2.714113712310791
169.820017	-3.095438003540039
169.839979	-2.887571334838867
169.860466	-2.5498313903808594
169.880197	-1.4324955940246582
169.899982	-0.737663984298706
169.919966	-0.217290997505188
169.939967	0.00246429443359375
169.959974	-0.09586775302886963
169.979959	0.10480773448944092
169.999994	0.26047277450561523
170.020204	0.37744462490081787
170.039925	0.9150175452232361
170.06044	0.6842066645622253
170.080382	0.6719045042991638
170.100651	0.5679340362548828
170.120035	0.37556618452072144
170.140082	0.23086434602737427
170.160008	0.14103758335113525
170.180016	0.5510847568511963
170.200031	0.6185985207557678
170.219983	0.6433781981468201
170.239996	0.9037699699401855
170.260363	1.073820948600769
170.279974	0.8844617009162903
170.300298	0.5181139707565308
170.320026	0.13727745413780212
170.340242	0.10008987039327621
170.360248	0.09610269963741302
170.379961	0.34964507818222046
170.399995	0.8227562308311462
170.419952	0.8742567300796509
170.440027	0.9889258146286011
170.460078	2.413059949874878
170.479987	3.0744400024414062
170.500255	2.7738773822784424
170.520052	1.2446709871292114
170.540294	-0.16067162156105042
170.559974	0.7861028909683228
170.580004	1.1265180110931396
170.599984	0.8470759391784668
170.619963	0.03781384229660034
170.639984	-0.3645327091217041
170.660947	-0.6873708963394165
170.679977	-0.14242899417877197
170.69996	-0.05952334403991699
170.720001	-0.024756312370300293
170.740265	0.23743629455566406
170.76059	1.0208462476730347
170.780039	1.384245753288269
170.799958	1.700302243232727
170.820028	1.7460705041885376
170.840027	1.844781756401062
170.859942	1.9840357303619385
170.880088	2.1391711235046387
170.900039	2.127326726913452
170.919986	2.3701393604278564
170.940202	2.5679707527160645
170.959998	2.1368064880371094
170.980242	0.9121665954589844
171.000268	0.26748543977737427
171.019959	-0.3072676658630371
171.039953	-0.9023568630218506
171.060004	-1.5852272510528564
171.080218	-1.717162013053894
171.099965	-2.350046157836914
171.119995	-4.064805030822754
171.13999	-4.761269569396973
171.159998	-4.792640686035156
171.179955	-4.0126800537109375
171.199961	-2.7318227291107178
171.220017	-2.5635788440704346
171.240002	-2.939432382583618
171.260392	-3.190732717514038
171.280247	-2.3281068801879883
171.300091	-1.496984601020813
171.320053	-0.6507625579833984
171.340187	-0.06192252039909363
171.359996	0.13853225111961365
171.379962	0.3590364158153534
171.399964	0.696016252040863
171.420019	1.5062646865844727
171.440023	1.7740864753723145
171.460509	2.0330400466918945
171.481074	2.0785880088806152
171.500577	2.080632209777832
171.520806	2.3970212936401367
171.540881	2.983454704284668
171.559959	3.390580654144287
171.580112	3.156599998474121
171.60051	3.009960651397705
171.620743	3.9516236782073975
171.640827	3.301091432571411
171.659994	2.9247958660125732
171.679972	2.302171230316162
171.700212	1.645923376083374
171.720219	1.2757458686828613
171.739963	0.755721926689148
171.760466	0.3376505374908447
171.779994	-0.4894075393676758
171.800009	-0.5147498846054077
171.819991	-0.06846535205841064
171.839937	0.36800915002822876
171.860129	0.08471068739891052
171.88005	-0.006974220275878906
171.900027	0.23670417070388794
171.919979	0.9071616530418396
171.940247	1.1065679788589478
171.959986	1.1222723722457886
171.98001	0.798577606678009
172.000002	-0.21101854741573334
172.02006	-0.39293956756591797
172.040016	-0.3732905983924866
172.060094	-0.5068312883377075
172.080245	-0.9266384840011597
172.10055	-1.3731781244277954
172.120026	-1.5230677127838135
172.139984	-0.9322612881660461
172.160038	-1.1498463153839111
172.179989	-1.377418875694275
172.200159	-1.6027213335037231
172.219977	-1.6639981269836426
172.240236	-2.228322744369507
172.260437	-2.8528332710266113
172.280064	-2.5457520484924316
172.300302	-2.5340354442596436
172.320274	-2.4810781478881836
172.341453	-1.9981701374053955
172.360054	-0.9909950494766235
172.380012	-0.6789919137954712
172.400277	-0.3209732472896576
172.419934	0.24094197154045105
172.439983	1.2063840627670288
172.460336	1.3480491638183594
172.479987	1.2553645372390747
172.500028	0.8047600984573364
172.520248	0.8988189101219177
172.539963	1.296119213104248
172.560003	1.4441850185394287
172.580004	1.1572537422180176
172.600061	0.6693582534790039
172.620105	0.2126551866531372
172.640304	0.07357549667358398
172.660026	1.0159893035888672
172.680231	0.9339153170585632
172.700048	-0.03516966104507446
172.719965	-0.8780431747436523
172.740215	0.10071945190429688
172.759993	0.721042275428772
172.779947	0.34074169397354126
172.800505	-1.237648606300354
172.820041	-1.9004247188568115
172.840261	-2.4647669792175293
172.860034	-2.6580374240875244
172.879948	-2.474555253982544
172.900746	-2.5391736030578613
172.920647	-2.4152255058288574
172.940751	-1.906357765197754
172.960012	-1.7999730110168457
172.980013	-1.8392597436904907
172.999998	-1.911988615989685
173.020216	-2.306389093399048
173.039935	-2.434997081756592
173.060057	-2.5631120204925537
173.079961	-2.4426162242889404
173.099995	-2.4785513877868652
173.11997	-2.730720043182373
173.140131	-2.466268539428711
173.160032	-1.5813965797424316
173.180051	-1.9057320356369019
173.199974	-2.7218680381774902
173.220028	-3.475882053375244
173.240062	-4.61332893371582
173.26002	-3.280116081237793
173.279971	-2.093154191970825
173.299964	-1.3997811079025269
173.31997	-1.4659724235534668
173.33998	-1.5020408630371094
173.359994	-1.3089934587478638
173.379977	-0.2945578098297119
173.399985	0.2570255994796753
173.419966	0.8428343534469604
173.439977	1.1106637716293335
173.45999	1.8309497833251953
173.479977	2.106947660446167
173.499985	2.453742265701294
173.519954	2.9255428314208984
173.539955	2.993854522705078
173.560719	3.032846212387085
173.579952	3.3166873455047607
173.599976	3.003859043121338
173.619983	2.5880372524261475
173.639951	2.149367094039917
173.659993	1.7853763103485107
173.67996	2.1469526290893555
173.699993	2.637467622756958
173.71999	2.158313035964966
173.740055	-0.49478811025619507
173.760036	-0.8721563816070557
173.779963	-0.3916080594062805
173.799984	0.13357876241207123
173.819969	-0.15000438690185547
173.840027	-0.5616732239723206
173.860244	-0.9237848520278931
173.879968	-1.828906774520874
173.899986	-2.170163869857788
173.920024	-2.288667678833008
173.940015	-1.9276654720306396
173.960004	-1.2346969842910767
173.98	-1.1280083656311035
173.999967	-1.1346890926361084
174.020072	-1.0607672929763794
174.040033	-0.6004059910774231
174.059999	-0.4803370237350464
174.08024	-0.46782591938972473
174.099972	-0.7354539632797241
174.119971	-0.812038242816925
174.139964	-0.7045327425003052
174.160037	-0.15084610879421234
174.180228	0.4858788847923279
174.200204	0.5211120843887329
174.220137	0.5012360215187073
174.239933	0.5810855031013489
174.260002	1.0814777612686157
174.279963	0.6271361708641052
174.299989	0.25599515438079834
174.320024	-1.7908742427825928
174.339966	-2.307723045349121
174.360202	-1.466923475265503
174.380076	-0.5039262175559998
174.400011	-0.1836690902709961
174.420191	-0.5438663959503174
174.439991	-0.9638049602508545
174.460265	-1.2279399633407593
174.479962	-0.32671886682510376
174.499972	0.37383827567100525
174.520039	0.9470388889312744
174.539985	1.667059302330017
174.560196	1.9773542881011963
174.579953	2.289633274078369
174.599965	2.4714553356170654
174.620709	2.428525447845459
174.640564	2.2948265075683594
174.659973	2.2041239738464355
174.680457	2.03757905960083
174.700684	1.8508459329605103
174.719974	1.6286765336990356
174.739961	1.4970663785934448
174.759993	1.0779674053192139
174.779968	1.0948936939239502
174.799962	1.5817869901657104
174.820011	2.4268221855163574
174.840215	2.257127046585083
174.860277	1.2367559671401978
174.880003	0.3594388961791992
174.900225	0.8512354493141174
174.920017	0.9554086327552795
174.940236	0.6030500531196594
174.96002	0.059381306171417236
174.980008	-1.2807518243789673
175.000002	-1.5267882347106934
175.020027	-1.3336468935012817
175.039979	-1.305040955543518
175.060051	-1.4575222730636597
175.079979	-1.3382104635238647
175.100012	-1.2924089431762695
175.119974	-0.8726590871810913
175.139969	-0.9104009866714478
175.159997	-1.2855587005615234
175.180228	-1.7072677612304688
175.200013	-1.7185649871826172
175.220096	-1.680545687675476
175.240285	-2.0630531311035156
175.25997	-2.376483678817749
175.280055	-1.8743746280670166
175.300046	-1.3208940029144287
175.319991	-0.65442955493927
175.340043	-0.4536541700363159
175.360284	-1.2508493661880493
175.379972	-1.809874415397644
175.400222	-2.223691940307617
175.420018	-1.8262207508087158
175.440239	-0.76872718334198
175.460022	-0.09790158271789551
175.480005	-0.41999495029449463
175.499981	-0.7252012491226196
175.519973	-0.7393914461135864
175.539942	-0.48906850814819336
175.560041	0.540758490562439
175.579976	1.129166603088379
175.600001	1.5755544900894165
175.620041	1.9950611591339111
175.640003	3.1552577018737793
175.660008	3.519155502319336
175.680005	3.736813545227051
175.700216	3.6655359268188477
175.71999	3.787428379058838
175.740215	3.83406400680542
175.75998	3.86008358001709
175.779969	3.373727798461914
175.79996	2.7926206588745117
175.819987	2.3589372634887695
175.840218	1.9105587005615234
175.860001	3.0649633407592773
175.879961	2.7364563941955566
175.899972	1.7260291576385498
175.920017	1.0473647117614746
175.939976	0.9521403312683105
175.95999	1.3201631307601929
175.980009	0.845716118812561
175.999958	-1.1220946311950684
176.020234	-1.7604442834854126
176.040463	-2.2712817192077637
176.059968	-2.1920621395111084
176.079961	-0.028081879019737244
176.100259	-0.27830201387405396
176.119965	-0.5907686948776245
176.140738	-0.5190250277519226
176.16076	-0.20647302269935608
176.180916	-0.12240588665008545
176.199951	-0.06893676519393921
176.219974	-1.139833688735962
176.23999	-1.439366102218628
176.260217	-1.231541395187378
176.2809	-0.9303060173988342
176.299955	-1.1383633613586426
176.319965	-1.3259978294372559
176.339987	-0.5707107782363892
176.359989	0.4039633870124817
176.379971	-0.3152841329574585
176.400206	-1.5109678506851196
176.419993	-2.762162685394287
176.439929	-1.7574492692947388
176.460321	-0.6942846775054932
176.47997	-0.4968910217285156
176.500222	-0.06968533992767334
176.519988	0.15563583374023438
176.540279	0.36850929260253906
176.560011	0.4821113348007202
176.580056	1.352070689201355
176.600059	1.5576411485671997
176.620288	1.5418648719787598
176.63994	1.5272749662399292
176.660224	1.9422683715820312
176.679975	2.1653077602386475
176.699964	2.1240625381469727
176.72024	1.7512109279632568
176.740214	1.1792738437652588
176.759989	1.3353668451309204
176.779981	1.4529962539672852
176.799952	1.225893497467041
176.820003	0.8172840476036072
176.840183	0.4549722671508789
176.859981	0.33673572540283203
176.879987	0.8194417953491211
176.899955	1.152458906173706
176.919965	0.6442273259162903
176.939976	0.8302981853485107
176.959946	1.2656760215759277
176.980426	1.2803338766098022
177.000041	0.9886255860328674
177.02001	0.013010561466217041
177.039981	-0.4150177836418152
177.059955	-1.0571234226226807
177.079997	-1.4948022365570068
177.10007	-1.1990382671356201
177.119997	-0.948562502861023
177.14	-0.8367282152175903
177.159982	-0.4518313407897949
177.179969	-0.17955809831619263
177.199992	-0.06632888317108154
177.219972	-0.09394925832748413
177.239983	-0.2817862033843994
177.259994	-0.45608603954315186
177.279977	-0.6201382875442505
177.299983	-0.5216113328933716
177.319951	-0.7986077070236206
177.340022	-0.8936012983322144
177.360001	-0.7603930234909058
177.379968	0.026033997535705566
177.400207	-0.5098503828048706
177.419965	-1.6824833154678345
177.439978	-2.3548216819763184
177.460005	-2.5558390617370605
177.479994	-2.073202610015869
177.500001	-1.2421746253967285
177.519974	-0.6866685152053833
177.539944	-0.7109807729721069
177.559983	-0.8290688991546631
177.579975	-0.6359114646911621
177.600298	0.08999371528625488
177.620053	0.5016504526138306
177.64004	1.010941505432129
177.659992	1.4720710515975952
177.680007	2.0653128623962402
177.700003	2.2216856479644775
177.719985	2.229468584060669
177.739975	2.2178285121917725
177.759968	2.0671613216400146
177.779965	1.9937626123428345
177.799974	1.9932329654693604
177.82001	1.8332802057266235
177.839965	1.7526191473007202
177.860315	1.412348747253418
177.879963	0.9927347898483276
177.900275	0.549858808517456
177.919978	0.7645146250724792
177.940308	1.3024436235427856
177.960861	2.2168548107147217
177.979952	1.9040014743804932
178.000207	1.1742545366287231
178.020154	0.9402724504470825
178.040557	1.7605388164520264
178.061146	1.9171619415283203
178.079945	1.855173110961914
178.099965	1.7135753631591797
178.12023	0.992875337600708
178.140477	0.46407970786094666
178.160781	-0.07633799314498901
178.180001	-0.5217801928520203
178.200251	-0.48034369945526123
178.221043	-0.3520969748497009
178.23998	-0.36319559812545776
178.259986	0.023896142840385437
178.280206	0.3858081102371216
178.299987	0.6478612422943115
178.320019	0.6174795627593994
178.340223	0.4488186836242676
178.35999	0.6364575624465942
178.380197	0.26305678486824036
178.399999	-1.0065803527832031
178.419969	-1.068317174911499
178.440249	-0.9594932794570923
178.459977	-1.0875556468963623
178.479951	-0.821982741355896
178.499969	-1.1419175863265991
178.519997	-1.6339786052703857
178.540033	-3.2492129802703857
178.560234	-3.6735904216766357
178.579958	-3.209094285964966
178.599979	-2.565521001815796
178.62004	-2.6771445274353027
178.640056	-2.7894368171691895
178.659984	-2.746795654296875
178.679961	-2.675605058670044
178.700011	-2.3417599201202393
178.72004	-2.1686654090881348
178.74002	-2.0833160877227783
178.760226	-1.6016536951065063
178.780183	-1.2815543413162231
178.799971	-1.2502938508987427
178.820055	-0.8347180485725403
178.840035	0.7686252593994141
178.860015	0.7925854325294495
178.88002	0.8051587343215942
178.900081	1.3958748579025269
178.920051	2.224876642227173
178.939955	2.385807752609253
178.959989	2.490490674972534
178.980101	3.19226336479187
178.999968	3.1879358291625977
179.020034	3.2247843742370605
179.040053	3.368826389312744
179.059999	2.8339738845825195
179.079957	2.396106481552124
179.099958	2.555856466293335
179.121078	3.069476842880249
179.140265	3.001865863800049
179.160247	2.409557580947876
179.179977	1.515921950340271
179.200067	-0.1036384105682373
179.220047	-0.509405255317688
179.240024	-0.6029717326164246
179.260131	-0.48536738753318787
179.279974	-0.7490975856781006
179.299961	-0.6292606592178345
179.320004	-0.22684860229492188
179.340202	-0.035953402519226074
179.360039	-0.345496267080307
179.380292	-0.3399474024772644
179.399995	-0.3270312547683716
179.419955	-0.7872411012649536
179.439978	-0.8395730257034302
179.460025	-0.7272790670394897
179.480191	-0.7897852659225464
179.499965	-0.8395301103591919
179.519987	-0.4892579913139343
179.539971	-0.03156271576881409
179.560233	-0.8498603105545044
179.579955	-1.528569221496582
179.600203	-1.469986081123352
179.619976	-0.6035077571868896
179.639955	0.5475953221321106
179.659998	0.7940244674682617
179.680173	0.7272592186927795
179.699974	0.4532429575920105
179.720201	-0.025514066219329834
179.740247	-0.005541861057281494
179.760232	0.4100272059440613
179.7806	1.5655597448349
179.799965	1.823883056640625
179.820025	1.9887151718139648
179.839969	2.3039298057556152
179.860051	2.679884910583496
179.880656	2.5247318744659424
179.899977	2.2509496212005615
179.920019	2.175021171569824
179.94016	1.9260382652282715
179.960303	1.8187681436538696
179.980441	2.0598583221435547
180.000504	2.1213462352752686
180.02083	1.9916269779205322
180.040233	2.2414391040802
180.060044	2.623016357421875
180.080255	2.4914116859436035
180.099978	2.721376419067383
180.119994	3.092181444168091
180.139996	2.8284711837768555
180.160253	2.420567512512207
180.180785	2.435048818588257
180.201004	2.385629415512085
180.219992	1.4549589157104492
180.24031	1.2141327857971191
180.260024	0.9687532186508179
180.28001	1.1052335500717163
180.300071	1.4008097648620605
180.320011	1.3820680379867554
180.340095	0.7526887655258179
180.360076	-1.033787488937378
180.380104	-1.1273168325424194
180.400011	-1.5406363010406494
180.420001	-2.198704719543457
180.440046	-3.220559597015381
180.459948	-3.7619447708129883
180.480071	-4.353999137878418
180.499983	-4.548779010772705
180.519981	-4.347519874572754
180.539931	-4.465075969696045
180.560022	-4.584499835968018
180.579997	-5.036199569702148
180.600058	-5.322868347167969
180.620054	-5.24331521987915
180.640314	-5.217469215393066
180.659981	-5.396848678588867
180.679968	-5.184834003448486
180.699969	-4.836124897003174
180.719965	-4.359523773193359
180.739982	-3.191051721572876
180.760319	-3.428513526916504
180.779961	-4.725927352905273
180.800254	-5.60539436340332
180.819995	-5.072259902954102
180.839932	-4.642614364624023
180.86025	-3.8748888969421387
180.879966	-3.5385260581970215
180.9001	-3.6854090690612793
180.920031	-3.6194822788238525
180.940024	-3.544267177581787
180.959952	-4.2613844871521
180.980048	-4.448517799377441
181.000061	-4.431764602661133
181.019971	-4.319938659667969
181.039924	-4.001379489898682
181.060302	-3.592160224914551
181.079954	-3.114722728729248
181.09997	-2.3414206504821777
181.119989	-2.1127336025238037
181.140239	-1.8120248317718506
181.160009	-1.297252893447876
181.179984	-0.8616755604743958
181.200278	-0.25843000411987305
181.220305	0.3548153042793274
181.239976	0.8890221118927002
181.260111	1.3567101955413818
181.279979	1.8412868976593018
181.300019	2.422778367996216
181.320289	3.3622045516967773
181.341083	3.714963912963867
181.360208	3.867029905319214
181.380069	3.8656654357910156
181.400028	3.7739615440368652
181.41997	3.8686211109161377
181.43994	3.738614082336426
181.46002	3.8595757484436035
181.479959	3.7317118644714355
181.49998	3.2667200565338135
181.520238	2.8823347091674805
181.539989	1.8348195552825928
181.560239	1.2757021188735962
181.579973	1.1340411901474
181.599969	0.7749149799346924
181.62003	0.4460790157318115
181.639985	0.03826659917831421
181.660033	-0.813627302646637
181.680017	-1.5915900468826294
181.700342	-1.6178324222564697
181.720024	-1.6462092399597168
181.739952	-1.8771107196807861
181.759959	-2.567829132080078
181.779948	-2.485459327697754
181.799953	-2.262622594833374
181.819974	-2.462937355041504
181.840027	-2.7729477882385254
181.860197	-2.8044192790985107
181.879935	-3.1302905082702637
181.899956	-3.8411333560943604
181.919975	-3.7291927337646484
181.94	-3.745281934738159
181.960002	-4.32576847076416
181.97999	-4.402192115783691
182.000158	-4.228165149688721
182.02022	-3.971073865890503
182.039962	-4.094163417816162
182.060028	-4.54022741317749
182.07997	-5.580550670623779
182.100968	-6.058328151702881
182.120448	-4.3040876388549805
182.140965	-3.4514694213867188
182.160038	-3.0638082027435303
182.180668	-2.54457688331604
182.201203	-2.0930845737457275
182.220098	-1.5972201824188232
182.240048	-0.9559826850891113
182.260311	0.8758034706115723
182.279978	1.628645658493042
182.300251	2.1778924465179443
182.320024	2.700831174850464
182.34027	3.8192920684814453
182.360047	4.319934844970703
182.379959	4.505616664886475
182.399964	4.639036178588867
182.419993	4.482223987579346
182.439975	3.938904285430908
182.46004	3.2161006927490234
182.480266	1.6569892168045044
182.499971	1.1928231716156006
182.519993	0.8119430541992188
182.540035	0.19794857501983643
182.560254	0.2642664909362793
182.579968	1.1118968725204468
182.600063	1.0220710039138794
182.619986	-0.5919631719589233
182.639996	-0.7725839614868164
182.660075	-0.6550894379615784
182.680003	-0.8176808953285217
182.69996	-1.7112901210784912
182.719984	-2.1002302169799805
182.739992	-2.4912004470825195
182.760251	-3.0942113399505615
182.779967	-3.3547070026397705
182.79996	-3.619927406311035
182.820038	-3.7477316856384277
182.840018	-3.6838865280151367
182.860016	-3.3438825607299805
182.880044	-3.4585304260253906
182.90001	-3.710909366607666
182.920076	-3.7790093421936035
182.940176	-3.6882095336914062
182.960093	-3.58251953125
182.979982	-3.6485671997070312
183.000043	-3.3839595317840576
183.020076	-2.9087040424346924
183.040081	-2.4992587566375732
183.060397	-2.3859286308288574
183.079998	-2.2578508853912354
183.099987	-2.025298833847046
183.120206	-2.0410947799682617
183.140033	-3.8228015899658203
183.160296	-4.363619804382324
183.179992	-3.0958242416381836
183.199985	-0.5200900435447693
183.220024	-0.4430930018424988
183.240041	-1.09157395362854
183.260127	-1.8049242496490479
183.279978	-1.7992067337036133
183.300005	-1.0721251964569092
183.320079	-0.2988438010215759
183.340054	0.5217998027801514
183.360246	1.7517132759094238
183.379985	2.4537951946258545
183.399989	3.1911163330078125
183.420005	5.034824848175049
183.439997	5.696358680725098
183.459982	6.011301517486572
183.479945	5.973371982574463
183.500225	5.940468788146973
183.520097	6.143129825592041
183.539981	6.146493911743164
183.560169	5.810426712036133
183.579996	6.106452941894531
183.599985	5.188379287719727
183.620057	3.9155995845794678
183.640275	1.993168830871582
183.660036	1.436802864074707
183.679999	0.9121084809303284
183.700096	-0.024795711040496826
183.720042	-2.2376720905303955
183.740075	-2.7922706604003906
183.760439	-3.3069121837615967
183.779974	-4.126715183258057
183.800316	-3.597548723220825
183.819986	-3.247349739074707
183.840024	-3.0249457359313965
183.860132	-2.102489709854126
183.879987	-1.7315417528152466
183.899982	-1.4586784839630127
183.920236	-1.4556416273117065
183.940028	-1.9703965187072754
183.960244	-2.068235158920288
183.980058	-2.513592481613159
184.000085	-2.8292460441589355
184.020064	-3.1441781520843506
184.04024	-3.2870125770568848
184.059971	-2.346895217895508
184.080142	-1.4750518798828125
184.100004	-2.471536636352539
184.120005	-3.85538387298584
184.13999	-4.811382293701172
184.160193	-2.8193883895874023
184.180112	-1.5836291313171387
184.19997	-1.1509668827056885
184.219974	-0.6390900611877441
184.240064	-0.6387913227081299
184.260267	-0.6054723262786865
184.280002	0.018016338348388672
184.300071	2.0023887157440186
184.320005	2.765627145767212
184.340074	3.190004348754883
184.360158	3.3333115577697754
184.380215	4.136951923370361
184.400032	4.859335899353027
184.420103	5.470333099365234
184.440015	5.0701189041137695
184.460127	4.592750549316406
184.480014	4.524965763092041
184.49997	4.411531448364258
184.520051	2.7558536529541016
184.540238	2.3220608234405518
184.560168	2.275829315185547
184.579973	2.116907835006714
184.600209	0.6261723041534424
184.619957	-0.22687870264053345
184.639956	-0.16641166806221008
184.660089	0.7450517416000366
184.679966	0.7547653913497925
184.699983	0.30260202288627625
184.719966	-0.5515402555465698
184.74016	-2.6914196014404297
184.760358	-2.825242280960083
184.780532	-2.596247911453247
184.799963	-2.169213056564331
184.820072	-2.1586313247680664
184.84002	-2.335775852203369
184.860012	-2.313387393951416
184.879956	-1.8376693725585938
184.899976	-1.504913568496704
184.91997	-1.5148241519927979
184.939984	-1.6226211786270142
184.959979	-1.8797504901885986
184.980112	-1.9128986597061157
185.000103	-2.4026832580566406
185.019971	-3.1875529289245605
185.039935	-2.287539482116699
185.060208	-1.1582285165786743
185.079955	-0.804694414138794
185.100004	-2.576763153076172
185.120221	-3.6151785850524902
185.139989	-3.5695390701293945
185.160202	-2.3729896545410156
185.179975	0.4311016798019409
185.200266	0.6345005035400391
185.219964	0.6536507606506348
185.240033	0.21965289115905762
185.260304	0.3136458396911621
185.279979	0.5720762014389038
185.300379	1.1405786275863647
185.320012	2.4583702087402344
185.340131	2.964120864868164
185.360126	3.329371690750122
185.379965	3.4389641284942627
185.40079	4.0203070640563965
185.419984	4.363887786865234
185.439993	4.4501166343688965
185.459992	3.3861212730407715
185.479968	2.7466020584106445
185.500203	2.2974510192871094
185.520087	2.201444387435913
185.540055	2.243401050567627
185.560225	2.3987646102905273
185.579972	2.748401165008545
185.600026	1.6342284679412842
185.620234	0.7789362668991089
185.63999	0.4525838792324066
185.660014	0.8701786398887634
185.679985	0.5535582900047302
185.700418	-0.240961492061615
185.720048	-0.9428385496139526
185.739977	-1.4395837783813477
185.760202	-1.7393405437469482
185.779983	-1.5039654970169067
185.800101	-1.3557109832763672
185.820303	-1.533216953277588
185.840216	-1.3898128271102905
185.860023	-1.1642930507659912
185.88	-0.7793900966644287
185.900052	-0.15824413299560547
185.920001	-0.6091793775558472
185.940051	-1.2602918148040771
185.960262	-1.7747814655303955
185.980022	-2.1167705059051514
186.00004	-2.4664111137390137
186.020266	-2.770379066467285
186.040279	-2.116605758666992
186.06002	-1.390353798866272
186.07999	-1.4157029390335083
186.100003	-2.4528818130493164
186.120354	-3.8063793182373047
186.139984	-3.0578932762145996
186.160031	-1.5958319902420044
186.180001	-0.48675572872161865
186.200062	0.5133687257766724
186.219991	0.7688437700271606
186.240129	0.8164111375808716
186.259977	1.4893569946289062
186.27999	2.030431032180786
186.300049	2.464608669281006
186.320133	2.956726551055908
186.340003	4.259162425994873
186.360051	4.744789123535156
186.379969	5.073259353637695
186.400023	5.543174743652344
186.419963	5.822964668273926
186.439997	5.840354919433594
186.459974	5.571672439575195
186.479954	4.426691055297852
186.499977	3.473761558532715
186.520036	2.7267086505889893
186.540021	2.341853141784668
186.560872	1.8196570873260498
186.580546	1.5770570039749146
186.600809	0.9898773431777954
186.620068	-0.03480064868927002
186.640105	0.22460520267486572
186.659994	0.48789313435554504
186.679968	0.4652981162071228
186.700041	-1.0207257270812988
186.719997	-1.432581901550293
186.740024	-2.0573692321777344
186.75998	-2.46213698387146
186.779956	-2.8788208961486816
186.799969	-2.603132724761963
186.81996	-2.28054141998291
186.839932	-1.7134835720062256
186.860333	-1.3888812065124512
186.879976	-1.0551245212554932
186.899989	-0.8905647397041321
186.919967	-0.923606812953949
186.939968	-1.3175077438354492
186.959939	-2.1804347038269043
186.980082	-2.9358229637145996
187.000013	-2.5950443744659424
187.020012	-2.274106979370117
187.039996	-2.650228500366211
187.060247	-2.8727288246154785
187.079981	-3.052130699157715
187.100031	-3.324428081512451
187.119999	-3.636725902557373
187.140231	-3.8032724857330322
187.160333	-3.7575149536132812
187.179975	-3.537421464920044
187.200196	-1.5234824419021606
187.219989	-0.6900529861450195
187.240299	-0.24235987663269043
187.260346	-0.08095884323120117
187.280186	0.5739481449127197
187.299964	1.0556564331054688
187.320019	1.6136051416397095
187.340082	2.0214197635650635
187.360024	2.9301817417144775
187.379957	3.577615261077881
187.399974	4.163066864013672
187.420221	4.661089897155762
187.439974	4.155270099639893
187.4604	3.377173900604248
187.479975	2.8801894187927246
187.499978	2.697274684906006
187.520225	2.411332607269287
187.539986	2.01951003074646
187.560309	1.740247368812561
187.579951	1.0129071474075317
187.599975	0.7275125980377197
187.620045	0.5638712644577026
187.640013	-1.3259098529815674
187.660037	-2.174290180206299
187.679961	-2.4366629123687744
187.699959	-2.271019458770752
187.719971	-2.239121198654175
187.739946	-2.4101603031158447
187.760414	-2.6719727516174316
187.77995	-2.9997901916503906
187.799944	-3.389681816101074
187.819953	-3.3223352432250977
187.839968	-3.242328643798828
187.860217	-3.074371099472046
187.88016	-2.7745089530944824
187.900238	-2.4104995727539062
187.919987	-2.0880777835845947
187.940288	-2.1435232162475586
187.959988	-2.3434901237487793
187.980214	-2.664736747741699
188.000244	-2.8477821350097656
188.020281	-2.8969366550445557
188.03995	-2.9119653701782227
188.059966	-2.6897971630096436
188.079961	-1.970119595527649
188.099964	-1.7425415515899658
188.119975	-2.2372477054595947
188.139929	-3.7217648029327393
188.159978	-5.063277244567871
188.179974	-2.7185862064361572
188.200078	-1.644346833229065
188.220032	-1.86034095287323
188.240054	-2.055574417114258
188.260079	-2.0191867351531982
188.280247	-1.822997808456421
188.29998	-0.8089381456375122
188.319993	-0.01011955738067627
188.339981	0.8335387110710144
188.359976	1.600663661956787
188.379985	2.900076389312744
188.400277	3.5197646617889404
188.420231	3.9239869117736816
188.440006	4.972505569458008
188.460565	5.451793670654297
188.4802	5.640563488006592
188.500035	5.570192813873291
188.519957	4.535175323486328
188.540011	3.493650436401367
188.559982	2.705839157104492
188.580092	2.2317280769348145
188.600248	2.090134859085083
188.620011	1.591502070426941
188.64039	0.4955243468284607
188.660894	-0.1863137185573578
188.680782	0.15168781578540802
188.700981	0.3064195513725281
188.719998	0.1563715934753418
188.740267	-1.2970476150512695
188.760517	-1.9120020866394043
188.780227	-1.986181616783142
188.80004	-1.7518503665924072
188.820061	-1.2109456062316895
188.840045	-1.150518536567688
188.859987	-1.3223563432693481
188.88019	-0.7468175888061523
188.900232	-0.3249313235282898
188.919984	0.07155045866966248
188.940016	0.16519378125667572
188.959978	-1.0153238773345947
188.980003	-1.3645415306091309
189.00025	-1.7649880647659302
189.01998	-2.5233964920043945
189.040009	-3.081386089324951
189.059988	-3.6993703842163086
189.079976	-4.061300277709961
189.100279	-4.664433002471924
189.120213	-5.184334754943848
189.140034	-5.614866256713867
189.160396	-5.475985527038574
189.179961	-4.096419334411621
189.200044	-2.4030301570892334
189.22001	-1.124863624572754
189.240245	-0.31667232513427734
189.260375	-0.24308443069458008
189.279988	-0.2354450225830078
189.300031	0.011248350143432617
189.31999	1.1691994667053223
189.339952	1.9116014242172241
189.36005	2.6815149784088135
189.379955	3.347095012664795
189.400039	3.888796806335449
189.42001	4.38885498046875
189.439991	4.763054847717285
189.459988	4.476472854614258
189.480207	3.431777000427246
189.499955	2.513401508331299
189.519973	2.8402819633483887
189.539972	4.548243522644043
189.559955	4.046837329864502
189.579989	3.0317602157592773
189.599987	2.1821815967559814
189.620288	1.6497005224227905
189.640371	0.5481216907501221
189.659994	-0.9492331743240356
189.680008	-2.5625762939453125
189.700238	-1.8864772319793701
189.720058	-2.053403615951538
189.739978	-2.7559990882873535
189.760372	-3.9992923736572266
189.779961	-3.875910758972168
189.800003	-3.515631914138794
189.820244	-2.358299493789673
189.840034	-1.8591171503067017
189.860433	-1.7508352994918823
189.880202	-1.904619812965393
189.899977	-2.5275986194610596
189.919958	-2.4242990016937256
189.940027	-2.2436485290527344
189.960369	-1.9819984436035156
189.979962	-1.646071195602417
189.999974	-2.0783841609954834
190.019995	-2.354511022567749
190.040012	-2.814131021499634
190.06023	-3.488232135772705
190.079953	-4.25908899307251
190.099969	-5.118978977203369
190.119975	-5.914017677307129
190.140008	-5.841938495635986
190.159987	-5.8977837562561035
190.179968	-6.224761009216309
190.199966	-6.560124397277832
190.220227	-6.433197498321533
190.23998	-6.225152015686035
190.26	-5.448436260223389
190.279974	-4.739706993103027
190.300905	-4.012516975402832
190.319965	-3.0897085666656494
190.339997	-1.219045877456665
190.360425	-0.6564128398895264
190.380183	-0.25206685066223145
190.400479	0.553612470626831
190.419954	1.0110069513320923
190.440009	1.4951190948486328
190.460252	1.9667338132858276
190.480346	2.2668867111206055
190.500479	2.6530990600585938
190.520661	3.2413856983184814
190.540056	3.8364224433898926
190.560268	5.13142728805542
190.579983	5.463259696960449
190.600246	5.435749053955078
190.620323	5.344988822937012
190.64002	5.038922309875488
190.660232	4.601539611816406
190.679967	4.222473621368408
190.699967	3.4586668014526367
190.71997	3.708937168121338
190.740037	3.9972941875457764
190.760276	4.253200054168701
190.779967	4.627475738525391
190.800199	3.773871421813965
190.819997	2.7030506134033203
190.840011	1.540928602218628
190.860148	1.280825138092041
190.879989	1.2918816804885864
190.900029	0.8774810433387756
190.919989	-0.7057409286499023
190.939973	-1.5435242652893066
190.959986	-1.9604817628860474
190.980013	-2.197788953781128
191.000008	-2.334238290786743
191.019984	-2.326240301132202
191.039991	-2.3138351440429688
191.060434	-2.0066049098968506
191.080102	-1.7141950130462646
191.100002	-1.5004239082336426
191.120226	-1.4635703563690186
191.139975	-1.8392125368118286
191.159973	-1.993545651435852
191.180012	-2.3569931983947754
191.199994	-2.7073001861572266
191.220005	-2.0734686851501465
191.23997	-1.701888918876648
191.260591	-1.5247910022735596
191.2803	-1.9739900827407837
191.30013	-2.0802664756774902
191.320004	-2.088681221008301
191.340055	-1.8019191026687622
191.360911	-2.5757129192352295
191.379967	-3.137754440307617
191.400016	-3.660503387451172
191.419965	-3.6968517303466797
191.43997	-1.131178379058838
191.459977	-0.5719096660614014
191.480231	-0.5177552103996277
191.499986	-1.172123908996582
191.519993	-1.1848559379577637
191.540023	-0.9297358989715576
191.560234	-0.44185471534729004
191.580346	0.9266968965530396
191.600269	1.0324349403381348
191.620017	1.0177481174468994
191.640049	1.42332923412323
191.660587	1.519789695739746
191.679998	1.7290958166122437
191.700051	1.9791563749313354
191.719975	2.3605189323425293
191.74006	2.357027530670166
191.760082	2.282208204269409
191.780177	2.0229015350341797
191.799945	0.9313821792602539
191.819958	0.6398614645004272
191.83997	0.6137784123420715
191.860128	0.9610127210617065
191.879943	1.3605197668075562
191.900082	1.4902724027633667
191.920252	0.8923361301422119
191.939938	-0.3546680212020874
191.959941	-0.07161153107881546
191.979963	0.2887076437473297
191.999989	0.3187529444694519
192.020004	-0.5299886465072632
192.040279	-1.254604697227478
192.060641	-1.6533294916152954
192.080049	-1.558435082435608
192.100236	-1.4849729537963867
192.119983	-1.450444221496582
192.139989	-1.401455283164978
192.159981	-1.072807788848877
192.180038	-0.9069094061851501
192.200009	-0.8432935476303101
192.220054	-0.6301081776618958
192.240248	-1.6964246034622192
192.260048	-2.535811185836792
192.279982	-3.1415369510650635
192.299972	-2.2416129112243652
192.31996	-1.6452163457870483
192.340018	-1.4648948907852173
192.359938	-1.5170832872390747
192.379963	-1.0865607261657715
192.400006	-1.225191354751587
192.420014	-1.8722782135009766
192.440235	-3.685270309448242
192.46022	-4.006762981414795
192.480207	-2.3164708614349365
192.499953	-0.5332469940185547
192.51996	0.8362877368927002
192.540049	0.7887255549430847
192.559979	0.4263876676559448
192.580056	0.3515641689300537
192.600007	1.2178711891174316
192.620003	1.6914469003677368
192.640234	2.2790122032165527
192.660003	3.3406929969787598
192.679981	3.8482792377471924
192.700016	4.2624406814575195
192.719976	4.330595016479492
192.740038	4.342430114746094
192.760278	3.8768701553344727
192.779977	3.368335247039795
192.800035	3.388199806213379
192.820043	3.9086170196533203
192.839946	3.6572470664978027
192.859997	3.1946847438812256
192.879956	2.7977442741394043
192.899987	2.318066120147705
192.920327	1.8005300760269165
192.940029	1.2924467325210571
192.959927	0.13827112317085266
192.980028	-0.5369352698326111
192.999974	-1.153659701347351
193.020171	-2.182746648788452
193.040044	-4.20646333694458
193.060219	-4.38946008682251
193.080039	-4.206490993499756
193.100225	-3.713183879852295
193.120223	-3.2439815998077393
193.140049	-3.000192403793335
193.160234	-2.7841789722442627
193.18	-2.1759085655212402
193.20008	-1.8860316276550293
193.220034	-1.6500040292739868
193.240076	-1.6588963270187378
193.259971	-2.489954710006714
193.280332	-2.723705768585205
193.299995	-2.8720970153808594
193.319995	-4.274517059326172
193.340091	-3.8906171321868896
193.360054	-2.8894546031951904
193.379967	-2.3158340454101562
193.399973	-2.9671895503997803
193.419986	-3.7137012481689453
193.440036	-4.077820777893066
193.460032	-2.4854681491851807
193.479978	-1.3574879169464111
193.500041	-0.4847590923309326
193.520103	0.0028864145278930664
193.539968	0.11894416809082031
193.56003	0.4915510416030884
193.580089	1.0712369680404663
193.599966	1.851564884185791
193.620012	3.1700210571289062
193.63998	3.732794761657715
193.659984	4.135442733764648
193.679993	4.863101959228516
193.700044	4.858610153198242
193.719967	4.851846694946289
193.73998	4.801624774932861
193.759992	4.6764373779296875
193.779975	4.390755653381348
193.79997	4.0879316329956055
193.819975	3.614638328552246
193.840029	2.617779493331909
193.860238	2.2520322799682617
193.879973	1.954114317893982
193.900078	-1.1020574569702148
193.920059	-2.916476011276245
193.940032	-4.021620750427246
193.960022	-4.469527721405029
193.979982	-4.603199005126953
193.99999	-4.6044020652771
194.020035	-4.610795974731445
194.039965	-4.988624572753906
194.059978	-5.073268413543701
194.079993	-4.695320129394531
194.100072	-4.317757606506348
194.120043	-3.7032854557037354
194.140037	-3.28266978263855
194.159987	-3.057786464691162
194.179995	-3.148716926574707
194.200278	-3.3570802211761475
194.219988	-3.311728000640869
194.240207	-3.331989049911499
194.260016	-3.292525053024292
194.279993	-3.285222291946411
194.300086	-3.7065930366516113
194.31998	-3.8953793048858643
194.340006	-3.93772292137146
194.35996	-3.27314829826355
194.380002	-2.6483609676361084
194.399978	-2.424027919769287
194.419971	-3.4155216217041016
194.441091	-3.733830213546753
194.459954	-2.4921517372131348
194.48	0.3458133935928345
194.500102	0.8310767412185669
194.52036	0.9002307653427124
194.540764	0.5571833848953247
194.560695	0.2908141613006592
194.579968	0.5487641096115112
194.600236	1.0006701946258545
194.620321	1.5229401588439941
194.640789	2.746253490447998
194.660971	3.4218645095825195
194.680965	3.9764161109924316
194.69997	4.550134658813477
194.720017	4.281355857849121
194.739976	4.054442405700684
194.75997	3.911280870437622
194.779973	4.674499034881592
194.799979	4.540014743804932
194.819997	3.870067596435547
194.840029	2.9283814430236816
194.859992	2.2599151134490967
194.87998	1.9756349325180054
194.90022	0.8474828004837036
194.920038	-0.8718167543411255
194.940366	-1.0880529880523682
194.96021	-1.1861939430236816
194.980005	-1.0530503988265991
195.000237	-1.6467472314834595
195.019976	-2.708913564682007
195.039988	-3.536017894744873
195.059983	-3.8081507682800293
195.079981	-3.152216672897339
195.100222	-2.4368648529052734
195.120237	-1.7793872356414795
195.140215	-1.6547776460647583
195.159958	-1.6155647039413452
195.17998	-1.4845023155212402
195.199953	-1.513530969619751
195.220283	-1.5180848836898804
195.23996	-1.833172082901001
195.259972	-2.126882314682007
195.279973	-1.7999818325042725
195.300072	-1.2483417987823486
195.32006	-0.7744616866111755
195.340046	-0.4331456422805786
195.359934	-0.6253448724746704
195.379997	-1.5278218984603882
195.399978	-3.2663586139678955
195.420004	-4.523823261260986
195.440018	-1.3500964641571045
195.459979	0.06853759288787842
195.479988	0.8852792978286743
195.500097	0.5767184495925903
195.520214	0.008831262588500977
195.540237	0.16797471046447754
195.559972	0.7603756189346313
195.579964	2.2338504791259766
195.600975	2.982909917831421
195.619973	3.4668068885803223
195.63999	3.741149425506592
195.659989	4.515275001525879
195.680207	4.939140319824219
195.700085	5.262852668762207
195.720028	4.639847278594971
195.740033	4.414897918701172
195.760016	4.404502868652344
195.780052	4.120275497436523
195.800075	3.5921623706817627
195.820063	3.0924806594848633
195.840298	2.7113664150238037
195.859983	2.541698455810547
195.879997	0.237247496843338
195.900619	-0.6153430938720703
195.920066	-0.919649064540863
195.940051	-1.7430999279022217
195.960352	-1.9949065446853638
195.979997	-2.266834259033203
196.000019	-2.887488603591919
196.020069	-3.635197162628174
196.040058	-3.0907583236694336
196.059966	-2.699141025543213
196.079987	-2.426482915878296
196.10007	-2.1426451206207275
196.120246	-1.9073514938354492
196.140409	-1.4771618843078613
196.159963	-0.6061053276062012
196.17998	-0.5916881561279297
196.200027	-0.8645243048667908
196.219999	-1.1907804012298584
196.240001	-1.421795129776001
196.259961	-1.1870558261871338
196.279974	-1.1303982734680176
196.299998	-1.2152458429336548
196.32005	-0.6119283437728882
196.339963	-0.1055065393447876
196.360256	-0.08218038082122803
196.379945	-1.0510632991790771
196.39996	-0.8925307989120483
196.42043	-0.3598597049713135
196.439962	0.26745450496673584
196.460957	0.06928741931915283
196.480756	-0.17271792888641357
196.500901	-0.2996952533721924
196.519967	0.07343268394470215
196.540313	0.4338289499282837
196.560019	0.827860951423645
196.579967	1.4919822216033936
196.600064	2.5276520252227783
196.62006	2.969536304473877
196.640204	3.22389554977417
196.660087	3.285684108734131
196.67999	1.902282953262329
196.700057	1.9824624061584473
196.720037	2.5330734252929688
196.739969	2.9688820838928223
196.760037	2.9089252948760986
196.77998	2.541123867034912
196.800048	1.833036184310913
196.819968	2.1837549209594727
196.840261	1.632472038269043
196.859995	1.0119602680206299
196.879964	0.7537336945533752
196.900058	0.5116913318634033
196.920234	-0.13089227676391602
196.939956	-1.1435145139694214
196.959988	-2.4224143028259277
196.979999	-2.564134359359741
197.000232	-2.274200439453125
197.020273	-1.9941095113754272
197.04029	-2.132499933242798
197.059979	-1.8972750902175903
197.07998	-1.5964831113815308
197.1002	-1.1752235889434814
197.120231	-1.0739076137542725
197.140021	-0.8549947738647461
197.15998	-0.609442412853241
197.180249	-0.7912114262580872
197.200024	-0.58638596534729
197.220089	-0.45964694023132324
197.240019	-0.5265320539474487
197.259978	-0.6204919815063477
197.280018	0.08886253833770752
197.300025	0.4887663722038269
197.320756	-1.4267407655715942
197.340245	-2.4978559017181396
197.360051	-2.323434352874756
197.37998	-1.0663515329360962
197.399976	-0.19227373600006104
197.420265	-0.4524611234664917
197.439986	-1.1220365762710571
197.460013	-2.066585063934326
197.479978	-2.3679394721984863
197.500012	-1.681080937385559
197.52005	-0.8723496198654175
197.540031	0.17488014698028564
197.560188	0.7121376991271973
197.580046	1.2776798009872437
197.600001	1.912171721458435
197.619994	3.0434203147888184
197.64006	3.3274126052856445
197.660216	3.4017832279205322
197.680233	3.1394906044006348
197.700202	3.352861166000366
197.720014	3.1675992012023926
197.73999	3.139408588409424
197.759951	3.322382688522339
197.780303	4.049209117889404
197.800002	4.154433250427246
197.820036	3.102712392807007
197.840001	1.1607961654663086
197.859993	0.970168948173523
197.879975	1.3967413902282715
197.900026	1.7363500595092773
197.919985	0.9460676908493042
197.940013	-0.08392244577407837
197.959941	-0.6535670757293701
197.98011	-0.6552078723907471
197.999987	-0.8256596326828003
198.020012	-1.049987554550171
198.040194	-1.1874182224273682
198.060779	-1.0814481973648071
198.080629	-0.6951327323913574
198.10024	-0.4698892831802368
198.120055	-0.8408395051956177
198.140235	-1.4689860343933105
198.159972	-1.7743016481399536
198.179973	-1.5606048107147217
198.200011	-2.0135879516601562
198.219988	-2.1504063606262207
198.239969	-2.1302943229675293
198.259958	-1.7999590635299683
198.27997	-1.4479705095291138
198.300074	-2.106105089187622
198.320314	-3.500295639038086
198.340037	-5.546632289886475
198.360055	-5.622305393218994
198.380004	-5.338088512420654
198.400001	-5.073821067810059
198.420012	-4.259702205657959
198.439994	-3.9879252910614014
198.459992	-3.836552619934082
198.48034	-3.7351481914520264
198.500017	-2.507204055786133
198.520041	-1.872111439704895
198.539987	-1.4995782375335693
198.559991	-0.19625645875930786
198.580061	0.9522489905357361
198.599998	2.044739246368408
198.619995	2.7667505741119385
198.640639	3.8508143424987793
198.659989	4.071443557739258
198.680202	4.349582672119141
198.700072	4.3425445556640625
198.720362	3.2512941360473633
198.740036	2.7505404949188232
198.760229	2.592644214630127
198.780123	3.348034143447876
198.799982	3.185840606689453
198.82001	2.7602322101593018
198.840015	2.2263975143432617
198.860005	2.165512800216675
198.879946	2.7017533779144287
198.899963	3.208822250366211
198.920003	3.232969284057617
198.93999	2.5824875831604004
198.959967	1.8145090341567993
198.980012	1.1331980228424072
198.999996	0.27424392104148865
199.019992	-0.24252864718437195
199.040003	-0.7283531427383423
199.059995	-1.0644248723983765
199.080017	-1.4712929725646973
199.099985	-1.837963581085205
199.119981	-2.2583298683166504
199.140037	-3.389909267425537
199.159989	-3.735511302947998
199.179999	-3.884359836578369
199.199964	-3.794797897338867
199.219994	-4.0557403564453125
199.239975	-4.135140895843506
199.260202	-4.092001914978027
199.279975	-3.984635829925537
199.299983	-1.5404298305511475
199.320009	-0.9576820731163025
199.339977	-2.084965229034424
199.359964	-5.040689945220947
199.379995	-4.078384876251221
199.399967	-1.7428287267684937
199.419997	-0.6280738115310669
199.440016	-0.7397656440734863
199.459959	-0.8044451475143433
199.479969	-0.33427339792251587
199.49998	0.40036872029304504
199.519984	1.5894064903259277
199.540033	2.078277111053467
199.559928	2.233053207397461
199.58002	2.5642635822296143
199.599964	2.822366952896118
199.619963	3.139289140701294
199.640005	3.4380745887756348
199.659989	3.8496739864349365
199.679984	3.646108627319336
199.700931	3.344944953918457
199.720349	3.0853428840637207
199.740011	2.9319040775299072
199.759949	3.138540744781494
199.779957	3.173501968383789
199.799968	2.6925268173217773
199.819993	2.182804822921753
199.840141	1.4942922592163086
199.859989	0.3157717287540436
199.879957	-1.495295524597168
199.900221	-2.1382296085357666
199.920275	-2.938772201538086
199.940862	-4.413743019104004
199.959965	-4.64656400680542
199.980067	-4.601237773895264
200.000009	-4.431182861328125
200.020227	-3.2139339447021484
200.040037	-2.562976837158203
200.059975	-1.9770050048828125
200.080192	-1.4727613925933838
200.099982	-1.1371593475341797
200.119998	-1.0857467651367188
200.139971	-1.0431503057479858
200.15998	-0.9567998051643372
200.179996	-1.0538619756698608
200.200003	-0.914347767829895
200.219988	-0.45646747946739197
200.239973	0.78670334815979
200.259954	1.1933081150054932
200.279986	1.1095157861709595
200.300278	0.4437164068222046
200.32013	-0.0031640157103538513
200.340259	0.10891133546829224
200.360196	0.2349114567041397
200.380006	0.12237199395895004
200.400045	-0.09584815055131912
200.420065	-0.2890908122062683
200.440036	-0.46010756492614746
200.459995	-0.6302043795585632
200.479979	-0.6321730017662048
200.500033	-0.6370055675506592
200.51999	-0.8041536211967468
200.539971	-1.3244922161102295
200.559981	-1.7122101783752441
200.580037	-1.7999094724655151
200.599981	-1.7205311059951782
200.620026	-1.5737392902374268
200.640036	-1.6158803701400757
200.66101	-1.768599271774292
200.680252	-1.8789891004562378
200.699984	-1.7614071369171143
200.719977	-1.5625696182250977
200.740005	-1.0962719917297363
200.759983	-0.984217643737793
200.780064	-1.1262900829315186
200.799999	-1.2109794616699219
200.820006	-1.300735354423523
200.840075	-1.3218454122543335
200.859986	-1.2425774335861206
200.87999	-0.9317276477813721
200.899992	-0.2832934856414795
200.920226	-0.134179949760437
200.940004	-0.06767797470092773
200.960041	0.7213263511657715
200.980033	1.4378095865249634
201.000063	2.1501259803771973
201.020227	2.8299813270568848
201.040075	4.017828464508057
201.060011	4.027211666107178
201.080207	4.35958194732666
201.100315	4.597751140594482
201.119955	4.9644904136657715
201.139957	5.329440116882324
201.159952	5.224973201751709
201.17995	3.2006094455718994
201.200029	1.7923946380615234
201.220192	0.7225719690322876
201.240281	0.06497836112976074
201.259988	-1.1301195621490479
201.280061	-1.6174789667129517
201.299977	-2.370755672454834
201.319981	-2.7744264602661133
201.340019	-4.807255268096924
201.360213	-6.570713043212891
201.379953	-7.769460678100586
201.400268	-8.135114669799805
201.420033	-8.249573707580566
201.440043	-7.920882225036621
201.459994	-7.289033889770508
201.479965	-6.244406700134277
201.499963	-6.168895721435547
201.520212	-6.340007781982422
201.539982	-5.792262077331543
201.559953	-5.513285160064697
201.580179	-5.244664192199707
201.599962	-5.426656723022461
201.620027	-5.345053195953369
201.639963	-4.77706241607666
201.659964	-3.761068820953369
201.679954	-2.9738242626190186
201.700031	-2.780135154724121
201.719988	-2.4705567359924316
201.739952	-1.9126248359680176
201.759942	-1.3140685558319092
201.77994	0.15997982025146484
201.800169	2.28763747215271
201.820904	4.132420539855957
201.839954	4.509843349456787
201.859943	4.237334251403809
201.880044	3.3727164268493652
201.900438	3.386068105697632
201.920389	5.101221084594727
201.940499	5.12246561050415
201.961111	4.972474575042725
201.981132	4.487353324890137
201.999987	3.80295991897583
202.020213	3.1633124351501465
202.039988	2.9507322311401367
202.059972	2.845761299133301
202.080274	2.8038196563720703
202.099992	2.42946195602417
202.119982	1.9798418283462524
202.140006	1.446351408958435
202.15995	1.8466105461120605
202.180051	1.9095580577850342
202.200018	1.8009730577468872
202.220022	1.1883721351623535
202.240256	-0.30065321922302246
202.259966	-2.3965368270874023
202.280345	-3.9058115482330322
202.299968	-4.498550891876221
202.31997	-6.133809566497803
202.34004	-7.7063117027282715
202.359965	-7.978033065795898
202.380024	-7.690044403076172
202.399974	-7.769874095916748
202.419967	-6.512440204620361
202.440095	-5.730105876922607
202.45997	-4.932094097137451
202.479983	-3.966656446456909
202.500015	-2.056398868560791
202.520037	-1.4752906560897827
202.540052	-1.1237483024597168
202.560025	-0.2682899832725525
202.580157	0.18238164484500885
202.600216	0.5095359086990356
202.619958	0.6876648664474487
202.639958	1.230249285697937
202.660102	1.4667686223983765
202.679989	1.705660343170166
202.700112	1.7543960809707642
202.719981	0.026835113763809204
202.740051	-1.011244773864746
202.759983	-1.0882138013839722
202.780002	-0.7676365375518799
202.799972	-0.8743626475334167
202.820005	-0.8422864675521851
202.840019	-0.9884986877441406
202.859975	-1.0725550651550293
202.880049	-0.6728028655052185
202.899996	-0.45247983932495117
202.919974	-0.3933955430984497
202.93995	-0.7419581413269043
202.960019	-0.1631777286529541
202.979955	0.5878285765647888
202.99997	1.465095043182373
203.020012	1.7919012308120728
203.039981	2.0333447456359863
203.05997	2.2935917377471924
203.079994	2.6140029430389404
203.10025	2.825129270553589
203.120058	3.113150119781494
203.140221	3.22772216796875
203.159926	3.260415554046631
203.179999	3.2322773933410645
203.199962	3.345097064971924
203.219994	3.5968284606933594
203.239966	3.3469204902648926
203.259963	3.0764122009277344
203.279978	2.8767595291137695
203.300035	3.1097280979156494
203.320004	3.036811590194702
203.340007	2.4884257316589355
203.360237	1.7409409284591675
203.380072	1.5069456100463867
203.399965	1.6021645069122314
203.419986	1.3868480920791626
203.439963	1.0588674545288086
203.459954	0.8478139638900757
203.479958	0.5095107555389404
203.499966	0.12137392163276672
203.519964	-0.5770955085754395
203.540005	-0.6599363088607788
203.559977	-0.542339563369751
203.580017	-0.8763523697853088
203.599987	-1.0944874286651611
203.620242	-1.0773881673812866
203.639967	-0.9513795375823975
203.660004	-0.7482444047927856
203.679969	-0.8642925024032593
203.700236	-0.7984911203384399
203.719979	-0.8706041574478149
203.740012	-0.9540134072303772
203.759971	-0.9938660860061646
203.780031	-1.3466674089431763
203.79995	-1.7884979248046875
203.820012	-1.7372543811798096
203.840054	-1.809316873550415
203.86053	-1.9428794384002686
203.880517	-1.8697704076766968
203.899996	-1.7074060440063477
203.92006	-1.6465187072753906
203.940048	-1.6372171640396118
203.96	-1.8330259323120117
203.980291	-1.9235057830810547
203.999993	-1.710768461227417
204.020199	-1.426398515701294
204.039931	-1.547178864479065
204.06027	-1.4803321361541748
204.080171	-1.5210001468658447
204.099964	-1.183095932006836
204.119989	-1.2325512170791626
204.14024	-1.1892845630645752
204.159957	-1.2290546894073486
204.179992	-1.1167668104171753
204.199975	-1.077337622642517
204.219982	-0.8473966121673584
204.240041	-0.8082587718963623
204.260007	-0.662580132484436
204.279983	-0.5014703869819641
204.299971	-0.45649492740631104
204.320003	-0.22665245831012726
204.340064	-0.1878960132598877
204.360008	-0.3196834921836853
204.379945	-0.39364564418792725
204.399956	-0.21725040674209595
204.419962	-0.06210601329803467
204.440018	-0.034709811210632324
204.460043	0.11663955450057983
204.480024	0.3957853317260742
204.499972	0.6257979273796082
204.519977	0.7612787485122681
204.540002	1.0009820461273193
204.5602	0.9205269813537598
204.580049	0.8374617099761963
204.600253	1.0009218454360962
204.61997	1.1564955711364746
204.640085	1.4206950664520264
204.659986	1.6183395385742188
204.679951	1.5196268558502197
204.70016	1.5634034872055054
204.720029	1.547599196434021
204.740067	1.5557739734649658
204.759982	1.6773098707199097
204.780047	1.6713895797729492
204.799982	1.6685583591461182
204.820016	1.7146234512329102
204.839987	1.7455652952194214
204.860249	1.6284918785095215
204.879974	1.4998955726623535
204.900064	1.3884496688842773
204.920391	1.3566977977752686
204.93995	1.2703518867492676
204.960262	1.2115631103515625
204.979993	1.0436726808547974
204.999987	0.9899594783782959
205.019974	0.9479948282241821
205.039979	0.8225255012512207
205.059948	0.7477394342422485
205.080016	0.7009066343307495
205.099996	0.559281051158905
205.120257	0.30018094182014465
205.139958	0.21550095081329346
205.159989	0.22957418859004974
205.180043	0.21370412409305573
205.200206	0.10571837425231934
205.220208	-0.0749044120311737
205.240022	-0.2014668583869934
205.260185	-0.17191755771636963
205.280013	-0.26860126852989197
205.300196	-0.3697986900806427
205.319977	-0.36743366718292236
205.34001	-0.5248477458953857
205.360206	-0.5817746520042419
205.379962	-0.7774784564971924
205.399958	-0.7471435070037842
205.420034	-0.821800708770752
205.439953	-0.8279662132263184
205.460713	-0.8995736837387085
205.479964	-0.8685381412506104
205.499962	-0.795534610748291
205.520335	-0.7650520205497742
205.540518	-0.7803858518600464
205.560685	-0.8686645030975342
205.58114	-0.9183101654052734
205.599984	-0.7459113597869873
205.62021	-0.6678472757339478
205.639997	-0.6156827807426453
