42.100028	0.08765512704849243
42.120033	0.07992410659790039
42.140013	0.0965767502784729
42.160371	0.0864751935005188
42.180023	0.09666228294372559
42.200002	0.09832215309143066
42.221081	0.11848896741867065
42.240019	0.10194158554077148
42.260031	0.10375756025314331
42.280265	0.09784775972366333
42.300239	0.09820538759231567
42.320314	0.08913290500640869
42.339983	0.07875293493270874
42.360048	0.07736188173294067
42.380185	0.08687591552734375
42.400215	0.08083611726760864
42.420131	0.09336870908737183
42.440211	0.08589792251586914
42.460116	0.07140755653381348
42.480082	0.07748550176620483
42.499978	0.0828554630279541
42.520079	0.06346070766448975
42.540035	0.09050458669662476
42.559989	0.06610292196273804
42.579983	0.0759890079498291
42.599967	0.06896346807479858
42.619973	0.07325953245162964
42.640187	0.07205283641815186
42.660011	0.0793306827545166
42.679968	0.08625161647796631
42.699969	0.07945919036865234
42.720252	0.07838702201843262
42.739964	0.07616382837295532
42.760243	0.08386486768722534
42.779965	0.0753624439239502
42.799975	0.06790274381637573
42.819967	0.06411778926849365
42.840055	0.06222468614578247
42.859993	0.032853007316589355
42.879959	0.06795638799667358
42.899953	0.04600393772125244
42.920235	0.052749037742614746
42.94028	0.07086336612701416
42.959984	0.06488430500030518
42.979956	0.060639798641204834
43.000378	0.07198196649551392
43.020624	0.07517331838607788
43.040869	0.05653423070907593
43.059981	0.07545989751815796
43.08019	0.08354049921035767
43.099964	0.08738076686859131
43.119986	0.0930413007736206
43.139974	0.09630841016769409
43.159972	0.12295156717300415
43.179986	0.13914036750793457
43.199988	0.13979953527450562
43.220015	0.13859349489212036
43.239979	0.12413007020950317
43.260156	0.130385160446167
43.280479	0.12567472457885742
43.300001	0.12786155939102173
43.320102	0.16461938619613647
43.340027	0.14885258674621582
43.360079	0.17667174339294434
43.379991	0.1554427146911621
43.400213	0.14902502298355103
43.420184	0.14819705486297607
43.439989	0.1322019100189209
43.460006	0.17064929008483887
43.479991	0.14545941352844238
43.500005	0.12425339221954346
43.52005	0.14236605167388916
43.540012	0.13934409618377686
43.559977	0.16659128665924072
43.580014	0.13515710830688477
43.599972	0.13350337743759155
43.620113	0.12927037477493286
43.640135	0.13328081369400024
43.660119	0.1582964062690735
43.680072	0.1376645565032959
43.700264	0.10838848352432251
43.720057	0.11401385068893433
43.739976	0.13365203142166138
43.759976	0.12646698951721191
43.780003	0.10854107141494751
43.800743	0.11100399494171143
43.820021	0.11409920454025269
43.839972	0.10795527696609497
43.859966	0.11806738376617432
43.880068	0.11329174041748047
43.900068	0.11158943176269531
43.920351	0.10570323467254639
43.939987	0.10100376605987549
43.960241	0.09625643491744995
43.979979	0.11986798048019409
44.000005	0.113211989402771
44.019993	0.11471450328826904
44.039974	0.11391556262969971
44.060015	0.12367194890975952
44.080065	0.12101852893829346
44.100225	0.11085987091064453
44.120029	0.11295229196548462
44.139983	0.11361205577850342
44.159981	0.1275564432144165
44.180061	0.1092221736907959
44.200052	0.10810261964797974
44.219984	0.07626867294311523
44.239973	0.09396827220916748
44.260234	0.10192090272903442
44.279958	0.11364763975143433
44.299925	0.10133320093154907
44.320049	0.11633682250976562
44.339954	0.12015461921691895
44.360005	0.12462717294692993
44.380049	0.12744802236557007
44.399974	0.0972335934638977
44.419993	0.11900109052658081
44.43995	0.12123280763626099
44.459995	0.12608736753463745
44.479996	0.1093207597732544
44.499989	0.11894804239273071
44.519994	0.141748309135437
44.539968	0.11335527896881104
44.559999	0.14308208227157593
44.580026	0.12024635076522827
44.599989	0.11541962623596191
44.619992	0.14764404296875
44.639959	0.1233367919921875
44.659964	0.11686861515045166
44.679962	0.11480408906936646
44.700011	0.11808240413665771
44.719972	0.1276732087135315
44.739959	0.12667816877365112
44.761075	0.13461512327194214
44.780265	0.1322740912437439
44.800082	0.1362628936767578
44.819997	0.14626383781433105
44.840194	0.14205241203308105
44.860529	0.14031481742858887
44.880279	0.1372981071472168
44.900052	0.13502651453018188
44.920016	0.1456041932106018
44.939962	0.1339971423149109
44.960036	0.1463303565979004
44.980023	0.14039504528045654
44.999984	0.14224451780319214
45.02	0.13820940256118774
45.040197	0.1298317313194275
45.05997	0.127186119556427
45.080083	0.11796623468399048
45.100226	0.12183284759521484
45.11997	0.12130612134933472
45.139965	0.12811726331710815
45.16	0.11676681041717529
45.180004	0.13446766138076782
45.20003	0.10279464721679688
45.219952	0.11951202154159546
45.23997	0.12436085939407349
45.259972	0.11380064487457275
45.280004	0.14032739400863647
45.299971	0.11193579435348511
45.319962	0.11789894104003906
45.339959	0.1251792311668396
45.359973	0.12138956785202026
45.379992	0.14054828882217407
45.399961	0.13981109857559204
45.420861	0.13548201322555542
45.440188	0.11662960052490234
45.460196	0.11291015148162842
45.479977	0.1156262755393982
45.500215	0.10023468732833862
45.520913	0.14036130905151367
45.539963	0.11307650804519653
45.559981	0.09712350368499756
45.579983	0.12152564525604248
45.599977	0.11984044313430786
45.620245	0.12069141864776611
45.63997	0.14236021041870117
45.659963	0.11807650327682495
45.679976	0.11656641960144043
45.699965	0.10193145275115967
45.719989	0.11781388521194458
45.739947	0.10997027158737183
45.75997	0.08700007200241089
45.779951	0.11194908618927002
45.799995	0.1119735836982727
45.81999	0.11484968662261963
45.839989	0.11623215675354004
45.859978	0.14252769947052002
45.879986	0.16504722833633423
45.899987	0.15374457836151123
45.920224	0.1546369194984436
45.939963	0.14808225631713867
45.959981	0.14533603191375732
45.980376	0.1546754240989685
45.999969	0.14182740449905396
46.020015	0.14353573322296143
46.039968	0.14126861095428467
46.059971	0.16909539699554443
46.080594	0.1871035099029541
46.099985	0.16784024238586426
46.120244	0.16661196947097778
46.139975	0.18856799602508545
46.160214	0.17121517658233643
46.180084	0.18012380599975586
46.199983	0.17859452962875366
46.22004	0.19266104698181152
46.239966	0.1849260926246643
46.260054	0.1698344349861145
46.280642	0.17228388786315918
46.300077	0.16740131378173828
46.320032	0.15233010053634644
46.339956	0.1454116702079773
46.359971	0.1480138897895813
46.380314	0.1506858468055725
46.400442	0.14564818143844604
46.421121	0.15420806407928467
46.43996	0.1670246720314026
46.459986	0.1445329189300537
46.479985	0.1372033953666687
46.499997	0.1413024663925171
46.520032	0.13409191370010376
46.539977	0.15153443813323975
46.559971	0.13253217935562134
46.579973	0.10427135229110718
46.600019	0.10289889574050903
46.620236	0.11161959171295166
46.639968	0.11901921033859253
46.660243	0.11269062757492065
46.679994	0.14356505870819092
46.700218	0.11060070991516113
46.719989	0.11430478096008301
46.739991	0.1182907223701477
46.760056	0.13787013292312622
46.780064	0.12625008821487427
46.800264	0.1233702301979065
46.820011	0.11973869800567627
46.839976	0.1146622896194458
46.860048	0.11199063062667847
46.879976	0.10770714282989502
46.899954	0.09859216213226318
46.920226	0.1113119125366211
46.939968	0.1217883825302124
46.959986	0.13141191005706787
46.979976	0.12389242649078369
47.000051	0.14727121591567993
47.020263	0.14206981658935547
47.040222	0.14248627424240112
47.060212	0.14713925123214722
47.080013	0.14860111474990845
47.10028	0.15600919723510742
47.120251	0.1627594232559204
47.139977	0.15871012210845947
47.160307	0.16345441341400146
47.179972	0.16041022539138794
47.199984	0.17902660369873047
47.219973	0.18363434076309204
47.240614	0.18321877717971802
47.260244	0.18099504709243774
47.280236	0.16639184951782227
47.299956	0.1527295708656311
47.31999	0.17439818382263184
47.341058	0.17840677499771118
47.360259	0.1637282371520996
47.379963	0.19753193855285645
47.400046	0.18456053733825684
47.420251	0.1573377251625061
47.439963	0.1629856824874878
47.459976	0.18360668420791626
47.480093	0.1769239902496338
47.500177	0.17938435077667236
47.520027	0.14981752634048462
47.539979	0.16159021854400635
47.559986	0.13510584831237793
47.579989	0.13833189010620117
47.600021	0.13439708948135376
47.620196	0.13203269243240356
47.639975	0.12250202894210815
47.660235	0.11702239513397217
47.680244	0.11983358860015869
47.699987	0.13963627815246582
47.719984	0.11875170469284058
47.740062	0.13941985368728638
47.76013	0.11693817377090454
47.780292	0.10938113927841187
47.799971	0.12652283906936646
47.820058	0.1061277985572815
47.839965	0.09800493717193604
47.859956	0.08720201253890991
47.87994	0.0923113226890564
47.89997	0.10057729482650757
47.919969	0.09592384099960327
47.939951	0.08906018733978271
47.959957	0.08130043745040894
47.979982	0.08989882469177246
47.999982	0.08422905206680298
48.020091	0.08132976293563843
48.040029	0.09227937459945679
48.060025	0.08261555433273315
48.080217	0.10769802331924438
48.099976	0.10459166765213013
48.120123	0.10426640510559082
48.139968	0.0989069938659668
48.160247	0.0992310643196106
48.180212	0.08142852783203125
48.200232	0.06522727012634277
48.219967	0.07207757234573364
48.239965	0.07151907682418823
48.26001	0.046687424182891846
48.280013	0.06734210252761841
48.30024	0.07149052619934082
48.320169	0.06350493431091309
48.339996	0.06375628709793091
48.360253	0.07822829484939575
48.379991	0.06535345315933228
48.400219	0.0887531042098999
48.420541	0.07069867849349976
48.440755	0.045848071575164795
48.460668	0.05124729871749878
48.480102	0.06234109401702881
48.50004	0.07677382230758667
48.520012	0.05120474100112915
48.540279	0.06759989261627197
48.56004	0.09588813781738281
48.579985	0.07850897312164307
48.600013	0.06365436315536499
48.62	0.11034232378005981
48.63996	0.08701050281524658
48.660061	0.08122885227203369
48.680028	0.08516746759414673
48.699998	0.05782020092010498
48.720063	0.07844895124435425
48.739993	0.07135796546936035
48.759976	0.06575393676757812
48.77998	0.04214721918106079
48.799998	0.09101581573486328
48.82002	0.06101590394973755
48.840215	0.049758076667785645
48.860002	0.03711205720901489
48.880006	0.05316901206970215
48.900292	0.02038198709487915
48.920076	0.061316847801208496
48.940183	0.058772504329681396
48.960063	0.018986761569976807
48.980183	0.05311107635498047
49.000314	0.053616464138031006
49.020081	0.05087482929229736
49.040009	0.021597743034362793
49.060095	0.03909122943878174
49.080057	0.049759864807128906
49.099948	0.028011023998260498
49.120026	0.045822739601135254
49.140233	0.05892455577850342
49.16004	0.03973966836929321
49.180007	0.03133589029312134
49.20028	0.02626901865005493
49.220013	0.025853991508483887
49.240057	0.03323471546173096
49.260089	0.014744162559509277
49.280316	-9.626150131225586E-5
49.300089	-0.00942927598953247
49.320009	-0.018606901168823242
49.339983	-0.010093152523040771
49.360057	-0.012916743755340576
49.379933	-0.0016791224479675293
49.400288	-0.0014731287956237793
49.420048	-0.005608201026916504
49.440183	-0.009891748428344727
49.459995	-4.1282176971435547E-4
49.479965	-0.02051907777786255
49.500031	0.00761789083480835
49.520145	-0.00591045618057251
49.539999	0.00941932201385498
49.560074	0.008524596691131592
49.580049	0.012424230575561523
49.599929	0.01560509204864502
49.620039	0.021148741245269775
49.63996	0.00487130880355835
49.659973	0.027981281280517578
49.679944	0.021793842315673828
49.700011	0.028258562088012695
49.721032	0.03540468215942383
49.740105	0.03782159090042114
49.760381	0.02390843629837036
49.780702	0.013163745403289795
49.800663	0.0041100382804870605
49.821076	0.00451737642288208
49.839964	0.003528416156768799
49.859967	0.005643606185913086
49.879968	0.00689852237701416
49.899991	0.005308330059051514
49.920024	-0.0067383646965026855
49.94019	0.016745805740356445
49.959987	-0.00629734992980957
49.979957	0.008029937744140625
50.000205	0.01595628261566162
50.020032	-6.669163703918457E-4
50.04012	-4.3082237243652344E-4
50.059992	-0.002658843994140625
50.080217	0.0059746503829956055
50.100039	0.027011334896087646
50.120086	0.014624178409576416
50.139984	0.010894060134887695
50.160039	0.009852886199951172
50.179991	0.008396744728088379
50.199965	0.020511984825134277
50.220152	0.010437071323394775
50.239963	0.03845888376235962
50.259966	0.018063724040985107
50.2802	0.014654994010925293
50.300007	0.014120101928710938
50.319984	0.011131823062896729
50.339973	0.009963393211364746
50.360216	0.017044007778167725
50.379988	0.024151742458343506
50.400012	0.024425148963928223
50.420071	0.023810088634490967
50.439972	0.018393397331237793
50.460323	0.01800626516342163
50.47998	0.02421790361404419
50.500195	0.02234405279159546
50.520046	0.025984585285186768
50.539979	0.0338897705078125
50.560292	0.021385610103607178
50.58001	0.009588897228240967
50.600023	0.0062980055809021
50.620077	0.017166078090667725
50.639963	-0.01423424482345581
50.660218	-0.01680964231491089
50.680277	-0.033400118350982666
50.700019	-0.012365341186523438
50.720062	-0.015774190425872803
50.740063	-0.02394545078277588
50.759966	-0.007988274097442627
50.779986	0.004054605960845947
50.800035	0.022437691688537598
50.820064	-0.01711583137512207
50.839972	-0.01125800609588623
50.859985	-0.01354992389678955
50.880232	-0.020595669746398926
50.899978	0.010064303874969482
50.920221	-0.046396732330322266
50.940237	-0.03533059358596802
50.959979	-0.01954561471939087
50.979993	-0.02600198984146118
51.000053	0.009992778301239014
51.020046	-0.004270732402801514
51.040067	0.01960700750350952
51.06003	0.018962860107421875
51.079995	-2.9665231704711914E-4
51.100014	-5.642175674438477E-4
51.120241	-0.005739688873291016
51.140187	0.01275855302810669
51.160303	0.02405470609664917
51.179968	0.03860360383987427
51.200027	0.04405534267425537
51.220117	0.07020896673202515
51.239977	0.03658968210220337
51.260061	0.07385963201522827
51.279961	0.05497133731842041
51.299924	0.05826306343078613
51.320156	0.04420936107635498
51.341045	0.05291324853897095
51.36023	0.08081108331680298
51.380229	0.08855569362640381
51.400226	0.0886458158493042
51.42053	0.0916815996170044
51.440643	0.06161576509475708
51.460822	0.08301687240600586
51.479973	0.08555364608764648
51.499984	0.08586001396179199
51.52012	0.08682692050933838
51.539992	0.09240138530731201
51.560234	0.10201078653335571
51.580222	0.09546023607254028
51.599978	0.12354367971420288
51.620269	0.09946483373641968
51.640008	0.1022871732711792
51.660047	0.11294400691986084
51.679988	0.09072631597518921
51.699968	0.08445936441421509
51.720124	0.08611118793487549
51.740021	0.08379513025283813
51.760008	0.07273054122924805
51.780012	0.06050431728363037
51.80006	0.06072598695755005
51.820161	0.08644700050354004
51.840071	0.06793636083602905
51.860367	0.06624722480773926
51.880057	0.06686890125274658
51.90002	0.05869019031524658
51.920279	0.03374689817428589
51.939974	0.05765479803085327
51.960287	0.06544351577758789
51.980096	0.050377845764160156
52.000019	0.040603458881378174
52.020051	0.01915067434310913
52.039968	0.03617602586746216
52.060025	0.039238691329956055
52.079968	0.04331690073013306
52.100026	0.05682593584060669
52.120135	0.08012384176254272
52.139966	0.08709990978240967
52.160241	0.07065767049789429
52.180025	0.07079631090164185
52.199979	0.0843554139137268
52.220258	0.07802683115005493
52.239969	0.07940816879272461
52.260208	0.09026730060577393
52.279973	0.07808303833007812
52.299993	0.0845494270324707
52.320275	0.1049836277961731
52.339982	0.08412051200866699
52.360351	0.08139890432357788
52.380213	0.08609038591384888
52.400628	0.09228521585464478
52.420253	0.08118730783462524
52.439958	0.08226168155670166
52.460004	0.08964937925338745
52.480042	0.08007526397705078
52.500891	0.08110255002975464
52.520141	0.06971651315689087
52.539998	0.07087349891662598
52.559955	0.06584328413009644
52.579963	0.06168174743652344
52.599976	0.05465787649154663
52.620286	0.06529301404953003
52.639971	0.05966418981552124
52.659989	0.06246304512023926
52.679956	0.06706863641738892
52.699972	0.07613551616668701
52.720151	0.06519043445587158
52.73997	0.05668824911117554
52.759972	0.04622012376785278
52.779981	0.05191946029663086
52.799988	0.04459261894226074
52.820237	0.044805288314819336
52.840208	0.032097458839416504
52.860065	0.0408937931060791
52.879999	0.045499205589294434
52.9	0.05462366342544556
52.920245	0.06527161598205566
52.939978	0.042395710945129395
52.959992	0.03221231698989868
52.980016	0.03503215312957764
52.999916	0.026880383491516113
53.020209	0.021500766277313232
53.03996	0.015415608882904053
53.059984	0.008096694946289062
53.07997	0.03188270330429077
53.100018	0.005478203296661377
53.120262	0.002541661262512207
53.139973	0.004935920238494873
53.160026	0.012784242630004883
53.180025	0.02139502763748169
53.200019	0.020001709461212158
53.220166	0.03135949373245239
53.239986	0.01577848196029663
53.260001	0.0059032440185546875
53.280213	-0.004416167736053467
53.300025	-0.007390379905700684
53.320317	0.014372706413269043
53.33997	0.018612921237945557
53.35999	0.004843533039093018
53.379968	0.006390690803527832
53.399919	0.01939070224761963
53.420315	0.004165470600128174
53.439944	0.005562484264373779
53.4602	4.4971704483032227E-4
53.479955	0.009056687355041504
53.499959	0.0107496976852417
53.519979	0.007390260696411133
53.539973	0.026503562927246094
53.559976	0.018058300018310547
53.579956	0.029387712478637695
53.599981	0.032786786556243896
53.620324	0.05020338296890259
53.639991	0.03915959596633911
53.660392	0.043945372104644775
53.679976	0.04005187749862671
53.699993	0.03505223989486694
53.719998	0.0058692097663879395
53.740035	0.02643275260925293
53.760251	0.030338168144226074
53.780374	0.03700989484786987
53.80063	0.04784369468688965
53.820757	0.045740365982055664
53.839968	0.044817447662353516
53.859973	0.04248964786529541
53.879964	0.020867526531219482
53.899953	0.02712494134902954
53.920002	0.06123548746109009
53.94	0.05093848705291748
53.959983	0.045076966285705566
53.979992	0.032999515533447266
54.000248	0.04595780372619629
54.020216	0.04572683572769165
54.039971	0.022819876670837402
54.060008	0.03274667263031006
54.079991	0.02813887596130371
54.100004	0.02557384967803955
54.119965	0.027250349521636963
54.139972	0.029896318912506104
54.160234	0.01322925090789795
54.17998	0.039147138595581055
54.199977	0.03868865966796875
54.219934	0.021621882915496826
54.240061	0.04380083084106445
54.26035	0.027430295944213867
54.280099	0.02156776189804077
54.300025	0.017311513423919678
54.320421	-0.008061885833740234
54.340214	-0.0025520920753479004
54.360029	0.0216522216796875
54.380181	0.015090763568878174
54.399965	0.019844114780426025
54.420009	0.031668782234191895
54.439959	0.043408870697021484
54.460004	0.038463592529296875
54.480205	0.041400372982025146
54.499966	0.03218388557434082
54.520036	0.026139497756958008
54.539974	0.050132572650909424
54.560221	0.04768729209899902
54.579984	0.07730686664581299
54.599973	0.062141478061676025
54.619969	0.06257647275924683
54.639967	0.06393826007843018
54.65996	0.05756765604019165
54.679991	0.0611836314201355
54.700214	0.073219895362854
54.719988	0.04629695415496826
54.739981	0.03574424982070923
54.759974	0.030842185020446777
54.779979	0.03852635622024536
54.80005	0.049859821796417236
54.819946	0.053419530391693115
54.839956	0.040778160095214844
54.860029	0.050246477127075195
54.879979	0.03439891338348389
54.900012	0.03743946552276611
54.920658	0.03652381896972656
54.939971	0.03879517316818237
54.959955	0.04455798864364624
54.979964	0.0672864317893982
54.999963	0.07235872745513916
55.020006	0.07307940721511841
55.039994	0.0783490538597107
55.059973	0.05937337875366211
55.080284	0.08771181106567383
55.100001	0.08971798419952393
55.119974	0.0968446135520935
55.139954	0.07398849725723267
55.159982	0.07133668661117554
55.180026	0.051692962646484375
55.200027	0.08149439096450806
55.219955	0.05781590938568115
55.239975	0.07961142063140869
55.260215	0.08160793781280518
55.279991	0.06007128953933716
55.300241	0.06614011526107788
55.319991	0.07250350713729858
55.340201	0.0698692798614502
55.35999	0.061920762062072754
55.379949	0.056629180908203125
55.399977	0.051664531230926514
55.420296	0.04921889305114746
55.440238	0.05233663320541382
55.460314	0.06742614507675171
55.479992	0.05533421039581299
55.500037	0.05683755874633789
55.520002	0.057891845703125
55.540174	0.0756227970123291
55.560324	0.05404043197631836
55.580654	0.050453782081604004
55.6003	0.0586506724357605
55.620322	0.051378488540649414
55.639999	0.07330191135406494
55.660099	0.09336936473846436
55.680276	0.07641810178756714
55.700802	0.08312124013900757
55.720407	0.08474957942962646
55.739995	0.08966612815856934
55.76006	0.09521770477294922
55.779984	0.07214963436126709
55.8	0.08915746212005615
55.819988	0.1113349199295044
55.839974	0.11297321319580078
55.86022	0.13759565353393555
55.880652	0.10649406909942627
55.901221	0.10173636674880981
55.919974	0.08894693851470947
55.939976	0.08044552803039551
55.959965	0.0901573896408081
55.979941	0.0863722562789917
56.00006	0.09271347522735596
56.020376	0.09460169076919556
56.039965	0.062150537967681885
56.059987	0.07428932189941406
56.079981	0.07331019639968872
56.100025	0.08217209577560425
56.119983	0.06357616186141968
56.140019	0.07637101411819458
56.160083	0.07594561576843262
56.180029	0.08512085676193237
56.200015	0.07628172636032104
56.219971	0.09334105253219604
56.239962	0.024505674839019775
56.25997	0.031766533851623535
56.279984	0.0388568639755249
56.300085	0.06059640645980835
56.320043	0.06146293878555298
56.339974	0.07177162170410156
56.359979	0.07246428728103638
56.379988	0.07948267459869385
56.400033	0.08030879497528076
56.41997	0.08446484804153442
56.439973	0.07529789209365845
56.46001	0.07323527336120605
56.479959	0.07315963506698608
56.499998	0.08533716201782227
56.519967	0.05274695158004761
56.539972	0.06685608625411987
56.55998	0.07670295238494873
56.579975	0.07527989149093628
56.599978	0.07261312007904053
56.619957	0.08200347423553467
56.63998	0.041969358921051025
56.660013	0.048215389251708984
56.679988	0.03889745473861694
56.699957	0.023362934589385986
56.719967	0.04278922080993652
56.739993	0.04597741365432739
56.760272	0.025165081024169922
56.780221	0.02046293020248413
56.8	0.05180925130844116
56.819976	0.07579851150512695
56.84019	0.07692652940750122
56.859969	0.07261049747467041
56.880046	0.06844967603683472
56.900014	0.05858778953552246
56.920041	0.05179506540298462
56.939992	0.053768813610076904
56.959998	0.04310089349746704
56.980037	0.032474398612976074
57.00018	0.003054499626159668
57.019971	0.02311807870864868
57.039959	0.024546802043914795
57.059974	-0.0029003024101257324
57.079963	0.01890808343887329
57.100036	0.02719700336456299
57.119977	0.0409930944442749
57.13995	0.051763713359832764
57.160024	0.024402499198913574
57.180066	0.021303892135620117
57.200278	0.045922696590423584
57.219964	0.0329318642616272
57.239984	0.029726088047027588
57.260041	0.02367621660232544
57.279981	0.01601177453994751
57.299956	0.025473475456237793
57.31996	0.015492677688598633
57.339972	0.017660200595855713
57.359971	0.015093564987182617
57.380051	0.015356719493865967
57.400032	0.034282684326171875
57.419963	0.022418677806854248
57.439975	0.01197659969329834
57.45998	0.01472395658493042
57.479981	0.0074849724769592285
57.499975	0.01153111457824707
57.519966	0.018067896366119385
57.539956	0.03933900594711304
57.559985	0.041034817695617676
57.580003	0.03773629665374756
57.600028	0.026606202125549316
57.620001	0.027044355869293213
57.63995	0.024139702320098877
57.659985	0.0200808048248291
57.679969	0.024465620517730713
57.699927	0.0220680832862854
57.719986	0.027485907077789307
57.739951	0.008638501167297363
57.759979	0.02549874782562256
57.779965	0.038001954555511475
57.800021	0.029674232006072998
57.820009	0.021911263465881348
57.839939	0.03374689817428589
57.859981	0.05929529666900635
57.879971	0.05107080936431885
57.899948	0.043369293212890625
57.920202	0.03176116943359375
57.939934	0.05157262086868286
57.960179	0.04737675189971924
57.980198	0.04186749458312988
57.999953	0.06896913051605225
58.019945	0.03499627113342285
58.039978	0.04314231872558594
58.060012	0.045905470848083496
58.080041	0.03897273540496826
58.100207	0.04483234882354736
58.120003	0.030092239379882812
58.140432	0.019140899181365967
58.160268	-0.0012754201889038086
58.180248	0.011688411235809326
58.200037	0.021836936473846436
58.220009	0.024272024631500244
58.240288	0.013056337833404541
58.259967	0.035514116287231445
58.28	0.01775538921356201
58.300017	0.020227253437042236
58.320022	0.012777507305145264
58.34085	0.022218704223632812
58.36017	0.024697303771972656
58.380042	0.024304568767547607
58.400063	0.018291890621185303
58.420013	0.02083611488342285
58.439975	0.021874725818634033
58.460285	0.0264127254486084
58.48027	0.03758347034454346
58.500255	0.044839560985565186
58.519992	0.049165546894073486
58.540224	0.03935319185256958
58.560203	0.04965323209762573
58.58003	0.03240925073623657
58.600259	0.039512813091278076
58.619997	0.03462642431259155
58.640115	0.03931260108947754
58.660006	0.046889662742614746
58.680067	0.04614412784576416
58.700014	0.0483473539352417
58.719967	0.07774186134338379
58.73998	0.0577470064163208
58.759993	0.06344038248062134
58.780272	0.048784494400024414
58.800373	0.03345382213592529
58.819974	0.049327313899993896
58.839962	0.04189640283584595
58.859983	0.033802330493927
58.879958	0.046286165714263916
58.900869	0.06519854068756104
58.919959	0.04646486043930054
58.939959	0.026249587535858154
58.960227	0.02321845293045044
58.980047	0.018683016300201416
59.000109	0.031732380390167236
59.020476	0.02122032642364502
59.039976	0.006275534629821777
59.060323	0.0058501362800598145
59.079972	0.02283656597137451
59.100265	0.02444779872894287
59.119956	0.02963930368423462
59.140089	0.02228301763534546
59.160035	0.04070967435836792
59.179961	0.025810539722442627
59.199973	0.03844141960144043
59.21996	0.05557525157928467
59.239986	0.05135011672973633
59.259958	0.05270743370056152
59.279977	0.05520367622375488
59.30026	0.06014382839202881
59.320203	0.04746013879776001
59.339966	0.07204681634902954
59.359985	0.08739393949508667
59.38	0.0898139476776123
59.399976	0.08878034353256226
59.419965	0.08962088823318481
59.439988	0.09495514631271362
59.460283	0.08750325441360474
59.479971	0.09092533588409424
59.500025	0.09152048826217651
59.520041	0.08748972415924072
59.539992	0.08499705791473389
59.560266	0.07240790128707886
59.579967	0.09505105018615723
59.600018	0.09873366355895996
59.620208	0.09438169002532959
59.64025	0.0954694151878357
59.660243	0.07579755783081055
59.679999	0.0855405330657959
59.700006	0.09528601169586182
59.720014	0.0873645544052124
59.739992	0.1009703278541565
59.760246	0.089877188205719
59.780286	0.09782791137695312
59.800026	0.07391476631164551
59.819983	0.08161842823028564
59.839991	0.08676379919052124
59.860032	0.06942874193191528
59.88002	0.05220842361450195
59.899995	0.07399970293045044
59.920054	0.09938949346542358
59.939968	0.08055555820465088
59.960079	0.07768946886062622
59.9805	0.054369986057281494
60.000047	0.06507879495620728
60.0202	0.06312310695648193
60.039963	0.03983062505722046
60.059969	0.060182273387908936
60.080036	0.06580507755279541
60.100284	0.06775575876235962
60.120187	0.03279680013656616
60.139954	0.05586516857147217
60.159957	0.05951577425003052
60.179998	0.06395512819290161
60.200052	0.07379937171936035
60.22023	0.06696432828903198
60.239975	0.060931622982025146
60.259962	0.05917525291442871
60.279963	0.07109439373016357
60.30001	0.06886976957321167
60.320204	0.0654333233833313
60.339955	0.06325525045394897
60.359982	0.03813284635543823
60.380013	0.06132376194000244
60.400114	0.057381272315979004
60.420006	0.0533217191696167
60.439958	0.03592163324356079
60.460156	0.05109065771102905
60.479993	0.06106752157211304
60.500274	0.09043771028518677
60.520197	0.053118348121643066
60.540213	0.05837768316268921
60.559983	0.04541218280792236
60.580266	0.03689718246459961
60.599985	0.04675036668777466
60.619989	0.05520576238632202
60.63998	0.07221823930740356
60.660065	0.05448943376541138
60.680353	0.047213733196258545
60.700042	0.05881601572036743
60.720749	0.06273394823074341
60.740609	0.056245505809783936
60.760812	0.06088477373123169
60.779986	0.045371055603027344
60.800001	0.05575084686279297
60.819981	0.05439484119415283
60.840218	0.059256792068481445
60.859981	0.06748300790786743
60.880017	0.0280495285987854
60.900049	0.06582683324813843
60.919945	0.04947549104690552
60.93997	0.05822724103927612
60.959975	0.05225241184234619
60.980002	0.05149638652801514
61.00005	0.04660254716873169
61.020018	0.032030344009399414
61.039969	0.03427070379257202
61.060319	0.023459970951080322
61.079969	0.03310513496398926
61.100249	0.011983871459960938
61.11997	0.06050771474838257
61.139964	0.0372319221496582
61.159987	0.044911205768585205
61.18003	0.0578005313873291
61.199989	0.05877077579498291
61.220213	0.08335715532302856
61.23997	0.07517141103744507
61.260042	0.07946914434432983
61.279994	0.09244787693023682
61.299976	0.0889233946800232
61.320022	0.11950099468231201
61.339957	0.09747284650802612
61.360206	0.10492473840713501
61.379975	0.07938140630722046
61.40002	0.07132744789123535
61.420036	0.08770287036895752
61.439964	0.09649145603179932
61.460093	0.10881346464157104
61.48	0.08787930011749268
61.499974	0.08435821533203125
61.519979	0.07244646549224854
61.539978	0.0671999454498291
61.560041	0.07091981172561646
61.579962	0.060065507888793945
61.60004	0.05444192886352539
61.620035	0.05242079496383667
61.640249	0.06919842958450317
61.660261	0.08548450469970703
61.680018	0.09869229793548584
61.700064	0.07201701402664185
61.719995	0.0934683084487915
61.740137	0.10489827394485474
61.760386	0.12174195051193237
61.781241	0.09605062007904053
61.800135	0.10124915838241577
61.820121	0.08073115348815918
61.83999	0.10885214805603027
61.859994	0.09804010391235352
61.880209	0.12306147813796997
61.900015	0.11481606960296631
61.91998	0.1339908242225647
61.9401	0.12400919198989868
61.960007	0.13000071048736572
61.980226	0.1231834888458252
62.000025	0.12926054000854492
62.020032	0.12186288833618164
62.040029	0.13154149055480957
62.060259	0.13669699430465698
62.080212	0.13007479906082153
62.100093	0.12115299701690674
62.119997	0.1450074315071106
62.140005	0.14437252283096313
62.160081	0.15388554334640503
62.179987	0.160600483417511
62.20008	0.15494275093078613
62.220026	0.15455561876296997
62.240255	0.1457805037498474
62.26001	0.11915785074234009
62.280919	0.14019089937210083
62.300395	0.10383427143096924
62.319981	0.10343217849731445
62.340935	0.10854464769363403
62.360766	0.1171308159828186
62.381034	0.12046843767166138
62.399976	0.09030336141586304
62.419995	0.10933369398117065
62.43997	0.11273586750030518
62.459997	0.11281204223632812
62.479976	0.10738742351531982
62.500049	0.11899173259735107
62.519987	0.11380606889724731
62.539978	0.09982842206954956
62.560007	0.09430420398712158
62.579969	0.08189183473587036
62.599989	0.0767127275466919
62.61997	0.08716565370559692
62.639995	0.09447276592254639
62.660055	0.08626103401184082
62.679983	0.06684738397598267
62.700059	0.06687337160110474
62.719982	0.07709711790084839
62.740037	0.06949341297149658
62.759992	0.0841299295425415
62.780002	0.05494493246078491
62.800082	0.059770286083221436
62.820216	0.05376535654067993
62.839998	0.06213498115539551
62.859968	0.08225756883621216
62.879956	0.09288901090621948
62.899957	0.07922762632369995
62.920202	0.05049121379852295
62.939964	0.0607372522354126
62.959962	0.0724448561668396
62.980042	0.04485940933227539
63.000006	0.08748042583465576
63.019956	0.0709882378578186
63.039986	0.06144469976425171
63.060037	0.05057024955749512
63.080206	0.07164031267166138
63.100234	0.060794293880462646
63.119968	0.05463731288909912
63.139984	0.07849466800689697
63.159991	0.057240843772888184
63.179974	0.05467724800109863
63.200002	0.04675602912902832
63.219956	0.06550538539886475
63.240295	0.07025015354156494
63.260008	0.09103840589523315
63.280268	0.07222676277160645
63.29996	0.07405698299407959
63.31996	0.06429362297058105
63.339964	0.06119859218597412
63.359975	0.058997929096221924
63.379962	0.0648806095123291
63.399949	0.06612980365753174
63.420221	0.08976507186889648
63.439971	0.07141238451004028
63.460029	0.06047022342681885
63.47996	0.05719846487045288
63.500038	0.04716968536376953
63.519973	0.048679888248443604
63.539968	0.048968493938446045
63.560257	0.04979217052459717
63.580204	0.050816893577575684
63.6007	0.061833202838897705
63.61993	0.06195831298828125
63.640015	0.050247132778167725
63.65996	0.05760180950164795
63.680203	0.054642319679260254
63.699991	0.05861169099807739
63.71997	0.05864936113357544
63.739962	0.03639477491378784
63.76007	0.06786215305328369
63.779984	0.05704605579376221
63.800028	0.05489349365234375
63.819971	0.024499475955963135
63.840023	0.04201316833496094
63.859994	0.0618060827255249
63.879991	0.020437180995941162
63.900013	0.03481638431549072
63.920222	0.04275619983673096
63.939965	0.049135029315948486
63.959978	0.045731425285339355
63.980018	0.054192960262298584
64.000059	0.04992622137069702
64.019985	0.04893285036087036
64.039961	0.06067913770675659
64.060291	0.05801713466644287
64.080051	0.06637585163116455
64.100066	0.03448671102523804
64.119957	0.03021460771560669
64.139978	0.02565908432006836
64.160037	0.012584507465362549
64.18023	0.0172804594039917
64.200013	0.031198203563690186
64.219983	0.04033005237579346
64.24001	0.008835375308990479
64.259981	0.006203830242156982
64.279981	0.006435990333557129
64.299981	-7.607936859130859E-4
64.319984	-0.0036422014236450195
64.339982	-0.011058032512664795
64.360257	-0.01833575963973999
64.380066	0.0012089014053344727
64.400014	-0.009893596172332764
64.420023	-0.011954426765441895
64.439994	1.1223554611206055E-4
64.460057	0.0077738165855407715
64.479964	0.009337961673736572
64.499981	0.01459580659866333
64.519958	-0.01701444387435913
64.540082	-0.010898411273956299
64.560277	0.014483213424682617
64.580561	0.016630351543426514
64.600604	-0.011019647121429443
64.620782	0.005076766014099121
64.640866	0.003693699836730957
64.660344	-0.002068936824798584
64.680408	0.030040621757507324
64.700777	0.026021599769592285
64.720874	0.014267265796661377
64.739967	0.006850540637969971
64.760089	-0.022185921669006348
64.780013	0.0017856359481811523
64.800021	-0.01691603660583496
64.820218	0.011326432228088379
64.840588	0.01518404483795166
64.861037	0.03585439920425415
64.880297	0.04729878902435303
64.900019	0.01735711097717285
64.920008	0.025593996047973633
64.939989	0.028928935527801514
64.96003	0.030802786350250244
64.980032	0.02401655912399292
65.000066	0.01169043779373169
65.019969	0.0382956862449646
65.039988	0.03381913900375366
65.060009	0.0301058292388916
65.079985	0.02855074405670166
65.099988	0.04442828893661499
65.12	0.0321086049079895
65.139972	0.019562184810638428
65.160332	0.014658629894256592
65.180009	0.005686163902282715
65.200056	0.007299900054931641
65.220033	0.0052329301834106445
65.239966	6.538629531860352E-5
65.26011	0.008616149425506592
65.279971	0.02275604009628296
65.300018	-0.00255584716796875
65.319984	0.012911081314086914
65.339963	0.010067105293273926
65.360332	0.008994877338409424
65.380208	-0.005192875862121582
65.399983	-0.0074427127838134766
65.419953	-0.031945228576660156
65.439962	-0.008577942848205566
65.460054	-0.012701928615570068
65.479973	-0.0249631404876709
65.499969	-0.038558244705200195
65.51995	-0.028779327869415283
65.539974	-0.032793283462524414
65.560308	-0.034370362758636475
65.579993	-0.034942567348480225
65.600006	-0.03575485944747925
65.619974	-0.025624334812164307
65.64024	-0.020907819271087646
65.660039	-0.05401420593261719
65.679964	-0.055934906005859375
65.700051	-0.05074644088745117
65.72023	-0.06470733880996704
65.739976	-0.07887023687362671
65.760068	-0.044020235538482666
65.780183	-0.05016124248504639
65.80029	-0.05959188938140869
65.820091	-0.06800544261932373
65.839994	-0.04789501428604126
65.860028	-0.05007046461105347
65.879962	-0.047861456871032715
65.900039	-0.05304020643234253
65.920152	-0.050775229930877686
65.939988	-0.04075402021408081
65.959974	-0.07284301519393921
65.980012	-0.05019092559814453
66.00024	-0.04679149389266968
66.019987	-0.06246912479400635
66.04	-0.04119974374771118
66.060347	-0.044951677322387695
66.080056	-0.05896681547164917
66.100295	-0.046492695808410645
66.119984	-0.04906439781188965
66.139997	-0.048459529876708984
66.16008	-0.04239386320114136
66.179982	-0.03276759386062622
66.199979	-0.029871344566345215
66.220061	-0.03288787603378296
66.240002	-0.031739890575408936
66.260087	-0.05969637632369995
66.279983	-0.045070111751556396
66.300056	-0.059110283851623535
66.319973	-0.07408308982849121
66.340008	-0.07030558586120605
66.359967	-0.052837908267974854
66.379974	-0.06202197074890137
66.399969	-0.05298417806625366
66.419966	-0.05079209804534912
66.439996	-0.04051470756530762
66.459989	-0.060363948345184326
66.480233	-0.05598336458206177
66.49996	-0.049583494663238525
66.519975	-0.04370647668838501
66.540283	-0.03150910139083862
66.559965	-0.042431533336639404
66.579973	-0.03748619556427002
66.600024	-0.03352546691894531
66.619976	-0.04653221368789673
66.640045	-0.035157740116119385
66.659977	-0.029828011989593506
66.680031	-0.031208455562591553
66.699953	-0.03441649675369263
66.720001	-0.071247398853302
66.739948	-0.05155128240585327
66.76026	-0.047500431537628174
66.780314	-0.061774611473083496
66.800452	-0.04057580232620239
66.820971	-0.042981088161468506
66.840645	-0.042366981506347656
66.860044	-0.03551280498504639
66.880218	-0.032990097999572754
66.89996	-0.029151499271392822
66.920029	-0.030919313430786133
66.939966	-0.025018751621246338
66.960306	-0.026925384998321533
66.980095	-0.023653268814086914
67.000021	-0.019617021083831787
67.019991	-0.008787333965301514
67.039976	-0.010518670082092285
67.060236	-0.005014657974243164
67.079967	-0.010895133018493652
67.100021	-0.011269629001617432
67.119978	0.0013042092323303223
67.139962	-0.02322542667388916
67.160327	-0.020713508129119873
67.180001	-0.030995309352874756
67.200264	-0.03415626287460327
67.219962	-0.031824588775634766
67.239955	-0.033482909202575684
67.260196	-0.022223055362701416
67.280249	-0.01568537950515747
67.300225	-0.021884918212890625
67.319989	-0.03426128625869751
67.340056	-0.03311103582382202
67.360247	-0.03191620111465454
67.379989	-0.02268463373184204
67.399999	-0.039291203022003174
67.419986	-0.020489513874053955
67.440354	-0.043380916118621826
67.460024	-0.010478734970092773
67.48002	-0.02916818857192993
67.500002	0.003191351890563965
67.519988	-4.3761730194091797E-4
67.539965	-0.02628481388092041
67.560053	-0.02996879816055298
67.579977	-0.024847984313964844
67.599954	-0.025959134101867676
67.619982	-0.015657365322113037
67.640395	-0.006778120994567871
67.660284	0.004314601421356201
67.680003	-0.004827916622161865
67.69995	-0.023986220359802246
67.72001	-0.00451582670211792
67.739957	0.0019255280494689941
67.760236	0.006601452827453613
67.780041	-0.0061647891998291016
67.800022	-0.037985384464263916
67.820015	-0.03545278310775757
67.839963	-0.041075825691223145
67.859975	-0.032796382904052734
67.879972	-0.04116863012313843
67.900022	-0.03847324848175049
67.919946	-0.039684295654296875
67.940005	-0.05033153295516968
67.95997	-0.048032402992248535
67.979965	-0.04775524139404297
68.000075	-0.03277122974395752
68.020166	-7.008910179138184E-4
68.039942	-0.004218995571136475
68.060006	-0.009483635425567627
68.08022	-0.03152984380722046
68.100037	-0.011939525604248047
68.119951	-0.03918766975402832
68.139982	-0.040499329566955566
68.159994	-0.025203824043273926
68.179948	-0.014076530933380127
68.200591	-0.016671359539031982
68.219962	-0.02667713165283203
68.240005	-0.04007291793823242
68.260239	-0.039681971073150635
68.280518	-0.042568206787109375
68.300871	-0.05428260564804077
68.319995	-0.053239524364471436
68.340171	-0.05450946092605591
68.360421	-0.05977565050125122
68.380071	-0.06814652681350708
68.399974	-0.06375771760940552
68.419986	-0.02688145637512207
68.440065	-0.011907041072845459
68.459976	-0.0024819374084472656
68.480002	-7.11977481842041E-4
68.499981	-0.019852280616760254
68.520001	0.0075147151947021484
68.540226	0.005128204822540283
68.559981	0.03965193033218384
68.58025	0.0607265830039978
68.600034	0.08060693740844727
68.619995	0.07788169384002686
68.639991	0.07352745532989502
68.660057	0.08074623346328735
68.680006	0.06282901763916016
68.699976	0.0731731653213501
68.719946	0.05761617422103882
68.740076	0.1101764440536499
68.760009	0.10066884756088257
68.78023	0.1161084771156311
68.79997	0.14251238107681274
68.820067	0.11404299736022949
68.84	0.106667160987854
68.860286	0.11371397972106934
68.88001	0.12031888961791992
68.900032	0.11349326372146606
68.919948	0.10853475332260132
68.940065	0.10637789964675903
68.960221	0.09340882301330566
68.980038	0.0854138731956482
69.000036	0.0705026388168335
69.019959	0.060742318630218506
69.039977	0.04841870069503784
69.060013	0.04018259048461914
69.079963	0.035190701484680176
69.10005	0.031529366970062256
69.120002	0.045770883560180664
69.139957	0.027604401111602783
69.160409	0.04614478349685669
69.180295	0.0482754111289978
69.200413	0.06613701581954956
69.219928	0.03727138042449951
69.240348	0.03340691328048706
69.26008	0.03708440065383911
69.279981	0.030942320823669434
69.300038	-0.001518845558166504
69.319943	0.029059529304504395
69.340027	0.022827506065368652
69.360002	0.0209963321685791
69.380218	0.031440019607543945
69.399985	0.03979849815368652
69.41995	0.026092052459716797
69.440279	0.02141207456588745
69.459967	0.02181190252304077
69.480003	0.018996477127075195
69.499976	0.023934483528137207
69.519948	0.01482313871383667
69.540027	0.014046669006347656
69.56001	0.003408491611480713
69.580231	0.009056329727172852
69.600252	0.013909757137298584
69.619981	0.022137463092803955
69.640159	0.02440166473388672
69.660244	0.02099698781967163
69.679979	0.01595783233642578
69.700024	0.01635003089904785
69.719968	0.02282249927520752
69.740104	0.004555344581604004
69.760003	0.0018945932388305664
69.779986	0.0043299198150634766
69.799979	0.007742822170257568
69.820209	0.0075934529304504395
69.840032	0.0059580206871032715
69.859982	-0.013496994972229004
69.879976	0.002873241901397705
69.900029	-0.014536082744598389
69.919992	-0.0019240975379943848
69.939966	0.009495854377746582
69.959977	0.005994021892547607
69.980052	0.006516218185424805
70.000191	0.0030460357666015625
70.020399	-0.02592611312866211
70.039967	-0.0030701756477355957
70.060067	-0.002098977565765381
70.079944	-0.004481494426727295
70.099978	-0.012828409671783447
70.120334	-0.004697978496551514
70.139949	-0.012684524059295654
70.159962	-0.01014089584350586
70.179998	-0.015424489974975586
70.200233	-0.01637798547744751
70.220494	0.010442674160003662
70.240459	-0.04041248559951782
70.260686	-0.012853682041168213
70.280674	-0.02041107416152954
70.299999	-0.035017430782318115
70.319977	-0.009132444858551025
70.340143	-0.0177609920501709
70.359973	-0.01645529270172119
70.379988	-0.02678501605987549
70.400201	-0.028823137283325195
70.420024	-0.0318605899810791
70.439945	-0.06982505321502686
70.460328	-0.0685807466506958
70.479992	-0.059479475021362305
70.49999	-0.07653754949569702
70.520003	-0.07886350154876709
70.539961	-0.07809853553771973
70.559973	-0.08263540267944336
70.579972	-0.06686937808990479
70.600192	-0.054222047328948975
70.620039	-0.049538373947143555
70.639959	-0.04849451780319214
70.659968	-0.03976684808731079
70.679979	-0.044435203075408936
70.70008	-0.06704086065292358
70.720062	-0.04306507110595703
70.739956	-0.029818296432495117
70.760075	-0.04969853162765503
70.780225	-0.05567634105682373
70.799984	-0.05170410871505737
70.820044	-0.04728817939758301
70.840249	-0.04771065711975098
70.859967	-0.06768083572387695
70.879973	-0.060013651847839355
70.900042	-0.056819260120391846
70.919927	-0.05534791946411133
70.940083	-0.0465770959854126
70.959974	-0.050551652908325195
70.980031	-0.04815095663070679
71.000237	-0.02221965789794922
71.019986	-0.003938615322113037
71.040333	0.0237312912940979
71.060024	2.1439790725708008E-4
71.080209	0.0016595721244812012
71.09999	-0.002693772315979004
71.120162	-0.0016799569129943848
71.13998	-0.007340908050537109
71.160237	-8.189678192138672E-5
71.179998	0.015628814697265625
71.200012	7.305145263671875E-4
71.219968	-0.012828469276428223
71.240167	-0.02689570188522339
71.260248	-0.015229523181915283
71.280158	-0.0020617246627807617
71.299999	-0.006546080112457275
71.319924	0.016468465328216553
71.340285	0.018927395343780518
71.359979	0.012881875038146973
71.380022	-0.015272855758666992
71.400047	0.003210008144378662
71.419981	-0.004854023456573486
71.440069	-0.002677023410797119
71.45998	-0.010145246982574463
71.479986	-0.02077460289001465
71.499966	-0.027324795722961426
71.52021	-0.021513402462005615
71.539968	-0.019241034984588623
71.560283	-0.02266746759414673
71.580415	-0.024908244609832764
71.599941	-0.02704322338104248
71.620084	-0.043259263038635254
71.640011	-0.026780009269714355
71.66003	-0.02575451135635376
71.680008	-0.025460124015808105
71.70006	-0.03364884853363037
71.720001	-0.024400651454925537
71.740056	-0.018426895141601562
71.76001	-0.03275638818740845
71.779968	-0.02664846181869507
71.80004	-0.049255430698394775
71.820035	-0.017494678497314453
71.839958	-0.036926090717315674
71.85997	-0.021038293838500977
71.87996	-0.0378415584564209
71.899963	-0.04451221227645874
71.91995	-0.05001860857009888
71.939969	-0.04740709066390991
71.959991	-0.06294131278991699
71.980041	-0.0660509467124939
72.000036	-0.06718409061431885
72.020006	-0.05531102418899536
72.039963	-0.06407666206359863
72.059984	-0.053100526332855225
72.079982	-0.06317490339279175
72.099974	-0.06471246480941772
72.120001	-0.04709517955780029
72.1403	-0.04864811897277832
72.15998	-0.06739848852157593
72.179973	-0.06987792253494263
72.200148	-0.07273721694946289
72.219973	-0.07839667797088623
72.240232	-0.05764007568359375
72.259961	-0.06524527072906494
72.279958	-0.0727992057800293
72.299983	-0.06737947463989258
72.319938	-0.07223814725875854
72.340045	-0.08455562591552734
72.360206	-0.07367032766342163
72.380627	-0.07811367511749268
72.399985	-0.08750689029693604
72.420028	-0.10560697317123413
72.44041	-0.1210407018661499
72.460769	-0.11790639162063599
72.480998	-0.11742931604385376
72.500018	-0.12177008390426636
72.52	-0.11435836553573608
72.540117	-0.108661949634552
72.55999	-0.1046152114868164
72.58005	-0.09737211465835571
72.600006	-0.10288262367248535
72.619973	-0.10522288084030151
72.639973	-0.09837460517883301
72.660059	-0.10231029987335205
72.679994	-0.10725563764572144
72.700025	-0.12128174304962158
72.720211	-0.11844390630722046
72.740237	-0.10198688507080078
72.760082	-0.0976685881614685
72.780355	-0.13327932357788086
72.800066	-0.10249841213226318
72.819972	-0.1089247465133667
72.839955	-0.11100786924362183
72.860306	-0.10338073968887329
72.880049	-0.11233985424041748
72.900227	-0.09176504611968994
72.920037	-0.09911435842514038
72.939928	-0.10516256093978882
72.959944	-0.10231095552444458
72.9802	-0.09510189294815063
73.000001	-0.09641158580780029
73.01996	-0.08708769083023071
73.040073	-0.08833616971969604
73.059985	-0.0800597071647644
73.080185	-0.1068161129951477
73.099963	-0.10395306348800659
73.119971	-0.08366161584854126
73.140006	-0.0956716537475586
73.159979	-0.09974074363708496
73.179969	-0.09600812196731567
73.200102	-0.10007971525192261
73.219979	-0.11063951253890991
73.240037	-0.1057732105255127
73.260198	-0.11735266447067261
73.280258	-0.1115770936012268
73.300231	-0.09912347793579102
73.319977	-0.10273081064224243
73.339974	-0.10140037536621094
73.360206	-0.10699647665023804
73.380009	-0.10662758350372314
73.39999	-0.11027318239212036
73.419968	-0.08349096775054932
73.44	-0.10749638080596924
73.460103	-0.12285357713699341
73.479985	-0.12321501970291138
73.500017	-0.12002342939376831
73.52004	-0.11916834115982056
73.539962	-0.13204532861709595
73.559971	-0.10308414697647095
73.579954	-0.09086787700653076
73.599972	-0.06388938426971436
73.62018	-0.08055245876312256
73.639983	-0.07448792457580566
73.66004	-0.07025474309921265
73.680025	-0.062366783618927
73.700288	-0.0693885087966919
73.719936	-0.07642346620559692
73.739993	-0.09674704074859619
73.760006	-0.10771757364273071
73.779992	-0.0900229811668396
73.800215	-0.09031736850738525
73.819957	-0.07520490884780884
73.839965	-0.0656512975692749
73.860056	-0.041512489318847656
73.88003	-0.033833324909210205
73.900026	-0.037150681018829346
73.919946	-0.041297972202301025
73.940072	-0.04533350467681885
73.960008	-0.03987604379653931
73.980242	-0.03956693410873413
73.999963	-0.04943794012069702
74.019957	-0.02520662546157837
74.04005	-0.03254127502441406
74.060155	-0.03087681531906128
74.080245	-0.0412101149559021
74.100573	-0.03348511457443237
74.120601	-0.05966448783874512
74.139999	-0.06053346395492554
74.160375	-0.05062681436538696
74.180061	-0.04713022708892822
74.200049	-0.055801451206207275
74.220011	-0.045016705989837646
74.239981	-0.06375300884246826
74.260013	-0.05132877826690674
74.279983	-0.04219943284988403
74.299961	-0.03998708724975586
74.320164	-0.04289323091506958
74.339952	-0.04683411121368408
74.360033	-0.04877901077270508
74.380048	-0.04398626089096069
74.399988	-0.05460864305496216
74.420174	-0.06410384178161621
74.440073	-0.07354414463043213
74.46027	-0.08452457189559937
74.480092	-0.06340670585632324
74.500038	-0.058769285678863525
74.51998	-0.05877798795700073
74.540318	-0.04266238212585449
74.559975	-0.057021141052246094
74.579997	-0.06636679172515869
74.600005	-0.07209759950637817
74.620004	-0.07046175003051758
74.640028	-0.0679924488067627
74.659991	-0.05824708938598633
74.679982	-0.06305438280105591
74.699969	-0.07959389686584473
74.719926	-0.09890925884246826
74.740047	-0.07117068767547607
74.75997	-0.07561218738555908
74.779985	-0.05244123935699463
74.800035	-0.06620997190475464
74.820011	-0.05938887596130371
74.840096	-0.06566667556762695
74.860227	-0.0684468150138855
74.880033	-0.060868263244628906
74.900018	-0.053794026374816895
74.919952	-0.06707465648651123
74.940011	-0.06820988655090332
74.959997	-0.06198018789291382
74.980001	-0.04743295907974243
74.999981	-0.06501919031143188
75.020034	-0.04345756769180298
75.039976	-0.03061830997467041
75.060064	-0.029427826404571533
75.080047	-0.06053835153579712
75.100178	-0.038542747497558594
75.12004	-0.036881208419799805
75.140253	-0.04308605194091797
75.159983	-0.04350447654724121
75.179989	-0.04063248634338379
75.199984	-0.03940945863723755
75.219969	-0.03897982835769653
75.240298	-0.035678863525390625
75.259976	-0.02705138921737671
75.279989	-0.013585925102233887
75.300025	-0.02133268117904663
75.319976	-0.02704864740371704
75.339997	-0.021010935306549072
75.360002	0.017684876918792725
75.379999	0.01869434118270874
75.399966	0.01900392770767212
75.420007	0.01379549503326416
75.439961	-0.002685248851776123
75.46	0.0027428865432739258
75.480265	-0.01660388708114624
75.500021	-0.011636674404144287
75.519954	-5.435347557067871E-4
75.54003	0.0010945796966552734
75.559996	-0.009117484092712402
75.580718	0.0022463202476501465
75.600568	0.018676161766052246
75.620781	0.017368435859680176
75.640002	0.02038508653640747
75.660056	0.02609163522720337
75.680232	0.024791419506072998
75.700089	0.024952292442321777
75.720569	0.029322326183319092
75.740071	-0.015095055103302002
75.760402	-0.02049309015274048
75.779974	-0.007700204849243164
75.800037	-0.021956324577331543
75.819978	-0.023607730865478516
75.840019	-0.025351881980895996
75.859978	-0.03499579429626465
75.880229	-0.04559975862503052
75.900014	-0.05186241865158081
75.919969	-0.023426294326782227
75.93999	-0.04199564456939697
75.959967	-0.03612196445465088
75.980061	-0.036183059215545654
76.000137	-0.022396206855773926
76.019966	-0.01980799436569214
76.040052	-0.0021578073501586914
76.060209	-0.008396565914154053
76.079979	0.00670236349105835
76.099979	0.021692216396331787
76.119979	0.023942112922668457
76.140022	0.02309030294418335
76.160201	0.019928038120269775
76.179975	9.959936141967773E-4
76.199987	0.008606255054473877
76.219969	0.006674766540527344
76.240053	-0.002218961715698242
76.259973	0.01534128189086914
76.279956	0.04122418165206909
76.300061	0.014310359954833984
76.320027	-4.137754440307617E-4
76.340042	-0.016460955142974854
76.359978	0.0021814703941345215
76.37997	0.009952902793884277
76.400323	0.01745206117630005
76.420273	0.03878629207611084
76.440112	0.010208308696746826
76.460001	-0.010053455829620361
76.480307	2.8264522552490234E-4
76.50006	-0.0019169449806213379
76.520043	-0.011547684669494629
76.53996	0.002812027931213379
76.560044	0.00894629955291748
76.580226	-0.003303825855255127
76.600324	-0.018608391284942627
76.619974	-0.012600183486938477
76.639997	0.005785584449768066
76.659981	-0.008462131023406982
76.680017	-0.01675403118133545
76.700288	-0.015454769134521484
76.720245	-0.011413633823394775
76.740033	-0.02820873260498047
76.760023	-0.03839612007141113
76.780078	-0.02959829568862915
76.800011	-0.03648519515991211
76.819986	-0.047586262226104736
76.84022	-0.04218381643295288
76.860034	-0.039733946323394775
76.879968	-0.05123794078826904
76.899965	-0.03450751304626465
76.920019	-0.040867388248443604
76.939967	-0.02665621042251587
76.960024	-0.04011952877044678
76.980068	-0.038796961307525635
77.000007	-0.04954761266708374
77.020305	-0.05802041292190552
77.040042	-0.05220198631286621
77.060244	-0.05977684259414673
77.079969	-0.053494155406951904
77.099971	-0.06408447027206421
77.120217	-0.08668792247772217
77.140257	-0.04445803165435791
77.15998	-0.0653645396232605
77.179991	-0.05554229021072388
77.200008	-0.052756428718566895
77.220198	-0.04625833034515381
77.241177	-0.04065734148025513
77.259992	-0.037232816219329834
77.279976	-0.03121030330657959
77.300014	-0.03614366054534912
77.319994	-0.029233098030090332
77.33995	-0.013395130634307861
77.359962	-0.04364854097366333
77.379978	-0.016381263732910156
77.399932	-0.028235793113708496
77.419993	-0.04948168992996216
77.439973	-0.02629268169403076
77.460003	-0.03651547431945801
77.480005	-0.028173089027404785
77.500286	-0.03698313236236572
77.520012	-0.04359477758407593
77.540043	-0.03986465930938721
77.559986	-0.05470818281173706
77.579977	-0.026970505714416504
77.600059	-0.04090392589569092
77.619968	-0.018132388591766357
77.640006	-0.024798572063446045
77.660221	-0.0340576171875
77.679996	-0.04152125120162964
77.700012	-0.039257705211639404
77.719966	-0.04338252544403076
77.739991	-0.039767682552337646
77.759972	-0.053523123264312744
77.779982	-0.03726238012313843
77.800058	-0.04353445768356323
77.820204	-0.07272577285766602
77.840005	-0.06894159317016602
77.860192	-0.05518448352813721
77.879948	-0.05038684606552124
77.900001	-0.059628844261169434
77.919978	-0.06716859340667725
77.939929	-0.04254978895187378
77.959958	-0.06001561880111694
77.980018	-0.057140231132507324
77.999975	-0.077778160572052
78.019973	-0.04820650815963745
78.040057	-0.0523989200592041
78.05997	-0.04423344135284424
78.079959	-0.03695935010910034
78.100004	-0.03539228439331055
78.119957	-0.02686309814453125
78.140023	-0.05500847101211548
78.159968	-0.01740807294845581
78.180014	-0.015484392642974854
78.200006	-0.015045404434204102
78.220035	-0.03480130434036255
78.240244	-0.051841139793395996
78.259995	-0.05572640895843506
78.279987	-0.05167907476425171
78.300215	-0.051534831523895264
78.320004	-0.03506344556808472
78.340356	-0.03266251087188721
78.359991	-0.02902400493621826
78.379963	-0.03315776586532593
78.399987	-0.026767611503601074
78.420227	-0.024324774742126465
78.439995	-0.03288906812667847
78.460046	-0.0454634428024292
78.48	-0.0245438814163208
78.500027	-0.05036193132400513
78.520029	-0.03806328773498535
78.540295	-0.017097651958465576
78.559963	-0.03678709268569946
78.579985	-0.04733508825302124
78.600148	-0.04198724031448364
78.620061	-0.04949313402175903
78.639973	-0.0478365421295166
78.660323	-0.04599505662918091
78.680573	-0.05382317304611206
78.700756	-0.03939157724380493
78.72088	-0.04090440273284912
78.739974	-0.03729528188705444
78.759999	-0.02633434534072876
78.779976	-0.02204686403274536
78.800005	-0.020282506942749023
78.81999	-0.017004668712615967
78.840293	-0.011502325534820557
78.859987	0.004808962345123291
78.879981	0.0022264719009399414
78.899959	0.0031949281692504883
78.919973	0.020587027072906494
78.940281	0.02741074562072754
78.960219	0.030670106410980225
78.980046	0.03786587715148926
79.000017	0.02570664882659912
79.019959	0.021471798419952393
79.04	0.028017759323120117
79.059986	0.03163999319076538
79.079974	0.02996373176574707
79.100015	0.017078816890716553
79.120057	0.018165290355682373
79.140287	0.018729031085968018
79.160214	0.0027381181716918945
79.179965	0.030251026153564453
79.20002	0.02037709951400757
79.219959	0.045090317726135254
79.240034	0.031383633613586426
79.259994	-0.007563233375549316
79.280018	0.009265244007110596
79.300224	-0.028281807899475098
79.319959	-0.026494264602661133
79.339989	-0.011711597442626953
79.360314	-0.011105120182037354
79.38023	-0.013358056545257568
79.400217	-0.022662878036499023
79.419977	-0.028171837329864502
79.440039	-0.0190313458442688
79.460227	-0.007058322429656982
79.480005	-0.01754230260848999
79.499995	0.0058869123458862305
79.52007	6.982088088989258E-4
79.540086	-0.0029078125953674316
79.559975	-0.03268861770629883
79.580033	-0.0218198299407959
79.600259	-0.02927851676940918
79.62002	-0.02085942029953003
79.640046	-0.036497533321380615
79.659978	-0.04237473011016846
79.680014	-0.04747515916824341
79.700294	-0.047025859355926514
79.719983	-0.05827605724334717
79.740087	-0.06881833076477051
79.760429	-0.07676410675048828
79.780002	-0.041868507862091064
79.800206	-0.032119810581207275
79.819968	-0.037037789821624756
79.840304	-0.039081573486328125
79.861131	-0.03637337684631348
79.880013	-0.025263607501983643
79.900057	-0.028531014919281006
79.91998	-0.010378062725067139
79.940061	-0.03815901279449463
79.959999	-0.04248380661010742
79.980017	-0.03286588191986084
80.000231	-0.025429069995880127
80.019972	-0.027713537216186523
80.040089	-0.02971583604812622
80.060324	-0.03254890441894531
80.079977	-0.029199719429016113
80.100008	-0.026553571224212646
80.119974	-0.013687372207641602
80.14017	0.0024170875549316406
80.160003	-0.011973321437835693
80.179974	0.009782135486602783
80.199977	0.02606678009033203
80.219969	0.03301846981048584
80.24013	0.04769712686538696
80.260248	0.04123485088348389
80.280074	0.036750733852386475
80.300327	0.03213101625442505
80.319966	0.0478435754776001
80.340077	0.037735581398010254
80.359987	0.02213674783706665
80.380005	0.03829002380371094
80.400007	0.03853052854537964
80.419958	0.04683077335357666
80.439998	0.04468029737472534
80.459985	0.06293445825576782
80.47998	0.05259579420089722
80.500008	0.046995580196380615
80.51998	0.051601290702819824
80.540051	0.050064265727996826
80.559996	0.04978358745574951
80.580042	0.05841362476348877
80.600048	0.06286454200744629
80.619947	0.07547372579574585
80.639997	0.08984994888305664
80.659979	0.08966565132141113
80.680218	0.08662581443786621
80.699956	0.09030967950820923
80.719947	0.09783250093460083
80.74002	0.08831590414047241
80.759978	0.08710575103759766
80.779972	0.08529573678970337
80.799937	0.06955534219741821
80.820998	0.070770263671875
80.839987	0.0699993371963501
80.860297	0.024610042572021484
80.879999	0.037420034408569336
80.900004	0.03311127424240112
80.920092	0.020968735218048096
80.940382	0.012669026851654053
80.960221	0.016185283660888672
80.980072	0.028208613395690918
81.00005	0.029292702674865723
81.020017	0.010025084018707275
81.040018	0.008198082447052002
81.060348	0.014352560043334961
81.080029	0.009634137153625488
81.10001	0.019329428672790527
81.119969	0.03130608797073364
81.140061	0.027613282203674316
81.159981	0.02446848154067993
81.179968	0.03815758228302002
81.199997	0.014175653457641602
81.219962	0.003966867923736572
81.240137	-0.007099151611328125
81.259964	0.01023399829864502
81.280199	0.015728116035461426
81.299976	0.0042040348052978516
81.320353	-0.007657527923583984
81.339953	0.018556594848632812
81.35997	-0.01423346996307373
81.380006	-0.03034651279449463
81.399996	-0.029265940189361572
81.420047	-0.03394824266433716
81.439956	-0.02559816837310791
81.460284	-0.029736697673797607
81.479954	-0.031153321266174316
81.499965	-0.039171040058135986
81.519995	-0.03699994087219238
81.540238	-0.0407523512840271
81.560351	-0.05144757032394409
81.580299	-0.026641011238098145
81.600076	-0.019581079483032227
81.620246	-0.04857969284057617
81.640103	-0.03511059284210205
81.659991	-0.04270052909851074
81.680167	-0.03156167268753052
81.700069	-0.027320563793182373
81.720238	-0.018232762813568115
81.739959	-0.007164657115936279
81.760053	-0.010319888591766357
81.780109	-0.015757381916046143
81.799968	-0.03413790464401245
81.819918	-0.039597928524017334
81.840099	-0.042591214179992676
81.859981	-0.03558868169784546
81.880245	-0.044440627098083496
81.90001	-0.03784555196762085
81.919997	-0.07171028852462769
81.940099	-0.07094204425811768
81.9602	-0.05670589208602905
81.980004	-0.05935359001159668
81.999983	-0.057209670543670654
82.019969	-0.06783533096313477
82.03998	-0.05157184600830078
82.060041	-0.05032789707183838
82.080006	-0.013434290885925293
82.100278	-0.028971493244171143
82.119949	-0.034043729305267334
82.139988	-0.020933151245117188
82.159986	-0.01572507619857788
82.179945	0.013980090618133545
82.200208	-0.007572531700134277
82.219962	-0.012086570262908936
82.240019	0.01606827974319458
82.259981	9.464025497436523E-4
82.279974	0.016601920127868652
82.300039	-0.007541239261627197
82.319979	0.0048798322677612305
82.34012	0.029383838176727295
82.360209	0.001108705997467041
82.380243	0.01509469747543335
82.399967	0.012959301471710205
82.420023	0.01577538251876831
82.440267	0.020636916160583496
82.459963	0.04039031267166138
82.479952	0.009875655174255371
82.499982	0.002731502056121826
82.52064	0.01629716157913208
82.539968	0.004985928535461426
82.559961	0.0019909143447875977
82.579954	0.004016280174255371
82.59999	-0.008374154567718506
82.620195	0.010664403438568115
82.64025	-0.011850357055664062
82.6602	-0.0027031302452087402
82.679974	-0.028180718421936035
82.699966	0.004137098789215088
82.719957	0.01564788818359375
82.74035	8.369684219360352E-4
82.759977	-0.005041241645812988
82.779996	-0.004279613494873047
82.799929	-0.012525677680969238
82.820008	-0.0054634809494018555
82.839934	-0.021167337894439697
82.859994	-0.010639429092407227
82.87994	-0.014271259307861328
82.900092	0.016691863536834717
82.920209	9.251832962036133E-4
82.940129	-0.016291260719299316
82.959967	-0.023705482482910156
82.97996	-0.0034471750259399414
82.999954	-0.01445704698562622
83.019958	0.010807037353515625
83.041004	0.013133466243743896
83.060496	0.01606851816177368
83.081062	0.017211556434631348
83.099931	0.014679253101348877
83.120011	0.01594775915145874
83.140023	0.02265852689743042
83.160002	0.06333881616592407
83.179977	0.04501062631607056
83.200036	0.023714423179626465
83.219961	0.01689809560775757
83.24004	0.020636141300201416
83.25998	0.04181027412414551
83.279973	0.03841739892959595
83.299987	0.026403069496154785
83.319976	0.04569321870803833
83.340288	0.042472660541534424
83.360735	0.02818220853805542
83.380002	0.048587679862976074
83.399988	0.02853637933731079
83.419966	0.026271522045135498
83.440022	0.01869112253189087
83.459972	0.025150954723358154
83.479981	0.03145265579223633
83.500033	0.040590882301330566
83.519965	0.04763317108154297
83.540009	0.05995535850524902
83.559968	0.03233689069747925
83.579976	0.0764431357383728
83.599972	0.06067377328872681
83.619963	0.05042046308517456
83.640318	0.048106610774993896
83.65997	0.04222714900970459
83.679975	0.02905982732772827
83.700023	0.03508216142654419
83.720028	0.038715243339538574
83.740032	0.03958916664123535
83.759992	0.03395789861679077
83.779969	0.04223686456680298
83.800063	0.044324517250061035
83.819981	0.05441880226135254
83.839957	0.04529106616973877
83.859983	0.05276888608932495
83.879988	0.022879183292388916
83.90002	0.050970256328582764
83.920038	0.04951971769332886
83.940036	0.0567854642868042
83.959964	0.07187920808792114
83.980017	0.06265759468078613
84.000049	0.04943513870239258
84.020273	0.06840783357620239
84.039982	0.06746256351470947
84.060057	0.05622202157974243
84.080026	0.0611727237701416
84.100352	0.0421825647354126
84.119967	0.033757567405700684
84.140112	0.045008957386016846
84.160235	0.04665040969848633
84.179996	0.04813253879547119
84.200222	0.040614306926727295
84.219992	0.019758760929107666
84.23998	0.043541908264160156
84.259962	0.05473095178604126
84.279972	0.013992607593536377
84.299973	0.030140399932861328
84.320203	0.03469538688659668
84.340009	0.01995617151260376
84.360002	0.009502589702606201
84.380239	0.0020249485969543457
84.399981	-0.010069549083709717
84.419953	-0.020598113536834717
84.440065	-0.02578151226043701
84.459972	-0.027405500411987305
84.479965	6.253719329833984E-4
84.500788	-0.0429195761680603
84.519959	-0.02513033151626587
84.540006	-0.055513978004455566
84.559972	-0.06524795293807983
84.579993	-0.02702575922012329
84.600024	-0.03632199764251709
84.619983	-0.06118011474609375
84.640073	-0.026765823364257812
84.659976	-0.03353029489517212
84.679988	-0.02888667583465576
84.700001	-0.0022292733192443848
84.719972	-3.62396240234375E-5
84.740165	0.0016301870346069336
84.760236	-0.003585338592529297
84.779995	-0.005338490009307861
84.800014	-0.014320909976959229
84.820009	-0.014971792697906494
84.840316	-0.01133507490158081
84.859999	-0.0038967132568359375
84.880219	0.007893562316894531
84.899928	0.00733637809753418
84.920032	-7.975101470947266E-5
84.940021	-0.0013188719749450684
84.960255	0.0023323893547058105
84.979987	-0.016983866691589355
84.999969	-0.02008455991744995
85.020067	-0.00873410701751709
85.039998	-0.03829747438430786
85.060278	-0.02069878578186035
85.079983	-0.044692814350128174
85.100062	-0.018952548503875732
85.119978	-0.04531067609786987
85.140119	-0.04136008024215698
85.16	-0.03690606355667114
85.179998	-0.029840290546417236
85.200233	-0.02290201187133789
85.220235	-0.02585691213607788
85.240027	-0.036446988582611084
85.260222	-0.03134125471115112
85.28003	-0.04220455884933472
85.300057	-0.0482822060585022
85.320267	-0.05470168590545654
85.340027	-0.04598766565322876
85.359974	-0.03670889139175415
85.379989	-0.018196523189544678
85.399997	-0.03796982765197754
85.419983	-0.058088481426239014
85.440009	-0.027256250381469727
85.460881	-0.01982337236404419
85.480896	-0.041725337505340576
85.499985	-0.040490031242370605
85.520218	-0.010372459888458252
85.540102	-0.017597973346710205
85.560261	-0.014599442481994629
85.580282	-0.008348345756530762
85.59999	0.007487833499908447
85.61992	1.2177228927612305E-4
85.640057	0.0036846399307250977
85.659963	-0.004693090915679932
85.679988	-0.010275125503540039
85.700029	-0.0021215081214904785
85.720016	-0.02727484703063965
85.740038	-0.0034282803535461426
85.759976	-0.05387610197067261
85.779973	-0.031360089778900146
85.800059	-0.03471565246582031
85.820282	-0.009332358837127686
85.840326	-0.028383612632751465
85.859993	0.003327786922454834
85.880245	0.0058394670486450195
85.899972	0.0040146708488464355
85.91997	-1.341104507446289E-5
85.940058	-0.001024484634399414
85.960202	0.005424320697784424
85.979981	-0.0060127973556518555
85.999926	0.015505492687225342
86.020032	0.02463972568511963
86.040087	0.017574667930603027
86.060016	0.027002811431884766
86.079987	0.015964210033416748
86.099961	0.032179951667785645
86.120035	0.029641330242156982
86.140028	0.025005817413330078
86.159997	0.024360716342926025
86.180359	0.02981513738632202
86.199961	0.005577564239501953
86.219959	0.01340341567993164
86.240006	0.03730583190917969
86.259985	0.02997058629989624
86.280241	0.037041664123535156
86.300005	0.04087561368942261
86.319948	0.05216246843338013
86.340055	0.052412986755371094
86.359981	0.04577130079269409
86.379999	0.045378267765045166
86.40001	0.027095794677734375
86.419999	0.038400888442993164
86.440066	0.03557199239730835
86.459969	0.03765285015106201
86.47998	0.04050600528717041
86.50005	0.03934556245803833
86.520435	0.022880911827087402
86.540009	0.040374159812927246
86.560244	0.001423656940460205
86.579976	0.01874643564224243
86.599981	0.017000913619995117
86.619977	0.02704024314880371
86.640199	0.018575012683868408
86.659971	0.01158595085144043
86.679982	0.04607832431793213
86.69999	0.04217255115509033
86.719975	0.04410618543624878
86.739985	0.0684049129486084
86.760002	0.03704744577407837
86.779975	0.029109179973602295
86.799965	0.034982144832611084
86.819958	0.03774750232696533
86.83998	0.034107089042663574
86.860094	0.03878939151763916
86.879975	0.03787344694137573
86.899968	0.052272260189056396
86.919961	0.058705687522888184
86.940043	0.03854304552078247
86.960221	0.024782121181488037
86.98001	0.05443406105041504
87.000053	0.03908705711364746
87.020009	0.010166049003601074
87.04003	0.02662569284439087
87.059975	0.031656622886657715
87.079983	0.02378624677658081
87.100034	0.05237698554992676
87.120047	0.06297063827514648
87.140326	0.04973864555358887
87.16	0.04016447067260742
87.180254	0.0668289065361023
87.200289	0.06464457511901855
87.220035	0.04086780548095703
87.239961	0.07915365695953369
87.260084	0.0742650032043457
87.279992	0.07785701751708984
87.300029	0.0874059796333313
87.319989	0.07639789581298828
87.339979	0.08149141073226929
87.360224	0.07072460651397705
87.380013	0.08615648746490479
87.400076	0.07077670097351074
87.420012	0.07199251651763916
87.440274	0.07188653945922852
87.459967	0.06600326299667358
87.479976	0.05548447370529175
87.500021	0.06523710489273071
87.519986	0.06030118465423584
87.539956	0.06142258644104004
87.560049	0.07108306884765625
87.579989	0.09208673238754272
87.600283	0.07526493072509766
87.619951	0.07935035228729248
87.640047	0.06576591730117798
87.659959	0.058917880058288574
87.680317	0.05623501539230347
87.700026	0.05597585439682007
87.720062	0.04219186305999756
87.73995	0.051788926124572754
87.759981	0.07120996713638306
87.77996	0.0696529746055603
87.799958	0.0699390172958374
87.819955	0.06689167022705078
87.84005	0.10893464088439941
87.860206	0.09123396873474121
87.879952	0.0887608528137207
87.899956	0.0880500078201294
87.919956	0.08715832233428955
87.939987	0.0825543999671936
87.95996	0.07685136795043945
87.979982	0.09831708669662476
87.999953	0.09758228063583374
88.019939	0.10321152210235596
88.039995	0.11539238691329956
88.059983	0.12162083387374878
88.080274	0.10350549221038818
88.099979	0.10929548740386963
88.119974	0.11306118965148926
88.140149	0.11094731092453003
88.160047	0.10081470012664795
88.18076	0.1067434549331665
88.200016	0.11369681358337402
88.220198	0.10581505298614502
88.239971	0.08905762434005737
88.260085	0.09276467561721802
88.28029	0.10277241468429565
88.299992	0.11090493202209473
88.320089	0.09716254472732544
88.34076	0.0728946328163147
88.359953	0.0644756555557251
88.379973	0.10783058404922485
88.399981	0.11048614978790283
88.420158	0.09439218044281006
88.440606	0.11764967441558838
88.459985	0.10235095024108887
88.480035	0.1316402554512024
88.500291	0.15265512466430664
88.520233	0.1355268359184265
88.540358	0.15371698141098022
88.560319	0.1552003026008606
88.581184	0.13620001077651978
88.600011	0.14882832765579224
88.620526	0.12961167097091675
88.64037	0.13257360458374023
88.660276	0.12678390741348267
88.681155	0.12596917152404785
88.700297	0.12037217617034912
88.720378	0.13650906085968018
88.740605	0.1287415623664856
88.75997	0.12997305393218994
88.781056	0.1267092227935791
88.800248	0.10689717531204224
88.820173	0.1120482087135315
88.840558	0.1272038221359253
88.860957	0.12392961978912354
88.88095	0.11650770902633667
88.900068	0.1038786768913269
88.920291	0.12508374452590942
88.940032	0.11558705568313599
88.959971	0.1373533010482788
88.980058	0.1429165005683899
89.000028	0.13074541091918945
89.020024	0.11440682411193848
89.039971	0.1250368356704712
89.060055	0.116607666015625
89.079996	0.11773157119750977
89.100031	0.13716977834701538
89.120031	0.12114173173904419
89.139983	0.1067969799041748
89.160207	0.09718632698059082
89.179981	0.08734089136123657
89.200001	0.08173763751983643
89.220214	0.05395305156707764
89.240086	0.05927401781082153
89.260262	0.03570520877838135
89.279988	0.05256342887878418
89.300024	0.06276059150695801
89.319997	0.06073504686355591
89.340114	0.05882251262664795
89.360212	0.0635979175567627
89.379967	0.05713874101638794
89.400062	0.062436580657958984
89.420283	0.049702584743499756
89.43998	0.03896594047546387
89.460044	0.056076228618621826
89.479986	0.01806938648223877
89.499974	0.019607365131378174
89.519987	0.01637953519821167
89.539989	-0.015083253383636475
89.559972	-0.007443547248840332
89.57996	-0.009539663791656494
89.600004	-0.004146933555603027
89.620016	-0.008367002010345459
89.640007	-0.019280076026916504
89.659996	-0.008351802825927734
89.68036	-0.004544258117675781
89.699965	-0.00794905424118042
89.719942	-0.02414804697036743
89.740018	-0.029940545558929443
89.759971	-0.0044443607330322266
89.779954	-0.03661471605300903
89.80003	-0.034802138805389404
89.820215	-0.025865256786346436
89.840011	-0.03584945201873779
89.859975	-0.02438288927078247
89.879968	-0.038484811782836914
89.899963	-0.018320739269256592
89.919969	-0.019108593463897705
89.939995	-0.020594537258148193
89.959951	-0.055333852767944336
89.979956	-0.036742568016052246
89.99994	-0.045101284980773926
90.019953	-0.05175662040710449
90.039988	-0.06917411088943481
90.059953	-0.04616302251815796
90.081755	-0.01865750551223755
90.099972	-0.021541357040405273
90.119956	-0.02857309579849243
90.140038	-0.03900039196014404
90.159966	-0.05484461784362793
90.179959	-0.03366619348526001
90.200041	-0.055299222469329834
90.219932	-0.0728486180305481
90.240081	-0.07770848274230957
90.259965	-0.06899112462997437
90.280054	-0.0545428991317749
90.300062	-0.038124680519104004
90.319924	-0.03193044662475586
90.340012	-0.044498443603515625
90.359965	-0.06907963752746582
90.379996	-0.04895740747451782
90.399988	-0.034076154232025146
90.420043	-0.03989005088806152
90.440002	-0.004642069339752197
90.460214	-0.02859354019165039
90.48484	-0.015860259532928467
90.499949	-0.004445135593414307
90.520011	-0.004680156707763672
90.540023	0.03169971704483032
90.56018	0.03370368480682373
90.580015	0.043483614921569824
90.600099	0.04490542411804199
90.619981	0.05141359567642212
90.639989	0.0686495304107666
90.660039	0.04876232147216797
90.680372	0.050809383392333984
90.700284	0.048515379428863525
90.720581	0.06476521492004395
90.739994	0.040813982486724854
90.76001	0.0654984712600708
90.780114	0.05705440044403076
90.800372	0.046247780323028564
90.819956	0.04687589406967163
90.842493	0.04286593198776245
90.859995	0.037949442863464355
90.879992	0.05064797401428223
90.900015	0.05424410104751587
90.920045	0.05842083692550659
90.940037	0.058679282665252686
90.960241	0.06873589754104614
90.980006	0.07572788000106812
90.999986	0.08426916599273682
91.019983	0.07359433174133301
91.040026	0.082241952419281
91.060232	0.08737587928771973
91.079997	0.07980448007583618
91.099983	0.07897764444351196
91.119985	0.09069490432739258
91.140057	0.07397657632827759
91.160353	0.10407477617263794
91.180036	0.11133527755737305
91.200067	0.09937125444412231
91.219979	0.10952436923980713
91.240005	0.09975022077560425
91.259966	0.10186058282852173
91.280205	0.10706043243408203
91.300222	0.08201086521148682
91.320204	0.07862269878387451
91.340308	0.07088989019393921
91.359976	0.09185707569122314
91.380054	0.09057772159576416
91.400231	0.10847711563110352
91.42026	0.10409307479858398
91.439973	0.09122973680496216
91.460759	0.10566651821136475
91.480036	0.13574910163879395
91.499964	0.09560877084732056
91.519949	0.11556297540664673
91.539993	0.10751724243164062
91.560866	0.10257047414779663
91.579978	0.10599541664123535
91.600034	0.09431630373001099
91.620296	0.09388458728790283
91.640124	0.10054188966751099
91.659984	0.09709984064102173
91.680033	0.09106278419494629
91.700057	0.09079736471176147
91.720013	0.0846247673034668
91.739976	0.08963531255722046
91.759987	0.09672802686691284
91.780007	0.11784219741821289
91.799982	0.10895854234695435
91.819966	0.09127259254455566
91.840005	0.08861249685287476
91.860049	0.0770571231842041
91.879993	0.08987778425216675
91.900209	0.09004837274551392
91.919952	0.10603797435760498
91.940023	0.0829576849937439
91.959979	0.11578452587127686
91.979998	0.08845269680023193
92.000014	0.08560466766357422
92.019983	0.061023712158203125
92.040041	0.09857618808746338
92.060006	0.09832483530044556
92.079984	0.09739929437637329
92.099996	0.08919352293014526
92.120525	0.09011554718017578
92.139982	0.09067624807357788
92.160348	0.09082412719726562
92.18028	0.10649728775024414
92.199976	0.09861820936203003
92.220416	0.09206002950668335
92.240006	0.0978119969367981
92.259954	0.10003882646560669
92.279976	0.08727818727493286
92.300008	0.06274592876434326
92.32021	0.08209007978439331
92.339951	0.05150032043457031
92.360026	0.08223575353622437
92.380096	0.07217460870742798
92.399998	0.06836885213851929
92.420695	0.06835466623306274
92.44075	0.05263340473175049
92.460891	0.043738365173339844
92.480715	0.06895327568054199
92.499976	0.07253491878509521
92.519933	0.059710800647735596
92.540047	0.07640010118484497
92.559987	0.044877052307128906
92.579997	0.05352693796157837
92.600015	0.05084758996963501
92.620055	0.059178709983825684
92.640019	0.0615079402923584
92.659969	0.0661967396736145
92.680013	0.0562785267829895
92.70027	0.051249027252197266
92.720961	0.02371162176132202
92.740298	0.05515623092651367
92.760375	0.03887629508972168
92.780145	0.04580700397491455
92.80021	0.04502469301223755
92.819976	0.03796893358230591
92.839965	0.04764115810394287
92.859948	0.057623088359832764
92.880032	0.05016970634460449
92.900054	0.058305561542510986
92.919961	0.05970829725265503
92.939981	0.03241008520126343
92.959957	0.05103135108947754
92.980015	0.029196619987487793
92.999969	0.03933519124984741
93.019934	0.03821831941604614
93.039956	0.03921806812286377
93.059953	0.022266805171966553
93.079926	0.022780239582061768
93.100189	0.01899629831314087
93.119952	0.029553711414337158
93.14211	0.03480970859527588
93.159985	0.028783142566680908
93.179979	0.028859257698059082
93.199988	0.025952279567718506
93.21998	0.003995180130004883
93.240284	0.02703005075454712
93.260206	0.04198700189590454
93.279951	0.029805660247802734
93.299984	0.05801111459732056
93.319962	0.03934931755065918
93.342616	0.04552018642425537
93.360227	0.04634183645248413
93.379969	0.06823420524597168
93.399975	0.08058124780654907
93.419971	0.09261351823806763
93.441663	0.11302143335342407
93.459999	0.11696511507034302
93.48039	0.10231137275695801
93.500027	0.09313005208969116
93.520181	0.09304672479629517
93.542137	0.09643304347991943
93.559979	0.08753299713134766
93.580037	0.10516184568405151
93.599986	0.10301542282104492
93.620146	0.10756790637969971
93.642361	0.10216003656387329
93.660263	0.12170201539993286
93.68028	0.15408217906951904
93.700285	0.12886756658554077
93.719921	0.14194613695144653
93.74224	0.1517135500907898
93.759974	0.13562887907028198
93.780214	0.12431889772415161
93.799979	0.12154841423034668
93.820011	0.11646395921707153
93.841755	0.10651510953903198
93.860051	0.08774328231811523
93.87997	0.0629960298538208
93.89997	0.1054655909538269
93.920201	0.08130311965942383
93.942925	0.08806788921356201
93.960004	0.09202843904495239
93.979983	0.07473880052566528
93.999979	0.09150302410125732
94.019975	0.08516502380371094
94.040003	0.07957273721694946
94.060264	0.08811533451080322
94.080037	0.06581366062164307
94.099956	0.07453614473342896
94.119927	0.06921625137329102
94.141074	0.0526965856552124
94.168353	0.05014455318450928
94.180279	0.041993796825408936
94.200141	0.014640331268310547
94.220232	0.020083487033843994
94.240516	0.010249912738800049
94.260536	-0.010846138000488281
94.281026	-0.004388034343719482
94.301256	0.004747748374938965
94.320592	0.004679501056671143
94.34002	-0.02345895767211914
94.35997	-0.003392815589904785
94.379973	-0.004318594932556152
94.400078	-0.008258342742919922
94.420028	0.0030874013900756836
94.440001	0.006421148777008057
94.459984	0.010483622550964355
94.479992	-0.009489238262176514
94.499967	-0.003716111183166504
94.519978	-0.009597957134246826
94.54003	0.006387650966644287
94.559993	0.001965761184692383
94.581689	-0.011052727699279785
94.599989	0.004661977291107178
94.620028	-0.011819243431091309
94.639975	-0.033366858959198
94.660066	-0.013877928256988525
94.682916	-0.007554054260253906
94.699967	0.015269219875335693
94.720051	0.011867225170135498
94.740095	-0.018846988677978516
94.760015	6.52611255645752E-4
94.782692	-0.00784289836883545
94.800094	-0.010458588600158691
94.819997	-0.0013835430145263672
94.839995	-0.017120361328125
94.859958	-0.008557677268981934
94.880143	-0.033116936683654785
94.89996	-0.01179349422454834
94.919971	-0.021398067474365234
94.939991	-0.034372806549072266
94.959982	-0.0420306921005249
94.980017	-0.04776030778884888
94.999955	-0.036599040031433105
95.01998	-0.04893296957015991
95.039993	-0.04132676124572754
95.059984	-0.03257763385772705
95.080005	-0.03511953353881836
95.099985	-0.03638273477554321
95.120043	-0.05142241716384888
95.140014	-0.02887958288192749
95.159969	-0.021537840366363525
95.179984	-0.041857004165649414
95.20001	-0.03839462995529175
95.220014	-0.027430474758148193
95.240045	-0.02542698383331299
95.259959	-0.019768953323364258
95.279993	-0.02021968364715576
95.300562	-0.028321683406829834
95.319963	-0.034189045429229736
95.340035	-0.030049622058868408
95.359989	0.0010241270065307617
95.380245	-0.010603845119476318
95.399941	-0.013654351234436035
95.420026	-0.0036982297897338867
95.440089	-0.014489829540252686
95.459983	-0.010544657707214355
95.48004	-0.008681654930114746
95.500062	-0.03156667947769165
95.520024	-0.017462730407714844
95.540044	-0.02911287546157837
95.559985	-0.03461349010467529
95.579968	-0.035048067569732666
95.59999	-0.018789947032928467
95.620029	-0.021482646465301514
95.639959	-0.03225815296173096
95.660017	-0.02543562650680542
95.68007	-0.020168960094451904
95.700021	-0.017925560474395752
95.720021	-0.010467469692230225
95.740062	-0.01968151330947876
95.759981	-0.030546844005584717
95.779986	-0.013732373714447021
95.799993	-0.04711371660232544
95.82019	-0.051482439041137695
95.840003	-0.0327984094619751
95.860198	-0.047532081604003906
95.879959	-0.004101276397705078
95.899965	-0.02944701910018921
95.92011	-0.030295193195343018
95.939951	-0.03602015972137451
95.960633	-0.016104280948638916
95.98004	-0.019555389881134033
96.000023	-0.015056192874908447
96.019967	-0.007205307483673096
96.040151	-0.03615987300872803
96.060514	-0.02390497922897339
96.080415	-0.02507108449935913
96.099999	-0.03137117624282837
96.119987	-0.04585474729537964
96.140296	-0.04783070087432861
96.160455	-0.061208486557006836
96.180542	-0.038740694522857666
96.200615	-0.04797530174255371
96.220672	-0.0637102723121643
96.240942	-0.06056469678878784
96.260246	-0.07610434293746948
96.280656	-0.034191787242889404
96.300015	-0.053567588329315186
96.320056	-0.02890223264694214
96.340044	-0.044037580490112305
96.36023	-0.015080451965332031
96.380005	-0.02246803045272827
96.400229	-0.01251453161239624
96.419992	-0.03792816400527954
96.440075	-0.03841900825500488
96.460041	-0.04757577180862427
96.479991	-0.046056926250457764
96.499997	-0.05695164203643799
96.52025	-0.05992251634597778
96.54004	-0.04573941230773926
96.559987	-0.02537292242050171
96.580232	-0.03768688440322876
96.599972	-0.008010923862457275
96.619941	0.0026050209999084473
96.640065	0.0023857951164245605
96.659999	-0.005425631999969482
96.680039	-0.012189805507659912
96.699985	-0.010655224323272705
96.720009	-0.03151965141296387
96.740329	-0.040723323822021484
96.760083	-0.047174930572509766
96.780213	-0.028936684131622314
96.799972	-0.022443115711212158
96.819977	-0.042866528034210205
96.840043	-0.021036982536315918
96.85998	-0.01382458209991455
96.880227	-0.0015317797660827637
96.899955	-0.007684528827667236
96.920052	-0.016562938690185547
96.940077	-0.03372001647949219
96.959969	-0.017754197120666504
96.980026	-0.015975356101989746
96.999968	-0.03010082244873047
97.020042	-0.010166645050048828
97.040141	-0.0036573410034179688
97.06033	-0.012621462345123291
97.080076	-0.005575895309448242
97.099999	-0.003169834613800049
97.119969	-0.008613944053649902
97.140097	-0.004471838474273682
97.160131	-0.0032812952995300293
97.1802	0.008204102516174316
97.199966	0.01781487464904785
97.220128	0.008065402507781982
97.24008	0.02494293451309204
97.259984	0.01726067066192627
97.279997	-0.004324615001678467
97.300012	-8.462667465209961E-4
97.32085	0.004096329212188721
97.340168	-0.027422785758972168
97.360001	-0.04135167598724365
97.380045	-0.01738429069519043
97.4001	-0.022403836250305176
97.419985	-0.031168580055236816
97.440098	-0.034982144832611084
97.459992	-0.02382117509841919
97.479964	-0.019900381565093994
97.500061	-0.03088676929473877
97.520224	-0.035594820976257324
97.540209	-0.043998777866363525
97.559974	-0.05150407552719116
97.579982	-0.06216228008270264
97.600078	-0.044113993644714355
97.620079	-0.027584493160247803
97.640122	0.012142539024353027
97.660067	-0.014009535312652588
97.679978	-0.028842687606811523
97.700265	-0.026473581790924072
97.720065	-0.014615297317504883
97.740075	-0.01118314266204834
97.759993	0.002327859401702881
97.779979	-0.006514310836791992
97.799974	0.014078676700592041
97.820041	0.02083820104598999
97.840109	0.016476213932037354
97.859981	0.021034598350524902
97.879982	0.021102488040924072
97.899966	0.0187186598777771
97.920001	-0.013699591159820557
97.940106	-0.01666468381881714
97.95997	0.002631545066833496
97.979992	0.0021070241928100586
98.000166	-0.026535630226135254
98.01999	-0.02524244785308838
98.043628	-0.039965927600860596
98.060214	-0.011767268180847168
98.079982	-0.006770431995391846
98.100028	-0.01708662509918213
98.119986	-0.020727813243865967
98.140127	-0.010133206844329834
98.159967	-0.016906917095184326
98.179964	-5.631446838378906E-4
98.199992	9.482502937316895E-4
98.220024	0.011021018028259277
98.240052	0.014959931373596191
98.260207	0.012973308563232422
98.279991	0.011119425296783447
98.300046	0.042551636695861816
98.319997	0.028377294540405273
98.340166	0.026077449321746826
98.360331	-5.265474319458008E-4
98.37999	0.018553853034973145
98.400062	0.010642647743225098
98.419955	0.01846754550933838
98.440134	0.013906359672546387
98.460244	0.03999650478363037
98.479971	0.021427273750305176
98.499975	0.03545796871185303
98.519965	2.961158752441406E-4
98.540129	0.04331010580062866
98.56023	0.016301989555358887
98.579991	0.04056084156036377
98.599963	0.015449762344360352
98.619968	0.011158406734466553
98.640221	-0.010231256484985352
98.659969	0.009180247783660889
98.680434	-0.010450005531311035
98.699963	-0.014193415641784668
98.719954	-0.006834447383880615
98.740172	-0.005940616130828857
98.759979	-0.006253719329833984
98.780011	-0.021384835243225098
98.799987	-0.019524455070495605
98.819959	-0.019916653633117676
98.840204	-0.02326333522796631
98.860231	0.003510892391204834
98.880153	-0.00407719612121582
98.89997	-0.0010949969291687012
98.919957	-0.006136119365692139
98.940265	-0.00723421573638916
98.964295	-0.01875680685043335
98.980379	-0.031302452087402344
99.000045	-9.159445762634277E-4
99.020068	0.009843707084655762
99.040224	0.007880926132202148
99.060725	0.011252403259277344
99.080268	0.008126497268676758
99.100057	-0.003625333309173584
99.120085	-3.883838653564453E-4
99.140452	-0.009373068809509277
99.159972	-0.011180996894836426
99.179972	-0.014419376850128174
99.199995	-0.014591038227081299
99.219985	-0.00606006383895874
99.240144	-0.03455674648284912
99.25997	-0.012221992015838623
99.280021	-0.006451845169067383
99.299963	-0.05225473642349243
99.31996	-0.026575207710266113
99.340397	-0.02989065647125244
99.359972	-0.03802305459976196
99.380063	-0.02371162176132202
99.400009	-0.016929268836975098
99.42006	-0.005546271800994873
99.440412	-0.004629969596862793
99.460197	0.015632212162017822
99.479974	-0.008462369441986084
99.500038	-0.0014096498489379883
99.520024	0.01770031452178955
99.540184	0.010570228099822998
99.559968	0.022562682628631592
99.579977	0.036937057971954346
99.600211	0.056730687618255615
99.619982	0.03804224729537964
99.640125	0.04089200496673584
99.660209	0.04432404041290283
99.679983	0.03233736753463745
99.70022	0.03505593538284302
99.719988	0.03801912069320679
99.74018	0.041291654109954834
99.760291	0.0661388635635376
99.780265	0.061908185482025146
99.79999	0.044045329093933105
99.819948	0.06849509477615356
99.840254	0.07998067140579224
99.859976	0.06839984655380249
99.880044	0.05637854337692261
99.900052	0.061356306076049805
99.920005	0.06543290615081787
99.940144	0.056395769119262695
99.959968	0.056752145290374756
99.97997	0.0487942099571228
99.999968	0.019461393356323242
100.020015	0.05110281705856323
100.040144	0.05280834436416626
100.059952	0.030765056610107422
100.080026	0.041342318058013916
100.100094	0.03190988302230835
100.119955	-0.017492592334747314
100.140076	-0.010348081588745117
100.159968	-0.01297670602798462
100.179978	-0.0059814453125
100.200844	-0.0049738287925720215
100.220654	-0.01512974500656128
100.241199	-0.023404300212860107
100.259967	-0.012731015682220459
100.279979	-0.014854967594146729
100.299966	-0.04077500104904175
100.319967	-0.012054145336151123
100.340178	-0.007467448711395264
100.360025	-0.005691885948181152
100.380019	-0.007066071033477783
100.400052	-0.008906722068786621
100.419957	-0.020455598831176758
100.440161	-0.017135798931121826
100.459963	-0.017496049404144287
100.479965	-0.01862192153930664
100.500068	-0.022342801094055176
100.520032	-0.02501922845840454
100.540261	-0.026310265064239502
100.559964	-0.039508044719696045
100.579961	-0.03369385004043579
100.600034	-0.03334003686904907
100.620073	-0.04015630483627319
100.640234	-0.009686470031738281
100.660115	-0.029790818691253662
100.679983	-0.008067905902862549
100.699984	-0.009882152080535889
100.720038	0.0014934539794921875
100.740212	0.013272762298583984
100.760087	0.013697504997253418
100.780267	-0.016721010208129883
100.800376	0.004503309726715088
100.820271	0.003033161163330078
100.840399	0.005661427974700928
100.860012	0.005503356456756592
100.88006	0.009708106517791748
100.90004	0.013231098651885986
100.919975	0.009811341762542725
100.940143	-0.017015576362609863
100.959974	-0.002451300621032715
100.980045	-0.011967241764068604
101.000041	-0.02768164873123169
101.020022	-0.03656679391860962
101.04058	-0.04063147306442261
101.059992	-0.04950296878814697
101.080222	-0.0613255500793457
101.099978	-0.060385942459106445
101.120112	-0.04902088642120361
101.140326	-0.04320657253265381
101.160006	-0.04453235864639282
101.180236	-0.041797518730163574
101.199983	-0.03231543302536011
101.219978	-0.03078669309616089
101.240176	-0.036997318267822266
101.259963	-0.028100192546844482
101.279964	-0.03713470697402954
101.299983	-0.040056586265563965
101.320016	-0.01789247989654541
101.340445	-0.010645925998687744
101.359998	-0.002522289752960205
101.380043	-0.004370987415313721
101.400039	-0.0077364444732666016
101.419966	-0.006063520908355713
101.440167	-0.012348353862762451
101.459948	-0.02087235450744629
101.47999	-0.019134521484375
101.499954	-0.012728393077850342
101.520037	-0.013733983039855957
101.540358	-0.033490657806396484
101.560398	-0.0045885443687438965
101.57996	-0.010850846767425537
101.600025	-0.02557206153869629
101.620251	-0.019387006759643555
101.640046	-0.029197394847869873
101.660875	-0.02050834894180298
101.679971	-0.003850579261779785
101.700124	0.014686524868011475
101.720024	0.04219210147857666
101.74004	0.024405837059020996
101.759975	0.017478466033935547
101.779972	0.010378777980804443
101.800022	-0.0062888264656066895
101.820005	-0.036209940910339355
101.840327	-0.015051960945129395
101.860208	0.0037547945976257324
101.880115	0.0015001893043518066
101.900055	0.002629876136779785
101.92022	-0.0030968785285949707
101.940033	0.0013658404350280762
101.959971	0.011235058307647705
101.980007	0.015263259410858154
102.000026	-0.01255786418914795
102.02003	-0.006535351276397705
102.040075	-0.007020533084869385
102.060221	-0.014910578727722168
102.079999	0.012839019298553467
