145.660079	-0.012394895600823285
145.680042	-0.012400554610848411
145.700016	-0.012408782952741086
145.72005	-0.012413299928125777
145.740216	-0.01240702296093066
145.760035	-0.012393443138660804
145.779989	-0.012390230427430544
145.799986	-0.012415243876709755
145.819985	-0.01245897207878613
145.840054	-0.012478333008189886
145.86032	-0.012433330693668102
145.879986	-0.012348905779880954
145.899985	-0.012316512163533824
145.920028	-0.01242622978937495
145.940224	-0.012635240114880583
145.960265	-0.012700852220068667
145.980128	-0.012281031985093716
146.000398	-0.011097917645334517
146.019976	-0.009225234528327027
146.040037	-0.006814958059375395
146.060046	-0.004269725627824967
146.079978	-0.0018344764361824108
146.100095	4.781579530918215E-4
146.120297	0.002749202814637024
146.139957	0.005008430878864342
146.160001	0.0073840662485251465
146.179981	0.009775637605170506
146.200216	0.012165070882190515
146.219987	0.01445507334823002
146.240012	0.016761866956356286
146.260307	0.019131893307535317
146.280227	0.02150742184610959
146.300248	0.023913896290229282
146.319964	0.026225492724076
146.340056	0.028417345456605302
146.360234	0.03035700126010142
146.380088	0.031947117119666794
146.402772	0.03337859508799361
146.420054	0.03418572171300402
146.440048	0.034813702320975755
146.460086	0.03515931673253006
146.480067	0.0352479025328663
146.500171	0.035117080631273584
146.52004	0.03481491929715471
146.539994	0.03437683396466816
146.56029	0.033817177973453634
146.579996	0.03317240831497838
146.600195	0.032420626037373404
146.620029	0.031623439705412995
146.640253	0.030795832541568282
146.660024	0.030011532091100225
146.679981	0.029262514539554703
146.70026	0.028548562825794533
146.72063	0.027902720124106054
146.740885	0.027407686799327664
146.759973	0.027194428749916323
146.780058	0.02734265484499367
146.799997	0.027871691665015533
146.820206	0.028672630762283647
146.840017	0.02950684565872137
146.859975	0.03019704399938188
146.879954	0.03064252361129549
146.899953	0.03085959617031981
146.920009	0.030888225617752535
146.940014	0.03067736722115399
146.959974	0.030044912152283377
146.979978	0.028751525363292098
147.000004	0.026661324447270988
147.020066	0.023855749551538588
147.039988	0.020657707277901706
147.060318	0.017348198928632548
147.079997	0.014360486910680453
147.100068	0.011597414002005197
147.120007	0.009043388316341498
147.139967	0.006583615584021265
147.160291	0.004235146618905892
147.179993	0.0023593461052641646
147.199988	0.0012112492156657532
147.220005	0.0010715395265056334
147.239976	0.0019310295901398527
147.260287	0.003510938262937526
147.279997	0.005251890366741461
147.300254	0.0067844299396225514
147.319965	0.007744127271681816
147.339974	0.008103634419967266
147.360049	0.007892309323708295
147.379992	0.007145005530081399
147.400055	0.0057881902339953824
147.420111	0.003676141394094803
147.440168	6.382281128552345E-4
147.460032	-0.0034125281515509135
147.479991	-0.008592155240553755
147.500178	-0.014964253985630362
147.520002	-0.022303413194317265
147.539985	-0.03070468816704408
147.560099	-0.040007386885639
147.579999	-0.04981582235391342
147.600006	-0.06002156513214944
147.620034	-0.07035042105111763
147.63999	-0.08059709806431858
147.660041	-0.09076827178602868
147.679997	-0.10073817436614496
147.70001	-0.11056942695225465
147.720242	-0.12032929145188058
147.740171	-0.12977285600493402
147.760024	-0.13905097821044585
147.779993	-0.1483284722453301
147.800247	-0.1577707984554645
147.820043	-0.16709401866980567
147.839984	-0.1765954595458131
147.860086	-0.18624752468687417
147.879983	-0.1957984879497778
147.900028	-0.20531314537825468
147.920073	-0.21459025575034024
147.940036	-0.22344189204300838
147.959971	-0.23174633757852225
147.980104	-0.23949743446053667
147.999979	-0.24653490944555295
148.020052	-0.2531673130226711
148.039989	-0.2595213161668679
148.060305	-0.2660099733377296
148.079995	-0.2724761758954584
148.099965	-0.2792564439443058
148.119966	-0.28621021959269977
148.140186	-0.29330748108925947
148.159998	-0.30025557152135085
148.180074	-0.3072666569694666
148.199974	-0.31420679689870223
148.22001	-0.3212371274410994
148.239964	-0.32836538154536626
148.259982	-0.3357608422092512
148.280334	-0.34366039683399696
148.299961	-0.3517440512787872
148.320363	-0.3606674827161885
148.340432	-0.36994182285774124
148.360725	-0.37982092484925384
148.379959	-0.38974435512357325
148.399974	-0.40084750750735787
148.420296	-0.4131427256020908
148.440541	-0.4265565776551252
148.460689	-0.44104244738734477
148.480049	-0.4558784027026002
148.500071	-0.4719265528458041
148.52013	-0.48851133074539366
148.540022	-0.5053444434047863
148.560331	-0.5228375974189782
148.580029	-0.5399620244388024
148.600254	-0.557457103449409
148.620054	-0.5741830770643246
148.640085	-0.5903903270098619
148.659961	-0.6055436367562119
148.680073	-0.6198195809317705
148.700274	-0.6330558354032024
148.720336	-0.6451140158586001
148.739985	-0.6559246868504991
148.760106	-0.6661351209861391
148.779995	-0.6756511701678292
148.799999	-0.6849810550205061
148.819985	-0.6943533101935886
148.839995	-0.7039149121651738
148.860045	-0.7135784463160363
148.880173	-0.7230769261062968
148.899993	-0.73186492496993
148.920287	-0.7399454981902195
148.940306	-0.7468028953494852
148.960146	-0.7524598366196
148.98074	-0.7572998938143005
148.999978	-0.7611520055177546
149.020169	-0.7649081406760994
149.040056	-0.7687540592828466
149.06015	-0.7731437334270455
149.079986	-0.7781763816375904
149.099993	-0.7839878888973455
149.12005	-0.7904364686114561
149.140092	-0.7973054965680021
149.160047	-0.8043651795859089
149.180229	-0.8115922436332221
149.200637	-0.8189877855200843
149.220407	-0.8263990252221273
149.240018	-0.8342810991176679
149.26005	-0.843181179582576
149.27999	-0.8530669373330575
149.299997	-0.8639938573214873
149.319996	-0.8757439431618897
149.33997	-0.8881236351707787
149.36028	-0.9013415824737041
149.380005	-0.9149646354572293
149.400233	-0.930006082101659
149.419962	-0.9458696697407252
149.44006	-0.9631468251690316
149.459984	-0.9810564159248402
149.480035	-0.9994692482925085
149.500145	-1.0180327795409423
149.520053	-1.0363881959421692
149.540154	-1.0548858157709677
149.560007	-1.0730715434837903
149.579994	-1.09111766261094
149.600358	-1.108938997291176
149.620062	-1.125335701994458
149.6401	-1.1409402434259648
149.660135	-1.1554049837469698
149.679981	-1.16864872829194
149.699959	-1.180977648610178
149.719974	-1.192417940497192
149.740457	-1.2032934626026561
149.760036	-1.213016012077091
149.780002	-1.2224010539683212
149.800216	-1.2315211957816534
149.820079	-1.2401934201793654
149.84036	-1.248717234313009
149.860777	-1.2568025452984335
149.880906	-1.2640618631205502
149.900079	-1.2701297224284158
149.919969	-1.2755240773321217
149.940013	-1.2802350912506484
149.960806	-1.284726804862363
149.98003	-1.2888758659791744
149.999987	-1.2934287448387731
150.019975	-1.2982437483072657
150.040033	-1.3030855840454676
150.060044	-1.3075163098800455
150.079992	-1.3111033650614867
150.100041	-1.3135390440450505
150.120078	-1.3146202475058224
150.139953	-1.3143083612850341
150.160277	-1.3126406675312403
150.179985	-1.309868716530412
150.200441	-1.3060441526708502
150.219981	-1.301808927176557
150.239986	-1.2972543556622917
150.259993	-1.2928332871653656
150.28	-1.288804528207501
150.299998	-1.285309644691614
150.320014	-1.282405049542384
150.340236	-1.2801298512075965
150.360365	-1.2786403529761858
150.379988	-1.2781156502253757
150.400041	-1.2786885874963312
150.419984	-1.2804137082217257
150.44022	-1.2832246029694718
150.460056	-1.2867742836062912
150.479992	-1.2908502144726348
150.499966	-1.2952063464089456
150.520076	-1.2997188841195213
150.539997	-1.3042149224461312
150.56031	-1.3086909254370331
150.580015	-1.3127279805007828
150.600761	-1.3164327517927046
150.620021	-1.3192664782505241
150.640023	-1.3217023079571748
150.660056	-1.3239878297396173
150.679982	-1.3265676007552987
150.700006	-1.3298514098574663
150.720063	-1.3339987699937639
150.740017	-1.3389132544733446
150.760056	-1.3444497055121336
150.779992	-1.3503807160638972
150.800996	-1.356986424547496
150.820258	-1.3633481184180187
150.839988	-1.3701082632725228
150.860287	-1.3771019161791271
150.880273	-1.3836528856788113
150.900042	-1.389336429248437
150.919967	-1.3938135680507349
150.939966	-1.3967308171824688
150.959977	-1.3979391278245654
150.98004	-1.3974861874791662
151.000037	-1.3955638391009197
151.020003	-1.3924404345297714
151.039962	-1.3884010669018683
151.06003	-1.3836839082978845
151.08044	-1.3784319984877136
151.100019	-1.3730798235136017
151.120038	-1.3673169665720188
151.140259	-1.3611578162704956
151.159965	-1.3547575531720577
151.180041	-1.3478039943886893
151.200004	-1.3405291678052593
151.220272	-1.3329645609316987
151.239952	-1.3257047021481445
151.259977	-1.3186683276743758
151.280236	-1.3120853654654359
151.299972	-1.3062326694314688
151.320021	-1.3007625385603334
151.339973	-1.2956364651090058
151.360247	-1.2906345810155027
151.379979	-1.2859800515996114
151.399971	-1.2816361751111145
151.419973	-1.2778928309110889
151.439963	-1.2749378912745424
151.460294	-1.2727603099122204
151.480211	-1.2712723491926323
151.500063	-1.270124327881593
151.51994	-1.2689589477808387
151.539945	-1.2674612852954965
151.560697	-1.265326693660376
151.580518	-1.262539972285518
151.600847	-1.2587007396368235
151.621002	-1.253660322376294
151.640029	-1.247458713546214
151.660131	-1.2391097290760473
151.679961	-1.2289160391890819
151.699965	-1.216592755453446
151.720066	-1.202212376420639
151.740289	-1.185871452334319
151.760057	-1.1682413298767838
151.780011	-1.1489732983727667
151.799996	-1.1284451599166518
151.819937	-1.1070611946555369
151.839952	-1.0851272285482711
151.859959	-1.0632404579600294
151.880262	-1.04156749633256
151.900067	-1.0212987679852845
151.919983	-1.0019151541604814
151.940126	-0.9832068524551494
151.960034	-0.9653492259692142
151.979992	-0.9478365226382427
152.000004	-0.9305699468739577
152.020032	-0.9136939465429612
152.040256	-0.897344094596728
152.059961	-0.8824240550707612
152.08007	-0.8685170922678079
152.100063	-0.856159614656749
152.120028	-0.8453068181705033
152.139949	-0.8358827839658309
152.160282	-0.8275670759123418
152.180006	-0.8206279702516053
152.200117	-0.8145786288624022
152.219949	-0.8095436073835676
152.240104	-0.8053624864282141
152.259979	-0.8022448234959589
152.280286	-0.8002441327687378
152.30021	-0.7995979199915132
152.320165	-0.8003309233783732
152.339937	-0.8023434539848793
152.360204	-0.8055388120115535
152.379955	-0.8095967770511218
152.400014	-0.8146602800725992
152.42098	-0.8211015404111753
152.439987	-0.8281959204527141
152.460166	-0.8371796977046216
152.479973	-0.8473118357398118
152.499962	-0.8585318044909916
152.520029	-0.8703752976991849
152.539975	-0.8823715074158762
152.560055	-0.8944421902796511
152.579994	-0.906250539230933
152.599976	-0.917677408233219
152.619972	-0.9283525927108842
152.639925	-0.9378068525663343
152.660249	-0.945783025375906
152.679985	-0.9516074534566722
152.700222	-0.9554291247735225
152.720004	-0.9570065438497315
152.739982	-0.9564594924340885
152.76003	-0.95389217384995
152.780198	-0.9494954046891214
152.799969	-0.9436716739035874
152.819957	-0.9365095986082824
152.839987	-0.9282375765443308
152.859965	-0.918992215423339
152.880055	-0.908760369495375
152.900072	-0.8977461136961968
152.919951	-0.886196982387659
152.940028	-0.8742019220444439
152.960302	-0.8620756159357575
152.980209	-0.8504614150723856
152.999977	-0.8395074128311315
153.019981	-0.8292956932354204
153.039959	-0.8202408287867777
153.060073	-0.8124869775870278
153.079989	-0.8062483364604357
153.100263	-0.8013081647966193
153.120064	-0.7977015282032902
153.139939	-0.7951106407619375
153.160376	-0.7933350672116927
153.179949	-0.7923692181879968
153.199952	-0.7920468624996372
153.22	-0.7923288295980673
153.239975	-0.7932009078781398
153.260262	-0.7947631335543965
153.279968	-0.7971015963824502
153.299977	-0.8005125781894994
153.319963	-0.8051092134678237
153.339957	-0.8109530206870529
153.360027	-0.8180542590260984
153.379959	-0.826335108227061
153.399987	-0.8359773559857332
153.42003	-0.8471071315751931
153.439961	-0.8597789795457713
153.460758	-0.8746807519618998
153.479958	-0.8898419388019405
153.499983	-0.9068691008728179
153.520045	-0.9248958024109777
153.540014	-0.9436100372654278
153.559956	-0.9629063805018501
153.579996	-0.9827027590828051
153.60053	-1.0030966293156889
153.620836	-1.0229830439900935
153.63996	-1.0410461082593796
153.660254	-1.0590913024791762
153.680649	-1.0757010104586027
153.700759	-1.0901980277909074
153.720212	-1.1020608323142493
153.739974	-1.1116325889638452
153.76003	-1.118650120043575
153.77997	-1.1228848064825936
153.799973	-1.1244007719680935
153.819927	-1.123235729969119
153.840006	-1.1194409669048033
153.86	-1.1132092511863885
153.879979	-1.104871551207592
153.89999	-1.0949773277896906
153.92017	-1.0841894897664854
153.939995	-1.0735416195547018
153.960213	-1.0632355882034492
153.980222	-1.053938486252255
153.999939	-1.0458118196293074
154.023369	-1.0374514638776136
154.040287	-1.0324211046080733
154.060058	-1.0278721124778913
154.079952	-1.0248264473473623
154.100179	-1.0234519435318676
154.120022	-1.0238702889688678
154.140003	-1.0260597800100244
154.16	-1.0299604574060002
154.179969	-1.0355040311769694
154.199979	-1.0426839705057747
154.219973	-1.0514867737122688
154.24025	-1.0620833109366967
154.260288	-1.074216094070483
154.279987	-1.0877773965719157
154.299968	-1.1031816630900584
154.319993	-1.1202525986016327
154.340868	-1.1397106119327556
154.360067	-1.159086272413696
154.379989	-1.1806985747965981
154.39996	-1.203931792610577
154.419955	-1.2289611253991577
154.439991	-1.2561517261758768
154.460821	-1.287018532343561
154.47998	-1.3180809024025517
154.499984	-1.3533687346993137
154.519984	-1.3912978359861703
154.539982	-1.4314617328535753
154.560269	-1.4739982211946696
154.579997	-1.51670349890022
154.600244	-1.5616069156849472
154.62004	-1.6063274132818328
154.639985	-1.6519412687388453
154.660029	-1.697967596849689
154.680244	-1.7440792199055313
154.699973	-1.7882322551638987
154.719967	-1.8315724105647841
154.740216	-1.8735789007966877
154.760333	-1.913108918934681
154.781177	-1.9515776189945926
154.800004	-1.9839667457237342
154.819972	-2.0157317512328614
154.839971	-2.0448625187429736
154.860181	-2.0715058074314374
154.879973	-2.0948423026903096
154.900023	-2.115781511693483
154.920164	-2.1342987867501133
154.940346	-2.1505814207283973
154.960681	-2.1649419675245056
154.980894	-2.1774011293959012
154.999962	-2.1876566348330564
155.020064	-2.197166879209109
155.040343	-2.2057807401046077
155.060179	-2.213577082303369
155.0801	-2.2210580593759683
155.100074	-2.228443690240048
155.120043	-2.235951612247253
155.140224	-2.243971653365352
155.160146	-2.2526815206399067
155.18	-2.2624980825661645
155.199986	-2.2737397275377265
155.219979	-2.286358943974522
155.239997	-2.3002021397824746
155.259976	-2.3149743856729006
155.280183	-2.330657187330142
155.300008	-2.346643063003735
155.32001	-2.3633440344552357
155.339967	-2.380608927312968
155.36004	-2.398637176202502
155.379977	-2.4172698638432566
155.40007	-2.436859563416498
155.419966	-2.457153652628624
155.43998	-2.4785835681906345
155.460283	-2.5014984223506325
155.47998	-2.5250573656397046
155.500231	-2.5509002453142116
155.519998	-2.578006136890427
155.539974	-2.607585926266885
155.559973	-2.6395553991926004
155.57998	-2.6738326175275846
155.599974	-2.7100484496898365
155.619955	-2.7476533297829295
155.639971	-2.7861129120659216
155.660363	-2.825529990599378
155.679965	-2.863244303529645
155.699977	-2.901291482412078
155.719961	-2.938615585890506
155.739956	-2.9750750198366336
155.760808	-3.0119355703018402
155.779974	-3.044534141548855
155.799998	-3.0770394096719818
155.820007	-3.107733212326574
155.839958	-3.136263034509599
155.860035	-3.162550313593702
155.879974	-3.185976658795131
155.900031	-3.2067591636780457
155.920091	-3.224939175372829
155.939926	-3.2407315424589886
155.959982	-3.2549652676261984
155.979959	-3.267805817902272
155.999983	-3.279560498007503
156.019975	-3.2902506297594547
156.039962	-3.299879645697667
156.060271	-3.3085746867449912
156.079977	-3.3160000658317568
156.099973	-3.3226548103964326
156.119956	-3.328700339150681
156.139964	-3.3345499808304813
156.159997	-3.3406821708811205
156.18023	-3.3476162742572426
156.199992	-3.3554471617005817
156.220004	-3.364626803300581
156.239961	-3.375078167316523
156.260263	-3.3870258797970316
156.280225	-3.4000569702389924
156.299979	-3.414193366918375
156.31999	-3.4296731672247716
156.340029	-3.446145810321515
156.360287	-3.463542466999573
156.379987	-3.481009433430548
156.399973	-3.499265893522803
156.420021	-3.51827695403188
156.439963	-3.5381607993217004
156.460002	-3.559407532723268
156.479979	-3.5820466356654195
156.499995	-3.6062544381467636
156.519945	-3.631854162241031
156.539984	-3.658940588276066
156.560202	-3.6875364051392823
156.580198	-3.7169624457427592
156.600053	-3.74720234244791
156.620001	-3.778462975874557
156.639963	-3.810429829279196
156.66001	-3.842978413186333
156.679981	-3.8755777705571033
156.699973	-3.9080964283246225
156.719966	-3.9401817016307703
156.739995	-3.9715109952543033
156.760031	-4.001588908019634
156.77996	-4.029767509694208
156.800203	-4.0561795162039305
156.819995	-4.079547789269205
156.839937	-4.100515495866037
156.86028	-4.119333086219594
156.879964	-4.135172230341957
156.899975	-4.148960036532814
156.919945	-4.160454433009572
156.939909	-4.169739597418337
156.96	-4.177031783798912
156.979955	-4.18255775460517
157.0	-4.1868232563842795
157.019935	-4.1902475631966425
157.039938	-4.193276581693012
157.059967	-4.196266692549335
157.07998	-4.1995835186887005
157.10027	-4.20371620515521
157.120268	-4.209023781716977
157.139982	-4.215907725226158
157.159988	-4.224880634319335
157.179959	-4.235949310819915
157.19997	-4.249118114417961
157.220719	-4.264782662619538
157.239981	-4.281027517712597
157.259943	-4.2994798018752975
157.28004	-4.319585180935443
157.300556	-4.341629256437306
157.320504	-4.364558388358585
157.340718	-4.389370992732164
157.360925	-4.415840275705189
157.380195	-4.442770822870034
157.40007	-4.472420264490455
157.419975	-4.504169287978559
157.440199	-4.5387417171358955
157.459998	-4.575075660370654
157.480145	-4.6147276252388005
157.500006	-4.6564586719129615
157.519975	-4.700915423369135
157.539973	-4.747676811816121
157.560032	-4.7965411998447784
157.579974	-4.846807730027005
157.599965	-4.898625362390688
157.619969	-4.951564836834463
157.63997	-5.005104368458648
157.659988	-5.05868300259338
157.679968	-5.111486093290835
157.699963	-5.163044604104025
157.719927	-5.212775180783898
157.740008	-5.260744817248032
157.760013	-5.3063554443855985
157.779962	-5.349665149806808
157.799983	-5.391049805783522
157.819991	-5.430496834728897
157.840242	-5.468694362654988
157.860035	-5.504547856114574
157.879974	-5.539402060942954
157.899955	-5.573350153940954
157.920034	-5.606875515860156
157.940004	-5.640139838961514
157.960001	-5.673940540145968
157.979967	-5.708725347375913
158.000269	-5.745606805243838
158.02	-5.783247162117211
158.04	-5.823457060238668
158.06031	-5.866550460532323
158.080301	-5.911297756550455
158.100075	-5.95787985906172
158.119985	-6.007013831049351
158.140065	-6.0585928991411295
158.160032	-6.11160281744922
158.179949	-6.165917276174757
158.200008	-6.221880943225469
158.220053	-6.279025722666282
158.240334	-6.3381740483888445
158.260031	-6.397072925762556
158.28009	-6.458667821699955
158.299985	-6.521375062521613
158.320019	-6.586024626933236
158.340019	-6.65187028221368
158.360011	-6.718849766244212
158.379978	-6.7869195258957316
158.399982	-6.856489883322536
158.419997	-6.927766029606145
158.440213	-7.001677753416249
158.460034	-7.076072896344911
158.48007	-7.153046821598221
158.499952	-7.230850864230604
158.519978	-7.310243894509872
158.540219	-7.391107631066912
158.560043	-7.470499263084565
158.579967	-7.550055204024214
158.599957	-7.629204247673923
158.619985	-7.707455195789833
158.640228	-7.785221457306003
158.660037	-7.859876226297956
158.679976	-7.933455782315183
158.699985	-8.005555653806264
158.719961	-8.075549081892204
158.740008	-8.143527973880891
158.760286	-8.209838377932174
158.78019	-8.272545330244695
158.800045	-8.332899826019927
158.819979	-8.391488703737725
158.840204	-8.449001421092571
158.860042	-8.503498692443921
158.879981	-8.556296713321007
158.899984	-8.607329764109936
158.920031	-8.656758399843625
158.940137	-8.704974335558076
158.960542	-8.752942940478908
158.979968	-8.798054961675215
159.000441	-8.845353591158997
159.020044	-8.890724268798165
159.040052	-8.937435103072968
159.06031	-8.98539823608478
159.08044	-9.033830549077525
159.100419	-9.082576745847222
159.120927	-9.13306112930495
159.140017	-9.180201685820995
159.160272	-9.230151997935405
159.179991	-9.27859667775217
159.200002	-9.327529281843756
159.220014	-9.376242828467415
159.240008	-9.42476350282887
159.260306	-9.474046170388705
159.280024	-9.522210477184903
159.299994	-9.571565541166224
159.320007	-9.621766057454876
159.339981	-9.67256877056811
159.36031	-9.724794527151527
159.380221	-9.776280439794064
159.400061	-9.827922577627428
159.419967	-9.880317452362398
159.439978	-9.933937077769707
159.460272	-9.98957004986392
159.479991	-10.04490691955102
159.500159	-10.102629354811075
159.519988	-10.160169617712004
159.539985	-10.218662334730617
159.560282	-10.278225735775509
159.57997	-10.335949410321453
159.599987	-10.39431150744616
159.619971	-10.451923894770077
159.640119	-10.508994290517496
159.660304	-10.564826917297804
159.680007	-10.617758630752292
159.699969	-10.66958862899217
159.720221	-10.720161349702396
159.74001	-10.767454932075637
159.759982	-10.812942431111138
159.780025	-10.85634229578282
159.79999	-10.897447167666792
159.820043	-10.936784364066417
159.839929	-10.974050314518452
159.860022	-11.010088495665816
159.879978	-11.044376921791063
159.899982	-11.077340549522035
159.920013	-11.10909933637495
159.94003	-11.13985257882103
159.959974	-11.169898852690153
159.980079	-11.200076326540067
160.000018	-11.230416556508859
160.020041	-11.26176702039255
160.039989	-11.294192617335378
160.060048	-11.328100996985109
160.083323	-11.368852052501264
160.100439	-11.399687904013623
160.119971	-11.435685132973557
160.139998	-11.473316276827715
160.160053	-11.511698257506172
160.180262	-11.551096020798814
160.200388	-11.591068855070253
160.220048	-11.630844752974925
160.239998	-11.6719517328039
160.260296	-11.714525324269633
160.279989	-11.756503898232342
160.300002	-11.799718219615999
160.319989	-11.843235442041532
160.339984	-11.886941774375364
160.360004	-11.930776741743303
160.380218	-11.975137146162227
160.400041	-12.01883880384565
160.42005	-12.063230694982149
160.44003	-12.10781698734297
160.460018	-12.152557401601014
160.479987	-12.197236020119899
160.500239	-12.242416938485354
160.52024	-12.286868433800334
160.539989	-12.330572371676901
160.560086	-12.374767343362779
160.579982	-12.418026762434112
160.600015	-12.460740230848602
160.619992	-12.502086760964065
160.640243	-12.542363550241241
160.660274	-12.58034349907589
160.680124	-12.616073721020951
160.700086	-12.650192409314151
160.720054	-12.682725200045653
160.740006	-12.713885537345348
160.760293	-12.744408245797334
160.779984	-12.773031756170944
160.800295	-12.801587630543724
160.819995	-12.828398792988397
160.840001	-12.854826130507835
160.860002	-12.880615834112998
160.879975	-12.905971499456438
160.900022	-12.931296236744899
160.920308	-12.95709563263726
160.940035	-12.982647601120101
160.960209	-13.009537674498187
160.980215	-13.037190459840273
160.999975	-13.065629298280918
161.020029	-13.095694969222478
161.039996	-13.126812174317031
161.061478	-13.16149612452131
161.080317	-13.19289737085264
161.100562	-13.227619215148692
161.120074	-13.261946439003166
161.140065	-13.29791974667316
161.160031	-13.33457646229988
161.179978	-13.371860002580998
161.200086	-13.41004371576685
161.220067	-13.448499709810669
161.239971	-13.487223298358321
161.260015	-13.52655459893951
161.279968	-13.56601502722298
161.299988	-13.60598094430268
161.320013	-13.646482663974325
161.34026	-13.688170590584136
161.360869	-13.731565113175689
161.380864	-13.774774661855934
161.400018	-13.81736424588066
161.420032	-13.863233207187225
161.44004	-13.910536928540663
161.460266	-13.95983750737453
161.480663	-14.010963774710403
161.499993	-14.060563320054344
161.520051	-14.11294929440093
161.540696	-14.167517230212242
161.560063	-14.219078083432072
161.579986	-14.272315604790577
161.6	-14.325840155208327
161.620088	-14.379435706141063
161.640059	-14.432371506129138
161.660001	-14.484614027533675
161.680011	-14.53613576690408
161.700119	-14.586765741524717
161.720266	-14.636189096690346
161.739992	-14.683249365782965
161.760059	-14.729822883287996
161.779963	-14.774871435592575
161.800014	-14.819300296609557
161.820024	-14.862908012405597
161.840047	-14.90602505583644
161.860227	-14.949174183809157
161.880193	-14.991831911125647
161.899957	-15.034395601229054
161.920092	-15.078585037693712
161.939912	-15.123393241244331
161.960286	-15.17119743968428
161.979997	-15.21930487413427
161.999985	-15.269926624290644
162.020009	-15.322310697635462
162.039993	-15.376104318184199
162.060339	-15.432371706407066
162.079994	-15.488246991573972
162.099992	-15.546748955324446
162.119977	-15.606907000574337
162.14011	-15.669145684402867
162.159962	-15.731963960044038
162.180238	-15.797416237150541
162.200077	-15.862602655136275
162.220259	-15.930064601747839
162.240049	-15.997404394811396
162.260106	-16.0669192642212
162.280227	-16.137906238003673
162.300299	-16.20983877277027
162.319972	-16.28126161138635
162.339972	-16.35468785193383
162.360028	-16.429164508422588
162.380244	-16.50524986120006
162.400056	-16.580985837429797
162.419985	-16.65838530945185
162.440009	-16.737180813455378
162.460095	-16.816861294698338
162.480207	-16.896859104878637
162.499983	-16.97544812525818
162.519999	-17.054865042840287
162.540003	-17.13425530091418
162.560302	-17.215059735683273
162.579994	-17.293836038164656
162.599996	-17.374262193650033
162.619971	-17.454872225308623
162.639941	-17.535561413133724
162.66035	-17.61790821088241
162.679994	-17.696853353527974
162.699993	-17.776702310789464
162.720213	-17.856697918495456
162.739978	-17.933976463406108
162.760385	-18.01264265908505
162.779984	-18.086994468800327
162.800206	-18.162390486484625
162.820027	-18.23492993424885
162.839976	-18.306476370185695
162.86024	-18.37755389011791
162.880253	-18.44608964568835
162.899982	-18.51203406384422
162.92024	-18.578238522837015
162.939975	-18.641493879233835
162.960352	-18.705727080241843
162.979973	-18.766597751545987
162.999974	-18.827576704430612
163.019971	-18.887385418258347
163.040162	-18.946664043386832
163.060123	-19.004463146707668
163.079969	-19.061601654200846
163.099991	-19.119403991209225
163.120206	-19.178243408667438
163.139976	-19.236323849508054
163.160103	-19.295875348807638
163.180226	-19.3556743489341
163.199973	-19.41455727858621
163.219965	-19.474488956051637
163.239951	-19.534957063733327
163.260094	-19.596710520890273
163.280227	-19.65941133184095
163.299949	-19.72184809299995
163.319976	-19.786284996062527
163.339956	-19.851635680865407
163.360094	-19.918696601889998
163.380838	-19.98920947546499
163.400189	-20.05653680264643
163.419965	-20.127111229228603
163.439993	-20.200516848492384
163.460106	-20.27628443818953
163.481096	-20.357577321724456
163.499978	-20.432702001572505
163.520028	-20.514435999722682
163.540322	-20.59880195977248
163.56039	-20.683372856669138
163.580536	-20.76894733562423
163.600793	-20.85532348427601
163.620225	-20.938320316699173
163.640084	-21.023186353613955
163.660185	-21.10900154897641
163.679965	-21.193124606178735
163.699983	-21.27759756206248
163.719988	-21.361003378135756
163.740045	-21.443327124692015
163.760037	-21.52390101111706
163.779991	-21.602720393118982
163.800203	-21.680839642826022
163.819974	-21.7554889444439
163.839959	-21.82911248268037
163.86005	-21.9013053447376
163.879985	-21.9712357564522
163.899967	-22.039786937660242
163.920011	-22.10717450113708
163.940249	-22.173980340181927
163.960195	-22.23875490950791
163.980229	-22.302934767505334
164.00023	-22.36640552023219
164.020058	-22.4290871811824
164.039951	-22.492131608581758
164.060162	-22.556721460551742
164.080249	-22.621752548944357
164.100425	-22.68813733376417
164.120241	-22.754542652474743
164.140823	-22.824882407431414
164.160087	-22.89206160912276
164.180266	-22.963856578455722
164.199986	-23.035388860060365
164.220221	-23.11015447627985
164.239969	-23.184411594652808
164.26014	-23.26153435481373
164.280002	-23.338683800748765
164.300232	-23.41845997757456
164.319985	-23.497555750385857
164.339996	-23.57904383789958
164.360111	-23.66256372441787
164.380225	-23.747930931865895
164.400051	-23.83400844118141
164.420225	-23.923461032203992
164.440006	-24.01274373832155
164.460165	-24.105083737137043
164.480208	-24.198160113128218
164.500151	-24.292174601548073
164.520008	-24.387418889065163
164.539921	-24.48471365696727
164.560432	-24.586673764488715
164.579968	-24.68515139354124
164.599979	-24.787046939239335
164.619923	-24.889329544442578
164.640049	-24.99311632383157
164.66025	-25.097755065252635
164.679963	-25.20015205321143
164.699959	-25.30400721977794
164.720218	-25.40880550683286
164.740213	-25.511400623391495
164.760214	-25.612831507173684
164.77996	-25.71152007984028
164.79999	-25.80994640641886
164.82005	-25.90666538159667
164.839973	-26.00077059349974
164.86038	-26.095154252360206
164.879959	-26.183910429446385
164.899953	-26.272962853112414
164.91995	-26.360742959228137
164.939943	-26.447480571663593
164.960247	-26.534697189286085
164.979964	-26.618632269728916
165.000101	-26.703649186340016
165.019963	-26.78694030343539
165.039919	-26.87030145592383
165.060178	-26.954951244424617
165.079949	-27.037974245350213
165.100723	-27.126021632372698
165.120513	-27.210945612689518
165.140775	-27.29913447078591
165.160125	-27.38460742991438
165.179953	-27.47349349856571
165.199961	-27.5644935563517
165.220203	-27.65785745763553
165.240694	-27.75363659702923
165.260705	-27.848336661088492
165.280959	-27.945298554293913
165.299968	-28.037338887234377
165.319972	-28.135381331664366
165.340007	-28.234922837206856
165.360224	-28.336866477100305
165.379971	-28.437914967293768
165.399987	-28.54169255591723
165.419975	-28.646461429109184
165.439952	-28.75216735435364
165.460155	-28.860108634251286
165.479999	-28.96733376293966
165.499979	-29.07669648715411
165.519984	-29.1876570145433
165.539988	-29.299950930292407
165.560122	-29.414109465397257
165.580194	-29.528884447036273
165.599961	-29.64282223295376
165.61997	-29.759082389376488
165.639985	-29.876238147088817
165.660309	-29.99583596392037
165.679954	-30.111673486586305
165.69998	-30.229586238717733
165.719993	-30.346937554791516
165.739978	-30.46346803436813
165.76006	-30.579822613191656
165.779962	-30.694324863404812
165.800217	-30.809916210288957
165.819986	-30.921674238264522
165.83997	-31.0334588911509
165.860162	-31.145145933687466
165.879966	-31.253439271277966
165.899977	-31.361603751427804
165.919975	-31.46841881730787
165.940209	-31.575164597179477
165.96093	-31.68309733902919
165.980198	-31.782208869174475
166.000247	-31.884148348095625
166.0202	-31.984621454553434
166.040215	-32.084724822616415
166.060173	-32.18424133969983
166.080213	-32.284284237648244
166.099956	-32.38334635371395
166.119968	-32.48455027010446
166.139931	-32.586421288011486
166.160305	-32.691301955022816
166.180207	-32.79454953018444
166.200051	-32.89821142149993
166.220025	-33.00325933366161
166.240203	-33.110136354940344
166.260294	-33.21734937669616
166.279983	-33.32320147929916
166.299974	-33.43144005129622
166.319982	-33.54049825946629
166.33998	-33.65020691236369
166.360393	-33.762863125135446
166.380086	-33.87204870064032
166.399952	-33.98242228037695
166.420205	-34.094828730131965
166.439955	-34.204080670858666
166.460663	-34.31824751892102
166.479982	-34.42465506408418
166.499963	-34.53498532241441
166.519972	-34.64599361069972
166.539974	-34.757411848808545
166.56017	-34.869969992030214
166.579971	-34.97987427262132
166.599961	-35.08997206189546
166.620253	-35.200716230324744
166.639948	-35.30728054968695
166.660154	-35.41578533162885
166.679961	-35.52135851070347
166.700207	-35.62832479214717
166.72071	-35.73543277768857
166.740514	-35.837444189259166
166.760819	-35.94033226629933
166.779936	-36.03547914860056
166.799943	-36.133250097908395
166.820025	-36.22970117824635
166.839991	-36.32416164317573
166.86024	-36.41882482134342
166.879942	-36.51012659351354
166.899954	-36.60226938076962
166.919954	-36.69385431512948
166.939901	-36.784656652536334
166.960539	-36.87789640000989
166.979993	-36.96491564582551
166.99999	-37.05325640120297
167.019974	-37.1403088561113
167.039966	-37.226225065709805
167.060236	-37.312451180930694
167.080208	-37.397033974118436
167.100008	-37.481069263950644
167.120091	-37.56693981598294
167.140042	-37.65309275171931
167.160174	-37.740851520080696
167.17996	-37.82771511496116
167.199965	-37.915906335937585
167.219985	-38.00431651665846
167.240212	-38.093674298903224
167.260323	-38.182545271063915
167.279998	-38.26960624765352
167.299975	-38.3582696812523
167.319953	-38.44732662744143
167.339964	-38.53693600971711
167.360088	-38.627331906608504
167.379988	-38.71678024849687
167.399986	-38.806526822333794
167.419966	-38.89597506536366
167.439954	-38.98532396438302
167.460294	-39.07629252892777
167.479969	-39.164503649673215
167.500001	-39.25463204055964
167.519976	-39.34483760761445
167.539966	-39.43544352055538
167.560296	-39.52797129723483
167.579957	-39.617925227607415
167.599979	-39.71014904363033
167.619986	-39.80304554654629
167.6402	-39.89772496825289
167.660336	-39.99285719149964
167.679957	-40.08627034139316
167.699958	-40.18203933913374
167.720009	-40.27831827499336
167.740052	-40.37449176481724
167.760372	-40.47160240031476
167.78021	-40.56582055632284
167.799973	-40.65905893106288
167.819991	-40.75298961267684
167.840209	-40.847540687445616
167.86001	-40.939990457565635
167.879972	-41.033094051785326
167.899959	-41.12616071617224
167.92001	-41.21926268985491
167.939974	-41.31161027441746
167.960317	-41.40532612837407
167.980214	-41.496645120193975
168.000236	-41.588270520000805
168.019981	-41.6784781493462
168.040234	-41.77102909559535
168.060292	-41.86297286424149
168.079982	-41.95385002089073
168.099993	-42.04722697211255
168.12007	-42.142289897978884
168.13997	-42.238137012193306
168.16004	-42.33657295831617
168.180004	-42.436272402919926
168.199974	-42.537734223605476
168.219976	-42.6410100158918
168.24023	-42.74718721932283
168.260213	-42.853514784705595
168.280141	-42.96121523919296
168.300005	-43.07043891125849
168.319971	-43.18235610365709
168.339946	-43.29662596207886
168.359992	-43.41356910633456
168.379978	-43.5321357644713
168.399982	-43.6523651300415
168.420009	-43.77394664013024
168.440969	-43.90236813859645
168.460112	-44.02090608456325
168.479972	-44.14547107261971
168.499997	-44.27283100206073
168.52002	-44.40180204921643
168.540005	-44.531745827943354
168.560377	-44.66495509096962
168.580188	-44.79487783225487
168.600005	-44.92510147987422
168.620029	-45.05699267494326
168.640068	-45.18934215813472
168.659995	-45.32123786178731
168.679981	-45.45357739885528
168.699964	-45.5856047417072
168.720006	-45.717351820740106
168.739973	-45.847599318460325
168.760056	-45.97732557617649
168.780012	-46.104793164551126
168.800068	-46.23138859061633
168.820067	-46.35614522086981
168.840014	-46.47918956652105
168.860017	-46.601295359931875
168.879978	-46.721972213022546
168.899969	-46.84178112375268
168.919989	-46.960886004808266
168.940015	-47.07938043529658
168.960504	-47.20021602138105
168.980212	-47.316275379243834
169.000026	-47.432913531100695
169.020274	-47.55210851904835
169.039947	-47.66796236043618
169.059999	-47.78622360564219
169.079953	-47.90435152566364
169.099998	-48.02385052651993
169.120038	-48.14456064400987
169.139996	-48.26633700783643
169.160019	-48.39024749893821
169.179973	-48.515468467794584
169.200216	-48.64413490059001
169.220022	-48.77140853790387
169.240091	-48.901532605111434
169.260037	-49.0318057783051
169.279956	-49.16274058730147
169.300079	-49.295894992414475
169.320003	-49.42875109313273
169.339978	-49.56313479060116
169.360003	-49.69909350423768
169.379959	-49.83566314470556
169.400002	-49.97359637716675
169.420401	-50.11445067065748
169.439934	-50.24968278359939
169.46002	-50.38931218288714
169.479965	-50.52892092779441
169.499989	-50.670402299639576
169.519973	-50.813016796311246
169.539983	-50.95702304022091
169.560006	-51.10194839008678
169.579974	-51.24697403453469
169.599979	-51.3926452776639
169.620227	-51.540522912707615
169.639971	-51.685214478095126
169.660003	-51.83243433220929
169.679965	-51.97926303366645
169.699975	-52.126146911262474
169.719982	-52.27230617168028
169.739958	-52.41725468178365
169.759982	-52.56141773875674
169.78033	-52.70670047955134
169.799966	-52.845707431831165
169.820017	-52.98643984125699
169.839979	-53.125386603120035
169.860466	-53.26688460031068
169.880197	-53.402190803958646
169.899982	-53.53695605550832
169.919966	-53.67219055018402
169.939967	-53.806715363713415
169.959974	-53.94061381390254
169.979959	-54.07396756371626
169.999994	-54.20756929079008
170.020204	-54.34250214856004
170.039925	-54.474445684448774
170.06044	-54.61200441360058
170.080382	-54.746037411329915
170.100651	-54.88272184507168
170.120035	-55.01412024897345
170.140082	-55.151018144016355
170.160008	-55.2883069612793
170.180016	-55.42744419850269
170.200031	-55.56783573038387
170.219983	-55.70886405433411
170.239996	-55.85133854322872
170.260363	-55.997400790560995
170.279974	-56.13917243789783
170.300298	-56.28737988791544
170.320026	-56.432541814550255
170.340242	-56.58263272209593
170.360248	-56.732478613590814
170.379961	-56.88143556646418
170.399995	-57.03418098164609
170.419952	-57.187729431292055
170.440027	-57.34358237992319
170.460078	-57.5006036060807
170.479987	-57.65780176123623
170.500255	-57.81909423994077
170.520052	-57.977812186699516
170.540294	-58.14119363777608
170.559974	-58.300922409899634
170.580004	-58.464129912211504
170.599984	-58.62728647587447
170.619963	-58.790565881273984
170.639984	-58.954191672549136
170.660947	-59.12547289553591
170.679977	-59.28090561781003
170.69996	-59.444023985205156
170.720001	-59.60743781422445
170.740265	-59.772400933993865
170.76059	-59.937539543662794
170.780039	-60.0952675188646
170.799958	-60.25657625132276
170.820028	-60.418961231977285
170.840027	-60.580681631865104
170.859942	-60.74163040317526
170.880088	-60.90429119431666
170.900039	-61.065131779429834
170.919986	-61.22560946164954
170.940202	-61.387870847926045
170.959998	-61.546397092228105
170.980242	-61.708193416115655
171.000268	-61.86801447073861
171.019959	-62.0250211064866
171.039953	-62.184381022167145
171.060004	-62.34417719071694
171.080218	-62.50522350304362
171.099965	-62.66236306038545
171.119995	-62.82131984903005
171.13999	-62.979280095330026
171.159998	-63.136409162110674
171.179955	-63.292155528680254
171.199961	-63.44742922354713
171.220017	-63.60247028203876
171.240002	-63.75657088562705
171.260392	-63.913536177174485
171.280247	-64.06618251614755
171.300091	-64.21857147738146
171.320053	-64.37176074934052
171.340187	-64.52628316418765
171.359996	-64.67844530151997
171.379962	-64.83200576357002
171.399964	-64.9859876970945
171.420019	-65.14037591538931
171.440023	-65.29416890654193
171.460509	-65.45125367392158
171.481074	-65.60836462438563
171.500577	-65.75671708658574
171.520806	-65.90987847783039
171.540881	-66.06114329149847
171.559959	-66.20416085082945
171.580112	-66.35437560062265
171.60051	-66.50543919883002
171.620743	-66.65425573992674
171.640827	-66.80102430080132
171.659994	-66.94038413067277
171.679972	-67.08520833885375
171.700212	-67.23180636736282
171.720219	-67.37683662082861
171.739963	-67.52026447627297
171.760466	-67.66973685660292
171.779994	-67.81290391600552
171.800009	-67.96085394364044
171.819991	-68.11013866192235
171.839937	-68.26093948664794
171.860129	-68.41538988561821
171.88005	-68.56934135707783
171.900027	-68.72506903259581
171.919979	-68.8817803005777
171.940247	-69.04209625131793
171.959986	-69.19926497021767
171.98001	-69.35962218354362
172.000002	-69.52040094869442
172.02006	-69.68208996127031
172.040016	-69.84305652811884
172.060094	-70.00489980188371
172.080245	-70.16707884188813
172.10055	-70.33011768423795
172.120026	-70.48600560526751
172.139984	-70.6451036643762
172.160038	-70.80419113854103
172.179989	-70.96159724258
172.200159	-71.11978493002454
172.219977	-71.27420473653874
172.240236	-71.43092701363464
172.260437	-71.58594903426486
172.280064	-71.73524486292636
172.300302	-71.88776414367881
172.320274	-72.03687993305937
172.341453	-72.19360791328111
172.360054	-72.33016462651238
172.380012	-72.47571175257448
172.400277	-72.62275724133772
172.419934	-72.7649269324738
172.439983	-72.90969736966409
172.460336	-73.05661027507645
172.479987	-73.19850936048961
172.500028	-73.34331463649458
172.520248	-73.48949186960044
172.539963	-73.63205727234508
172.560003	-73.77695363123013
172.580004	-73.92146352608165
172.600061	-74.06616299541062
172.620105	-74.21044472070487
172.640304	-74.35545170952453
172.660026	-74.49667228037092
172.680231	-74.64108857162097
172.700048	-74.78263523446783
172.719965	-74.9249702636896
172.740215	-75.06990787889409
172.759993	-75.21179333099148
172.779947	-75.35534976092738
172.800505	-75.50372803398362
172.820041	-75.64520950161848
172.840261	-75.79214404434714
172.860034	-75.93631695776233
172.879948	-76.08203502433864
172.900746	-76.23484940413078
172.920647	-76.38181427372056
172.940751	-76.53119061418238
172.960012	-76.67530341287811
172.980013	-76.82604706533952
172.999998	-76.9777279068202
173.020216	-77.1321285106257
173.039935	-77.28346774004865
173.060057	-77.43843555040182
173.079961	-77.59199916516403
173.099995	-77.7465842449747
173.11997	-77.90051046864492
173.140131	-78.05550681728629
173.160032	-78.2080627968392
173.180051	-78.36104929939692
173.199974	-78.5128246233557
173.220028	-78.66511796485771
173.240062	-78.81678931831567
173.26002	-78.9674452991124
173.279971	-79.1176580528527
173.299964	-79.26785673405914
173.31997	-79.41788379535852
173.33998	-79.56773091899953
173.359994	-79.71745830021712
173.379977	-79.8668594767929
173.399985	-80.01638578046176
173.419966	-80.16564740638849
173.439977	-80.31505571117644
173.45999	-80.46443011579036
173.479977	-80.61369355132598
173.499985	-80.76344883309251
173.519954	-80.91356474390463
173.539955	-81.06486046305615
173.560719	-81.22307192854726
173.579952	-81.37068859004121
173.599976	-81.52539237464008
173.619983	-81.68084837000832
173.639951	-81.83678239707419
173.659993	-81.99403265845044
173.67996	-82.1514343845725
173.699993	-82.31014186460902
173.71999	-82.46942558675796
173.740055	-82.63021862173159
173.760036	-82.79139922253187
173.779963	-82.9532423778131
173.799984	-83.1168991964021
173.819969	-83.2811821349852
173.840027	-83.44686809350416
173.860244	-83.61466567026753
173.879968	-83.77929418991168
173.899986	-83.94756194757213
173.920024	-84.11740202877976
173.940015	-84.28830048924775
173.960004	-84.46049207078178
173.98	-84.63377726347615
173.999967	-84.80756242051565
174.020072	-84.98311182927151
174.040033	-85.1578602982022
174.059999	-85.33302171532964
174.08024	-85.51081692471419
174.099972	-85.68412384166804
174.119971	-85.85948316424194
174.139964	-86.03425116887878
174.160037	-86.20899414780186
174.180228	-86.38389665326052
174.200204	-86.55594429894933
174.220137	-86.72648617036756
174.239933	-86.894606345422
174.260002	-87.06373433013442
174.279963	-87.230710549773
174.299989	-87.39711548937792
174.320024	-87.56259815719132
174.339966	-87.72636657077922
174.360202	-87.89158063214194
174.380076	-88.0529122932871
174.400011	-88.2139581911876
174.420191	-88.37648301352715
174.439991	-88.53579070804695
174.460265	-88.6990098256494
174.479962	-88.85776972399962
174.499972	-89.01920655297347
174.520039	-89.1812176030553
174.539985	-89.3424362389993
174.560196	-89.50619272949542
174.579953	-89.66691676443627
174.599965	-89.8305643910537
174.620709	-90.00112691906845
174.640564	-90.16517468982815
174.659973	-90.32615268439191
174.680457	-90.49653272115049
174.700684	-90.66514510114578
174.719974	-90.82624491513009
174.739961	-90.99345028684884
174.759993	-91.1613060610515
174.779968	-91.32894948743514
174.799962	-91.49700827335074
174.820011	-91.66576745534094
174.840215	-91.83603099964479
174.860277	-92.00521786606583
174.880003	-92.17156202443513
174.900225	-92.3419060055138
174.920017	-92.5082818414924
174.940236	-92.67780552307069
174.96002	-92.84331866028936
174.980008	-93.01041336902306
175.000002	-93.177771700798
175.020027	-93.34589830078487
175.039979	-93.51404530170282
175.060051	-93.68377262051396
175.079979	-93.85267269666619
175.100012	-94.02270838274276
175.119974	-94.1923533478638
175.139969	-94.36254715722028
175.159997	-94.53332739009441
175.180228	-94.70605609278172
175.200013	-94.87494776747117
175.220096	-95.04602092580387
175.240285	-95.21732309735467
175.25997	-95.38349561356944
175.280055	-95.55209458625673
175.300046	-95.7189536262499
175.319991	-95.88449197524038
175.340043	-96.04998177727619
175.360284	-96.21610338814904
175.379972	-96.37684643310284
175.400222	-96.54143438165657
175.420018	-96.70174078445496
175.440239	-96.86497480362148
175.460022	-97.0241648699387
175.480005	-97.18436109865016
175.499981	-97.34379005445767
175.519973	-97.5025869026938
175.539942	-97.66049144629596
175.560041	-97.81883243893735
175.579976	-97.97543072068729
175.600001	-98.13239464478971
175.620041	-98.28923142870649
175.640003	-98.44534038037659
175.660008	-98.60185520504383
175.680005	-98.75860526094819
175.700216	-98.9175423447675
175.71999	-99.0736611501165
175.740215	-99.2339881167867
175.75998	-99.3912415697286
175.779969	-99.55077587549005
175.79996	-99.71076603487596
175.819987	-99.87146212393428
175.840218	-100.03422838410735
175.860001	-100.19386061083108
175.879961	-100.35548773440019
175.899972	-100.51822932459616
175.920017	-100.68208506792787
175.939976	-100.84613866019384
175.95999	-101.01149019817069
175.980009	-101.17755339823148
175.999958	-101.34349458015498
176.020234	-101.51249359136618
176.040463	-101.68146715587025
176.059968	-101.84489840521215
176.079961	-102.01310354012688
176.100259	-102.18462497379127
176.119965	-102.35176852857126
176.140738	-102.52840833998744
176.16076	-102.6989053281466
176.180916	-102.87070414855242
176.199951	-103.03311374028362
176.219974	-103.20415413342835
176.23999	-103.3752749113831
176.260217	-103.54814372582
176.2809	-103.72454135513586
176.299955	-103.8863992415618
176.319965	-104.05538950166556
176.339987	-104.22327997290293
176.359989	-104.38964540668728
176.379971	-104.5543745430805
176.400206	-104.71962240113378
176.419993	-104.87965078931141
176.439929	-105.03934634534042
176.460321	-105.20122031939971
176.47997	-105.35590661294034
176.500222	-105.51414644080052
176.519988	-105.66753250789145
176.540279	-105.8239919672627
176.560011	-105.97523388356298
176.580056	-106.12801610297927
176.600059	-106.27968827797615
176.620288	-106.4323639100216
176.63994	-106.5801336931587
176.660224	-106.73232111867878
176.679975	-106.88050278031454
176.699964	-107.03081958934546
176.72024	-107.18393674935862
176.740214	-107.33551939181835
176.759989	-107.48625033005001
176.779981	-107.6390912769708
176.799952	-107.79200295905702
176.820003	-107.94561152880662
176.840183	-108.10024762494368
176.859981	-108.25202226829597
176.879987	-108.40552067532542
176.899955	-108.55894287951935
176.919965	-108.71301991105612
176.939976	-108.8675699383812
176.959946	-109.02236597598163
176.980426	-109.18169184017319
177.000041	-109.33472210325786
177.02001	-109.49077226102912
177.039981	-109.64696382458611
177.059955	-109.80332071848628
177.079997	-109.96052611026569
177.10007	-110.11852907844435
177.119997	-110.27609374222729
177.14	-110.43496247022443
177.159982	-110.59418763739818
177.179969	-110.75371538239986
177.199992	-110.91355628136827
177.219972	-111.07292300227809
177.239983	-111.23231678710775
177.259994	-111.39141743784
177.279977	-111.5499035469757
177.299983	-111.7080493940374
177.319951	-111.86524042468508
177.340022	-112.02248404555701
177.360001	-112.17820518186264
177.379968	-112.33303607250394
177.400207	-112.48920967583007
177.419965	-112.64098184708872
177.439978	-112.7940800710452
177.460005	-112.94672076994198
177.479994	-113.09857988341587
177.500001	-113.25015879411195
177.519974	-113.40113915497113
177.539944	-113.55182092074665
177.559983	-113.7027863610537
177.579975	-113.85316164406393
177.600298	-114.00574070853351
177.620053	-114.15369748009071
177.64004	-114.30294258786107
177.659992	-114.45142984729047
177.680007	-114.59992453941587
177.700003	-114.74796223135367
177.719985	-114.89581646772008
177.739975	-115.0439189208554
177.759968	-115.1924571485243
177.779965	-115.34155823479679
177.799974	-115.49127983153315
177.82001	-115.6416396847737
177.839965	-115.79169091944995
177.860315	-115.9448872015905
177.879963	-116.09287555780571
177.900275	-116.24589473259711
177.919978	-116.39435568463776
177.940308	-116.54762610774533
177.960861	-116.70276104245863
177.979952	-116.84712575869266
178.000207	-117.00062697566905
178.020154	-117.15209694288605
178.040557	-117.30725319081544
178.061146	-117.46398102941241
178.079945	-117.60726258219096
178.099965	-117.7602186015583
178.12023	-117.91568220467332
178.140477	-118.07186789093299
178.160781	-118.22943212326231
178.180001	-118.37937524295407
178.200251	-118.53797180256845
178.221043	-118.70122663564082
178.23998	-118.85016684857561
178.259986	-119.00772651878492
178.280206	-119.16714536302013
178.299987	-119.32316897588156
178.320019	-119.48103554765682
178.340223	-119.63984957687259
178.35999	-119.79457698893191
178.380197	-119.95190749942422
178.399999	-120.10519559504779
178.419969	-120.25890202567875
178.440249	-120.41413765579955
178.459977	-120.56433131583351
178.479951	-120.71556202556071
178.499969	-120.86628938692894
178.519997	-121.01631323231558
178.540033	-121.16574813326484
178.560234	-121.31592452386319
178.579958	-121.46219798081465
178.599979	-121.61033220979449
178.62004	-121.75833579898014
178.640056	-121.9054540714481
178.659984	-122.05128409012725
178.679961	-122.1968168762417
178.700011	-122.34226359585912
178.72004	-122.4869691587732
178.74002	-122.63070452483903
178.760226	-122.77537330350698
178.780183	-122.91753894269804
178.799971	-123.05785350905036
178.820055	-123.1998005797101
178.840035	-123.34080749552659
178.860015	-123.4818492435867
178.88002	-123.62325313655722
178.900081	-123.76528104418291
178.920051	-123.90685007065788
178.939955	-124.04804871815334
178.959989	-124.19015814231295
178.980101	-124.33268847009658
178.999968	-124.47323949479873
179.020034	-124.61488617483273
179.040053	-124.75591670920038
179.059999	-124.89628854576797
179.079957	-125.03681308727201
179.099958	-125.1779111430055
179.121078	-125.32730727694924
179.140265	-125.463402517707
179.160247	-125.6054907020271
179.179977	-125.74616761995719
179.200067	-125.88996480151353
179.220047	-126.03380016571523
179.240024	-126.17872300278384
179.260131	-126.3258875607001
179.279974	-126.472432043981
179.299961	-126.62127972831196
179.320004	-126.77167677112585
179.340202	-126.9243044351621
179.360039	-127.07522884858598
179.380292	-127.23035538470245
179.399995	-127.38224582612668
179.419955	-127.53703622795906
179.439978	-127.69313772288724
179.460025	-127.85013305324001
179.480191	-128.00863147082805
179.499965	-128.16443586200887
179.519987	-128.32237057315058
179.539971	-128.47994559940267
179.560233	-128.6394262354582
179.579955	-128.79419523214068
179.600203	-128.95246494850701
179.619976	-129.1062650719841
179.639955	-129.2607372344257
179.659998	-129.41459045647957
179.680173	-129.5681822212024
179.699974	-129.71760450938115
179.720201	-129.8689213109864
179.740247	-130.01767410659585
179.760232	-130.16486033904883
179.7806	-130.3137564391676
179.799965	-130.4542197718942
179.820025	-130.59853900285555
179.839969	-130.74090064321678
179.860051	-130.88333447895144
179.880656	-131.02890656734013
179.899977	-131.16525150859619
179.920019	-131.30683775932548
179.94016	-131.44944313377766
179.960303	-131.592400547247
179.980441	-131.73558907058768
180.000504	-131.87841768432384
180.02083	-132.02322318526413
180.040233	-132.1615210264795
180.060044	-132.302802931868
180.080255	-132.44706326894675
180.099978	-132.58804543055678
180.119994	-132.7314231046225
180.139996	-132.8750595549235
180.160253	-133.0208782713862
180.180785	-133.16895465728314
180.201004	-133.31496613181375
180.219992	-133.45225836794287
180.24031	-133.59944073865233
180.260024	-133.74265214438304
180.28001	-133.88833370345526
180.300071	-134.03499344186216
180.320011	-134.18098043137408
180.340095	-134.32795897821836
180.360076	-134.47392522553648
180.380104	-134.61994112024223
180.400011	-134.76488407197178
180.420001	-134.91036307528475
180.440046	-135.05619489031423
180.459948	-135.20080330063954
180.480071	-135.34657617463424
180.499983	-135.4901095816033
180.519981	-135.63334363370132
180.539931	-135.77522158054987
180.560022	-135.91708193702695
180.579997	-136.05716013313892
180.600058	-136.19693923619005
180.620054	-136.33542296583593
180.640314	-136.47492267613342
180.659981	-136.60957106329946
180.679968	-136.74562652900818
180.699969	-136.88096514682704
180.719965	-137.0154099663965
180.739982	-137.14907537294147
180.760319	-137.28387708888383
180.779961	-137.41304172749705
180.800254	-137.54535953557217
180.819995	-137.6729348817716
180.839932	-137.8006160091962
180.86025	-137.9296155163186
180.879966	-138.05383719447386
180.9001	-138.17989891344084
180.920031	-138.3040744934276
180.940024	-138.4281247236776
180.959952	-138.5512845248287
180.980048	-138.67496963168605
181.000061	-138.79763986804295
181.019971	-138.91927636568536
181.039924	-139.04098253864288
181.060302	-139.1653805877409
181.079954	-139.2857563833231
181.09997	-139.40908656399185
181.119989	-139.5334418246568
181.140239	-139.66050964699528
181.160009	-139.7860364312011
181.179984	-139.91453013090833
181.200278	-140.04688466296352
181.220305	-140.17933454635255
181.239976	-140.31124789623453
181.260111	-140.44815212800893
181.279979	-140.5851535905643
181.300019	-140.72537713313258
181.320289	-140.86939406817268
181.341083	-141.01945473800873
181.360208	-141.1595762712595
181.380069	-141.30711869363302
181.400028	-141.4571888822385
181.41997	-141.60871539774038
181.43994	-141.7619583084393
181.46002	-141.91764843774536
181.479959	-142.07404293829654
181.49998	-142.23307818387775
181.520238	-142.39607274535138
181.539989	-142.55689001897548
181.560239	-142.72347728674004
181.579973	-142.88725522120345
181.599969	-143.05454932765764
181.62003	-143.22377381288197
181.639985	-143.39363061851793
181.660033	-143.56597981618344
181.680017	-143.73958113954274
181.700342	-143.91798699017485
181.720024	-144.09244896525962
181.739952	-144.2706627472493
181.759959	-144.45097837788765
181.779948	-144.63233954218234
181.799953	-144.8148777933723
181.819974	-144.99842730242617
181.840027	-145.18296762037568
181.860197	-145.3691019551246
181.879935	-145.551558129983
181.899956	-145.73673215726464
181.919975	-145.92177805870216
181.94	-146.10655814303746
181.960002	-146.29058146410358
181.97999	-146.47368456743823
182.000158	-146.65737327063857
182.02022	-146.8387961502794
182.039962	-147.0158727775102
182.060028	-147.19429598009924
182.07997	-147.37005974049765
182.100968	-147.55351355489887
182.120448	-147.72220890135983
182.140965	-147.89829023935908
182.160038	-148.0604953409968
182.180668	-148.23440940857571
182.201203	-148.40617027962816
182.220098	-148.56319950723613
182.240048	-148.72818390074244
182.260311	-148.89515355546172
182.279978	-149.05678802184914
182.300251	-149.22310464246442
182.320024	-149.3851800853261
182.34027	-149.5511864666758
182.360047	-149.71362033047626
182.379959	-149.87765226478285
182.399964	-150.04311472168226
182.419993	-150.2095583404757
182.439975	-150.37646477257425
182.46004	-150.54497076223697
182.480266	-150.7157845953716
182.499971	-150.8831687130201
182.519993	-151.05427056133178
182.540035	-151.22661611554366
182.560254	-151.40163923188385
182.579968	-151.5735306921495
182.600063	-151.75016169890736
182.619986	-151.92684149370035
182.639996	-152.1059662383085
182.660075	-152.28740941237635
182.680003	-152.4691306651738
182.69996	-152.65271860156906
182.719984	-152.83856932830082
182.739992	-153.02606366068548
182.760251	-153.21792410658463
182.779967	-153.4067320956695
182.79996	-153.60028084074202
182.820038	-153.79653905994053
182.840018	-153.99340336912783
182.860016	-154.19169847388994
182.880044	-154.39129665784057
182.90001	-154.5910736209805
182.920076	-154.79241747117652
182.940176	-154.99435094690998
182.960093	-155.1942972755054
182.979982	-155.39339883153644
183.000043	-155.5932794796633
183.020076	-155.79163978307432
183.040081	-155.9882443362586
183.060397	-156.18619943680716
183.079998	-156.37538686156844
183.099987	-156.56641290094848
183.120206	-156.75778627506674
183.140033	-156.9438815010307
183.160296	-157.13285391009777
183.179992	-157.3157680751901
183.199985	-157.50099640383408
183.220024	-157.6863933812467
183.240041	-157.87137098363598
183.260127	-158.05673871417935
183.279978	-158.23968484871426
183.300005	-158.4240724306114
183.320079	-158.60886805685436
183.340054	-158.79291768665772
183.360246	-158.97931173253505
183.379985	-159.16200778904056
183.399989	-159.34779118970206
183.420005	-159.5344933853638
183.439997	-159.72198350194526
183.459982	-159.91062633646675
183.479945	-160.10043877901305
183.500225	-160.2947486600832
183.520097	-160.48661417846384
183.539981	-160.68003590074744
183.560169	-160.87785193197342
183.579996	-161.07353686640403
183.599985	-161.27225210812256
183.620057	-161.47325430738644
183.640275	-161.6772187688922
183.660036	-161.87805645881926
183.679999	-162.08242476300236
183.700096	-162.2895554389458
183.720042	-162.4963263159899
183.740075	-162.70497524341445
183.760439	-162.91789699211245
183.779974	-163.1229401234187
183.800316	-163.3374550267923
183.819986	-163.546100693915
183.840024	-163.760046852357
183.860132	-163.9760715392418
183.879987	-164.19040504978673
183.899982	-164.4069215453373
183.920236	-164.62666824444798
183.940028	-164.84177143125382
183.960244	-165.061961876009
183.980058	-165.27833737048354
184.000085	-165.4975527936505
184.020064	-165.71649931216209
184.04024	-165.93744997547844
184.059971	-166.15290527322176
184.080142	-166.3720501128586
184.100004	-166.58630727284915
184.120005	-166.80015188642403
184.13999	-167.01163756856548
184.160193	-167.22304997757348
184.180112	-167.42907248652006
184.19997	-167.63202925780075
184.219974	-167.83400343683664
184.240064	-168.0343410607231
184.260267	-168.23332344091148
184.280002	-168.42542962682919
184.300071	-168.6187942096226
184.320005	-168.80930451830727
184.340074	-169.0000138399436
184.360158	-169.19023340292688
184.380215	-169.3800002645143
184.400032	-169.56772798139755
184.420103	-169.75853534172384
184.440015	-169.9489087869878
184.460127	-170.14260066892564
184.480014	-170.33567243840852
184.49997	-170.53094621483217
184.520051	-170.72882291695436
184.540238	-170.9288928365218
184.560168	-171.12730544791356
184.579973	-171.3251576882083
184.600209	-171.52789685493374
184.619957	-171.72631788644236
184.639956	-171.92797100119435
184.660089	-172.1319068645416
184.679966	-172.33437058442834
184.699983	-172.53947830027235
184.719966	-172.7453946560529
184.74016	-172.95451494700902
184.760358	-173.16462055910404
184.780532	-173.37548570441908
184.799963	-173.57974772826176
184.820072	-173.79253354623776
184.84002	-174.00503301032532
184.860012	-174.21923221950706
184.879956	-174.43380920426816
184.899976	-174.64976037787955
184.91997	-174.86575071543953
184.939984	-175.0821353401974
184.959979	-175.29835149337467
184.980112	-175.51586340048743
185.000103	-175.7313069067912
185.019971	-175.9445099226571
185.039935	-176.15746889592825
185.060208	-176.3721422433963
185.079955	-176.5794914097348
185.100004	-176.78806820657496
185.120221	-176.99633360270195
185.139989	-177.19795204999744
185.160202	-177.40213661165365
185.179975	-177.6001169347777
185.200266	-177.80169006682635
185.219964	-177.99604350069902
185.240033	-178.19294878584319
185.260304	-178.39100369367137
185.279979	-178.5827264590559
185.300379	-178.78124627627543
185.320012	-178.97217264812846
185.340131	-179.1676851659055
185.360126	-179.361790425367
185.379965	-179.55419782780584
185.40079	-179.75617685575205
185.419984	-179.94268268619453
185.439993	-180.1378534749762
185.459992	-180.33394596990405
185.479968	-180.53092416182437
185.500203	-180.7315311612694
185.520087	-180.9296143546035
185.540055	-181.12940961294694
185.560225	-181.33204276218078
185.579972	-181.53114795476247
185.600026	-181.7339901606292
185.620234	-181.93898687595046
185.63999	-182.14003575081622
185.660014	-182.34461336137787
185.679985	-182.54961151142433
185.700418	-182.76038776530086
185.720048	-182.96377238030678
185.739977	-183.17098779060552
185.760202	-183.38194507839097
185.779983	-183.58903693310992
185.800101	-183.80069106873032
185.820303	-184.01446222554796
185.840216	-184.22632878114004
185.860023	-184.43785955522873
185.88	-184.6514993521503
185.900052	-184.86581466934422
185.920001	-185.07872051777355
185.940051	-185.2924219331121
185.960262	-185.50763268117072
185.980022	-185.717800344798
186.00004	-185.93025357480843
186.020266	-186.1441177800675
186.040279	-186.35460379073243
186.06002	-186.5608506632339
186.07999	-186.76791087086355
186.100003	-186.97373310001802
186.120354	-187.18131180544515
186.139984	-187.3799782823531
186.160031	-187.58147162065632
186.180001	-187.78102934035132
186.200062	-187.9805005158818
186.219991	-188.1777376018101
186.240129	-188.37610557655933
186.259977	-188.5706922581693
186.27999	-188.76603783222907
186.300049	-188.961127852206
186.320133	-189.15594698478762
186.340003	-189.3483530918216
186.360051	-189.542284092684
186.379969	-189.73489785887645
186.400023	-189.9289351742565
186.419963	-190.12217314450373
186.439997	-190.31681430622385
186.459974	-190.5115247819318
186.479954	-190.70694596894728
186.499977	-190.90346373652218
186.520036	-191.10095602474829
186.540021	-191.2982409974173
186.560872	-191.5044807647606
186.580546	-191.69933026673104
186.600809	-191.9002032336092
186.620068	-192.0913662402656
186.640105	-192.29071400786754
186.659994	-192.48932492801978
186.679968	-192.6897395452627
186.700041	-192.89216066363224
186.719997	-193.09430416903
186.740024	-193.29792354155853
186.75998	-193.50152879397328
186.779956	-193.70616726212887
186.799969	-193.91223043103332
186.81996	-194.11925247947033
186.839932	-194.3271820892332
186.860333	-194.540374302654
186.879976	-194.7459623814492
186.899989	-194.95532360001272
186.919967	-195.16394552937155
186.939968	-195.37230297790566
186.959939	-195.57976151329265
186.980082	-195.78827658204295
187.000013	-195.99363829387192
187.020012	-196.19842842700402
187.039996	-196.4014690365561
187.060247	-196.60530901721555
187.079981	-196.80184693957997
187.100031	-196.99923513231684
187.119999	-197.19346156933275
187.140231	-197.38792993699744
187.160333	-197.5790295573467
187.179975	-197.7639698014555
187.200196	-197.95285368983153
187.219989	-198.1365698825244
187.240299	-198.3241541998804
187.260346	-198.5086155717696
187.280186	-198.69067542603253
187.299964	-198.87182516382038
187.320019	-199.05527774234562
187.340082	-199.23864360069635
187.360024	-199.42081812569702
187.379957	-199.60294998446966
187.399974	-199.78609931854677
187.420221	-199.97188932951553
187.439974	-200.15395433959566
187.4604	-200.3432818250541
187.479975	-200.52582848405459
187.499978	-200.71345318464085
187.520225	-200.90430970401727
187.539986	-201.09129597233905
187.560309	-201.28412166754208
187.579951	-201.47085253805986
187.599975	-201.6615595935709
187.620045	-201.85314513378853
187.640013	-202.04438247289767
187.660037	-202.23699739403196
187.679961	-202.42965279437652
187.699959	-202.6241048746907
187.719971	-202.81977045627482
187.739946	-203.01612450319308
187.760414	-203.21842622630825
187.77995	-203.41267727397408
187.799944	-203.61284745216074
187.819953	-203.81469800662057
187.839968	-204.01819546103093
187.860217	-204.22555872733457
187.88016	-204.43096548775446
187.900238	-204.63855519091715
187.919987	-204.84313435677106
187.940288	-205.05351740345836
187.959988	-205.25755664642458
187.980214	-205.4667956288865
188.000244	-205.67363234123468
188.020281	-205.87996992165304
188.03995	-206.08167638565698
188.059966	-206.28574746334112
188.079961	-206.48810049256753
188.099964	-206.6888256640456
188.119975	-206.88787256421796
188.139929	-207.08470082389582
188.159978	-207.2810095112359
188.179974	-207.4755758874635
188.200078	-207.67015709315913
188.220032	-207.86238626606294
188.240054	-208.05444958856623
188.260079	-208.24581221297194
188.280247	-208.4379721843652
188.29998	-208.62569851939998
188.319993	-208.81615503692166
188.339981	-209.0068153971932
188.359976	-209.19828810869322
188.379985	-209.39081632954296
188.400277	-209.58705607544695
188.420231	-209.78099259882367
188.440006	-209.97415685128914
188.460565	-210.1760597906177
188.4802	-210.37004313098157
188.500035	-210.56729490107568
188.519957	-210.76678198248925
188.540011	-210.9689536446631
188.559982	-211.1715421876171
188.580092	-211.37664351450536
188.600248	-211.5831575581284
188.620011	-211.78646976535873
188.64039	-211.99697225478383
188.660894	-212.2097359714735
188.680782	-212.41720567736314
188.700981	-212.62914699772398
188.719998	-212.8298284783332
188.740267	-213.04480096810494
188.760517	-213.26048142735186
188.780227	-213.47122963439148
188.80004	-213.68400444271563
188.820061	-213.90017215379362
188.840045	-214.11730117928886
188.859987	-214.33538021739665
188.88019	-214.55759649479057
188.900232	-214.77907195242605
188.919984	-214.99815032289376
188.940016	-215.22105147860034
188.959978	-215.443860650625
188.980003	-215.66799842715744
189.00025	-215.89505636503554
189.01998	-216.11640718785318
189.040009	-216.34078983930692
189.059988	-216.56388614946127
189.079976	-216.78600306859775
189.100279	-217.0102033374097
189.120213	-217.22863470153055
189.140034	-217.44386355581508
189.160396	-217.66274263185232
189.179961	-217.87086439672646
189.200044	-218.08237200948022
189.22001	-218.29080010009335
189.240245	-218.50049908296464
189.260375	-218.70790883761592
189.279988	-218.90910117877044
189.300031	-219.1140352100371
189.31999	-219.31764269937932
189.339952	-219.52097014452303
189.36005	-219.7254889635988
189.379955	-219.92795210287483
189.400039	-220.1322648017768
189.42001	-220.33562485487795
189.439991	-220.53948937655792
189.459988	-220.74411423029224
189.480207	-220.9517396152967
189.499955	-221.15526146677283
189.519973	-221.36223692300896
189.539972	-221.56955489186387
189.559955	-221.7770897345883
189.579989	-221.98538336667417
189.599987	-222.19340614548736
189.620288	-222.40462724636666
189.640371	-222.61367556828523
189.659994	-222.81819404766628
189.680008	-223.0273048909016
189.700238	-223.2394706102608
189.720058	-223.44835125151022
189.739978	-223.6594977356335
189.760372	-223.8771081221616
189.779961	-224.08775158078447
189.800003	-224.3052127101231
189.820244	-224.5270395736828
189.840034	-224.74614234314828
189.860433	-224.97406983195884
189.880202	-225.19653876225746
189.899977	-225.42010651805433
189.919958	-225.64654269164495
189.940027	-225.8741814672278
189.960369	-226.10496263803756
189.979962	-226.3272224296412
189.999974	-226.55411455705672
190.019995	-226.78078292367942
190.040012	-227.00675338322705
190.06023	-227.23393078094227
190.079953	-227.45413013552073
190.099969	-227.67588090196517
190.119975	-227.89568537522146
190.140008	-228.11400865963805
190.159987	-228.3301506158868
190.179968	-228.54491459890977
190.199966	-228.75856000867802
190.220227	-228.97365916817776
190.23998	-229.18192874759924
190.26	-229.39149545374627
190.279974	-229.5991864854547
190.300905	-229.81572962211078
190.319965	-230.01239165825888
190.339997	-230.2190458906568
190.360425	-230.43016596536626
190.380183	-230.63500279699855
190.400479	-230.84627768842572
190.419954	-231.0500225468843
190.440009	-231.26109295834996
190.460252	-231.47557909592567
190.480346	-231.68994645006637
190.500479	-231.90605621013603
190.520661	-232.12377299753325
190.540056	-232.33381261954003
190.560268	-232.55343447806044
190.579983	-232.76840639380038
190.600246	-232.9902377580869
190.620323	-233.21099188615742
190.64002	-233.4284972190563
190.660232	-233.65255051586794
190.679967	-233.87206377241634
190.699967	-234.09527271566034
190.71997	-234.31938711495567
190.740037	-234.54534304307657
190.760276	-234.774696567178
190.779967	-234.99958689846576
190.800199	-235.23273660127506
190.819997	-235.46312330570942
190.840011	-235.69841386315042
190.860148	-235.93763105952965
190.879989	-236.1758271934239
190.900029	-236.4189703769167
190.919989	-236.66369279714178
190.939973	-236.91118498517855
190.959986	-237.16131898901938
190.980013	-237.41358935591592
191.000008	-237.66699992475353
191.019984	-237.9212636038107
191.039991	-238.17659322281193
191.060434	-238.43780015760913
191.080102	-238.68911309364563
191.100002	-238.94316057409495
191.120226	-239.20091338704194
191.139975	-239.4520296598365
191.159973	-239.70557251564574
191.180012	-239.95873510133765
191.199994	-240.21008561252475
191.220005	-240.4604600760563
191.23997	-240.7086305119261
191.260591	-240.96296924784116
191.2803	-241.20393027166833
191.30013	-241.44411937532877
191.320004	-241.68263302377468
191.340055	-241.92122930866043
191.360911	-242.16753956964362
191.379967	-242.39108403475853
191.400016	-242.62477480327692
191.419965	-242.85575447295872
191.43997	-243.0857169732812
191.459977	-243.3139683647238
191.480231	-243.54335116889428
191.499986	-243.76565343190686
191.519993	-243.98965079430943
191.540023	-244.21307170785042
191.560234	-244.43793048766497
191.580346	-244.66133129705025
191.600269	-244.88251171754953
191.620017	-245.10190614686783
191.640049	-245.32492687770625
191.660587	-245.5543556991015
191.679998	-245.77211466934432
191.700051	-245.9980981429056
191.719975	-246.2236064785748
191.74006	-246.45181796010328
191.760082	-246.6800685679233
191.780177	-246.90981271034065
191.799945	-247.13643225966476
191.819958	-247.36651461417452
191.83997	-247.59732564781532
191.860128	-247.83066809976484
191.879943	-248.06094599065253
191.900082	-248.29592942072247
191.920252	-248.5321795667747
191.939938	-248.7635699689511
191.959941	-248.9994203984702
191.979963	-249.23616069212895
191.999989	-249.473606689558
192.020004	-249.71167207179107
192.040279	-249.95378537062578
192.060641	-250.1981336017035
192.080049	-250.4323246136679
192.100236	-250.67723026393793
192.119983	-250.91785488448082
192.139989	-251.16236455827732
192.159981	-251.40713634277492
192.180038	-251.65300252735054
192.200009	-251.89812961713955
192.220054	-252.14453735964148
192.240248	-252.39311122699203
192.260048	-252.63697467940008
192.279982	-252.88234791570898
192.299972	-253.1280137269132
192.31996	-253.37311268045897
192.340018	-253.61848365584905
192.359938	-253.8615661928618
192.379963	-254.10525268572758
192.400006	-254.34833896023807
192.420014	-254.59004364504537
192.440235	-254.83331373967522
192.46022	-255.07285820319453
192.480207	-255.31175982302074
192.499953	-255.54734237410938
192.51996	-255.7857182216053
192.540049	-256.0247423138547
192.559979	-256.2614682412902
192.580056	-256.4994737181842
192.600007	-256.7355548431643
192.620003	-256.97185461104397
192.640234	-257.21075945829455
192.660003	-257.4441525865702
192.679981	-257.68003003522693
192.700016	-257.9166688004453
192.719976	-258.1526226778977
192.740038	-258.3901484827614
192.760278	-258.6303296730908
192.779977	-258.8647521543671
192.800035	-259.1041585854602
192.820043	-259.34361779132865
192.839946	-259.58233830499057
192.859997	-259.8232138064209
192.879956	-260.0632724299659
192.899987	-260.30450287704195
192.920327	-260.54991271820177
192.940029	-260.7883075789126
192.959927	-261.0300145063021
192.980028	-261.2752854891483
192.999974	-261.5197145763796
193.020171	-261.7680583977209
193.040044	-262.01295544588305
193.060219	-262.2619301198668
193.080039	-262.5069206616502
193.100225	-262.75712885477003
193.120223	-263.00607417711336
193.140049	-263.2541851023729
193.160234	-263.5080691034687
193.18	-263.75757801150536
193.20008	-264.0114336821041
193.220034	-264.2636146605206
193.240076	-264.51657581002775
193.259971	-264.7673177698406
193.280332	-265.0236084344763
193.299995	-265.2707626408689
193.319995	-265.52158180458616
193.340091	-265.77266719307954
193.360054	-266.02076556583
193.379967	-266.2666208093525
193.399973	-266.5118569435113
193.419986	-266.75542763379224
193.440036	-266.9978001903255
193.460032	-267.2379903853634
193.479978	-267.47612175066183
193.500041	-267.7141956172772
193.520103	-267.95079584158407
193.539968	-268.1836521642961
193.56003	-268.4174842482214
193.580089	-268.65012506035555
193.599966	-268.8797285035202
193.620012	-269.1105807539016
193.63998	-269.3400700252127
193.659984	-269.56978245551227
193.679993	-269.79971673161134
193.700044	-270.03073866951183
193.719967	-270.2613499942668
193.73998	-270.4944606587044
193.759992	-270.72923840102203
193.779975	-270.96537856496997
193.79997	-271.2032422437587
193.819975	-271.4426193767049
193.840029	-271.68379050941076
193.860238	-271.9278688276231
193.879973	-272.16708320388045
193.900078	-272.41152276033836
193.920059	-272.6551262143129
193.940032	-272.89936541286266
193.960022	-273.14474045194066
193.979982	-273.3909268171426
193.99999	-273.6390833081266
194.020035	-273.88913427667353
194.039965	-274.13910556393233
194.059978	-274.39137666731915
194.079993	-274.6449037335403
194.100072	-274.90054015112264
194.120043	-275.15616164276076
194.140037	-275.41338572122584
194.159987	-275.6711088495213
194.179995	-275.9302709877371
194.200278	-276.1933016804673
194.219988	-276.4489189597163
194.240207	-276.71098796575524
194.260016	-276.96747313574457
194.279993	-277.2256750643862
194.300086	-277.48461615962947
194.31998	-277.73986949353224
194.340006	-277.9953229928604
194.35996	-278.2480931469488
194.380002	-278.500040362732
194.399978	-278.7491619237033
194.419971	-278.9965070542063
194.441091	-279.2557595188859
194.459954	-279.48557825020833
194.48	-279.7280791066343
194.500102	-279.96962588371434
194.52036	-280.21152807817276
194.540764	-280.45385592425095
194.560695	-280.68964822350904
194.579968	-280.91731149958514
194.600236	-281.1570693897871
194.620321	-281.3956850738066
194.640789	-281.6404228091358
194.660971	-281.88357372564116
194.680965	-282.1263593217502
194.69997	-282.35894144818724
194.720017	-282.6061941443325
194.739976	-282.85431585588617
194.75997	-283.1048484965666
194.779973	-283.3573977768106
194.799979	-283.611718508953
194.819997	-283.86771887729327
194.840029	-284.12526176673947
194.859992	-284.38319436376895
194.87998	-284.6427109351132
194.90022	-284.90678357859434
194.920038	-285.1666228457802
194.940366	-285.4344930052921
194.96021	-285.6973712012253
194.980005	-285.96106650164916
195.000237	-286.2321187719576
195.019976	-286.49801328949934
195.039988	-286.7689371746929
195.059983	-287.04088415133407
195.079981	-287.31411302033445
195.100222	-287.59197328841964
195.120237	-287.86803692246815
195.140215	-288.14472761548495
195.159958	-288.4189096238951
195.17998	-288.697220600378
195.199953	-288.97467047437624
195.220283	-289.25667913980647
195.23996	-289.52926679545584
195.259972	-289.80626257362854
195.279973	-290.08293512529156
195.300072	-290.36065190382044
195.32006	-290.6361894294644
195.340046	-290.9106338935335
195.359934	-291.18231025980106
195.379997	-291.45472009690303
195.399978	-291.72428821662965
195.420004	-291.99273626598665
195.440018	-292.25931589559076
195.459979	-292.5234819200476
195.479988	-292.7865543740908
195.500097	-293.04922201894743
195.520214	-293.3103849495552
195.540237	-293.5689673012268
195.559972	-293.82284976413297
195.579964	-294.07947391901126
195.600975	-294.3490072779473
195.619973	-294.5928465614577
195.63999	-294.85008092082325
195.659989	-295.10751716011265
195.680207	-295.36835439033325
195.700085	-295.6255969283876
195.720028	-295.88474747818185
195.740033	-296.1460064591027
195.760016	-296.40837336728185
195.780052	-296.672752756443
195.800075	-296.9380609475496
195.820063	-297.20374749059806
195.840298	-297.4733573644957
195.859983	-297.73615142528547
195.879997	-298.00385682060386
195.900619	-298.28032431974424
195.920066	-298.5417671131078
195.940051	-298.8112955259182
195.960352	-299.0859360103127
195.979997	-299.35235310833207
196.000019	-299.624277595828
196.020069	-299.89677317129696
196.040058	-300.16865072898673
196.059966	-300.4399179899497
196.079987	-300.7136222349758
196.10007	-300.9893500696439
196.120246	-301.2674911396678
196.140409	-301.54621958942647
196.159963	-301.8167844565749
196.17998	-302.09362619020465
196.200027	-302.37060099360264
196.219999	-302.64628850911106
196.240001	-302.92217203916096
196.259961	-303.1971383239658
196.279974	-303.4721873601704
196.299998	-303.746331080976
196.32005	-304.0194173572201
196.339963	-304.2889062019181
196.360256	-304.56163999517884
196.379945	-304.8243438208423
196.39996	-305.08944024785535
196.42043	-305.35859780846374
196.439962	-305.61362114233015
196.460957	-305.88591681497996
196.480756	-306.1410842428395
196.500901	-306.3991929107168
196.519967	-306.64220890047005
196.540313	-306.9004573906782
196.560019	-307.14988951901034
196.579967	-307.4020957420963
196.600064	-307.656294092414
196.62006	-307.90965018353927
196.640204	-308.16556711955036
196.660087	-308.41903058453056
196.67999	-308.6737676287223
196.700057	-308.9317623205769
196.720037	-309.1898790544093
196.739969	-309.44863141623284
196.760037	-309.710352249288
196.77998	-309.97150713413316
196.800048	-310.2351881779768
196.819968	-310.4976042051536
196.840261	-310.7654300839131
196.859995	-311.02622091716944
196.879964	-311.29041075343696
196.900058	-311.55659373309146
196.920234	-311.82430992551195
196.939956	-312.08653331849405
196.959988	-312.3534373527292
196.979999	-312.6205417253939
197.000232	-312.89095791206375
197.020273	-313.15903358651804
197.04029	-313.42696449804123
197.059979	-313.6906985429595
197.07998	-313.95884640805025
197.1002	-314.23016317061433
197.120231	-314.49910666208007
197.140021	-314.76487795142083
197.15998	-315.03291367211705
197.180249	-315.3051022522834
197.200024	-315.57068275292437
197.220089	-315.8401857326248
197.240019	-316.107789621861
197.259978	-316.375439423292
197.280018	-316.6434801762876
197.300025	-316.9100570927386
197.320756	-317.18501902854234
197.340245	-317.442305161213
197.360051	-317.702665771276
197.37998	-317.96366014023477
197.399976	-318.2246038200944
197.420265	-318.48838440778275
197.439986	-318.74373104515337
197.460013	-319.0019257644946
197.479978	-319.25826330310895
197.500012	-319.51456784348966
197.52005	-319.770174596988
197.540031	-320.0244488137935
197.560188	-320.28046434400943
197.580046	-320.53232388353666
197.600001	-320.7852682896078
197.619994	-321.03885700111016
197.64006	-321.2938817488317
197.660216	-321.55085594584193
197.680233	-321.80702284296217
197.700202	-322.0635650284439
197.720014	-322.3190059637077
197.73999	-322.5773829190098
197.759951	-322.83628341060785
197.780303	-323.1008807916623
197.800002	-323.3574835968481
197.820036	-323.61884626352077
197.840001	-323.87963212562784
197.859993	-324.1410771878689
197.879975	-324.4027107764522
197.900026	-324.6655532626168
197.919985	-324.9274086928752
197.940013	-325.1902577667284
197.959941	-325.451797974328
197.98011	-325.71656246722233
197.999987	-325.9777661463599
198.020012	-326.2414589607053
198.040194	-326.50794069842715
198.060779	-326.78045549588705
198.080629	-327.04374863251587
198.10024	-327.30419359569595
198.120055	-327.5676350714076
198.140235	-327.8363675804879
198.159972	-328.0998503477952
198.179973	-328.3676518220988
198.200011	-328.6366777963812
198.219988	-328.90534406926406
198.239969	-329.174146823427
198.259958	-329.44275747635703
198.27997	-329.71104328103064
198.300074	-329.9796457522223
198.320314	-330.248915304858
198.340037	-330.51003713434966
198.360055	-330.7737207033753
198.380004	-331.0351828774315
198.400001	-331.2960032920878
198.420012	-331.5557217748836
198.439994	-331.8136878475925
198.459992	-332.0703692911322
198.48034	-332.32999692383476
198.500017	-332.5796952205984
198.520041	-332.8326719970665
198.539987	-333.08384467269013
198.559991	-333.33515789948393
198.580061	-333.58683099531044
198.599998	-333.836432750114
198.619995	-334.08647209358827
198.640639	-334.34445504683896
198.659989	-334.5863542782294
198.680202	-334.83935461842594
198.700072	-335.08850502664717
198.720362	-335.3434056741432
198.740036	-335.59098814759716
198.760229	-335.8454539547722
198.780123	-336.0964388623129
198.799982	-336.34726055173576
198.82001	-336.60055974620735
198.840015	-336.8540433505354
198.860005	-337.10798606420093
198.879946	-337.3621094043378
198.899963	-337.618076732124
198.920003	-337.8751661441968
198.93999	-338.13228062688654
198.959967	-338.3898934617858
198.980012	-338.6491029740587
198.999996	-338.90855098016823
199.019992	-339.16964258563974
199.040003	-339.43286758961335
199.059995	-339.6980522330758
199.080017	-339.96587544088794
199.099985	-340.2350418755858
199.119981	-340.50640937233464
199.140037	-340.7802055760014
199.159989	-341.0540354805553
199.179999	-341.32998350045665
199.199964	-341.60644546066237
199.219994	-341.8846722671196
199.239975	-342.162724737863
199.260202	-342.4442955222279
199.279975	-342.7192019421342
199.299983	-342.99657911509587
199.320009	-343.27299320932394
199.339977	-343.5470765316049
199.359964	-343.819721370511
199.379995	-344.0912697863941
199.399967	-344.3604619264381
199.419997	-344.6290480425137
199.440016	-344.8962269753948
199.459959	-345.1611921149698
199.479969	-345.4258633976898
199.49998	-345.689399956882
199.519984	-345.95176537311556
199.540033	-346.21370266093714
199.559928	-346.47261858015753
199.58002	-346.7330024305073
199.599964	-346.99028238029996
199.619963	-347.2470604459076
199.640005	-347.50330674836414
199.659989	-347.7580119892015
199.679984	-348.0124128784062
199.700931	-348.278803837701
199.720349	-348.52586904908736
199.740011	-348.7763183193459
199.759949	-349.0307059880619
199.779957	-349.28657837304246
199.799968	-349.5432831126877
199.819993	-349.8011738039703
199.840141	-350.06186088771994
199.859989	-350.3200461381645
199.879957	-350.58136285995243
199.900221	-350.84830202055423
199.920275	-351.11426094720576
199.940862	-351.3890126382828
199.959965	-351.64531229309034
199.980067	-351.9161392395944
200.000009	-352.18574161513015
200.020227	-352.46003662848966
200.040037	-352.729903290452
200.059975	-353.00278099945973
200.080192	-353.28074629572006
200.099982	-353.5538583451298
200.119998	-353.83076911889566
200.139971	-354.10742926365896
200.15998	-354.3846908845406
200.179996	-354.66198159590095
200.200003	-354.938907052908
200.219988	-355.21506744285114
200.239973	-355.49051853712086
200.259954	-355.76498307871253
200.279986	-356.039052577387
200.300278	-356.3154561042075
200.32013	-356.58457634408325
200.340259	-356.85605606487536
200.360196	-357.12350712750276
200.380006	-357.3878277895809
200.400045	-357.6538237596621
200.420065	-357.91827141251366
200.440036	-358.180834106876
200.459995	-358.4420184448542
200.479979	-358.70232571560086
200.500033	-358.96242502063285
200.51999	-359.22036529910235
200.539971	-359.4780644756264
200.559981	-359.7360429886512
200.580037	-359.99503061139046
200.599981	-360.25348832738763
200.620026	-360.5146201420065
200.640036	-360.776988629778
200.66101	-361.0539514565868
200.680252	-361.3098295859488
200.699984	-361.5738869226809
200.719977	-361.8428376284067
200.740005	-362.11333388405365
200.759983	-362.38392588107905
200.780064	-362.65646498803983
200.799999	-362.9274546591775
200.820006	-363.1998402382958
200.840075	-363.4735301819693
200.859986	-363.74555209040443
200.87999	-364.0192817190141
200.899992	-364.29325509422233
200.920226	-364.57042979356356
200.940004	-364.84114040237887
200.960041	-365.1150284463099
200.980033	-365.38792602660305
201.000063	-365.6610654589691
201.020227	-365.93588482554526
201.040075	-366.2063461074976
201.060011	-366.47799595716305
201.080207	-366.7531939888469
201.100315	-367.0272269927075
201.119955	-367.2949680116184
201.139957	-367.5677941772929
201.159952	-367.840727564873
201.17995	-368.11394946229126
201.200029	-368.38858657168925
201.220192	-368.6647757439129
201.240281	-368.9404689357297
201.259988	-369.2115301054073
201.280061	-369.48830835551155
201.299977	-369.7636141322169
201.319981	-370.04082664465807
201.340019	-370.31920625040135
201.360213	-370.60047301300057
201.379953	-370.87612678076835
201.400268	-371.1605044533026
201.420033	-371.43777578187814
201.440043	-371.7189851677572
201.459994	-371.9998006388041
201.479965	-372.2813322389253
201.499963	-372.5637271935746
201.520212	-372.8502027099115
201.539982	-373.1304223726941
201.559953	-373.41394951674914
201.580179	-373.7014480304307
201.599962	-373.9828690785528
201.620027	-374.2683930953283
201.639963	-374.55201237626954
201.659964	-374.83626399321486
201.679954	-375.1197754445321
201.700031	-375.40360920680547
201.719988	-375.6845425148196
201.739952	-375.96413443559493
201.759942	-376.2424667144138
201.77994	-376.5191203561452
201.800169	-376.7969900199868
201.820904	-377.07964873819645
201.839954	-377.33735473252324
201.859943	-377.6059000566777
201.880044	-377.87451841379715
201.900438	-378.14618216186415
201.920389	-378.41164686118935
201.940499	-378.67934897799904
201.961111	-378.95413409509376
201.981132	-379.2216350073623
201.999987	-379.47438051401764
202.020213	-379.7468371608524
202.039988	-380.01511107060236
202.059972	-380.28876333949813
202.080274	-380.5698737662262
202.099992	-380.84618837490666
202.119982	-381.1296736931423
202.140006	-381.4168330725254
202.15995	-381.70576018166224
202.180051	-381.99963754948647
202.200018	-382.29401703897537
202.220022	-382.59129474013434
202.240256	-382.89433145943497
202.259966	-383.19180444822416
202.280345	-383.5017284817405
202.299968	-383.802345557109
202.31997	-384.110816039377
202.34004	-384.42211443501407
202.359965	-384.73264332901476
202.380024	-385.046532805737
202.399974	-385.3598614367585
202.419967	-385.6749123907267
202.440095	-385.99292413641257
202.45997	-386.30732279074863
202.479983	-386.623651530727
202.500015	-386.9393496994919
202.520037	-387.253447241803
202.540052	-387.56575633972284
202.560025	-387.87572712561735
202.580157	-388.18652875767845
202.600216	-388.49455042097196
202.619958	-388.7959456617227
202.639958	-389.0993470966799
202.660102	-389.40294546510154
202.679989	-389.70083235767146
202.700112	-390.00063224353534
202.719981	-390.29528394399523
202.740051	-390.5917053563493
202.759983	-390.8849819080862
202.780002	-391.17850729062917
202.799972	-391.4703869006979
202.820005	-391.7623642208787
202.840019	-392.05330870450007
202.859975	-392.34266553441404
202.880049	-392.6329879216299
202.899996	-392.9208308305643
202.919974	-393.2087586387061
202.93995	-393.4967810846646
202.960019	-393.7869056601073
202.979955	-394.07654445159994
202.99997	-394.3694068797758
203.020012	-394.66525922020793
203.039981	-394.962980178305
203.05997	-395.26414050012136
203.079994	-395.56899498928124
203.10025	-395.88044186006607
203.120058	-396.18771716289194
203.140221	-396.5028800690838
203.159926	-396.81277077059065
203.179999	-397.129898739709
203.199962	-397.4462828966579
203.219994	-397.76437603385784
203.239966	-398.0818463114173
203.259963	-398.3998522636307
203.279978	-398.71813854872414
203.300035	-399.03693236816923
203.320004	-399.35397674033106
203.340007	-399.6710131534304
203.360237	-399.9909712304272
203.380072	-400.3040509680279
203.399965	-400.61761483567176
203.419986	-400.9330726269152
203.439963	-401.2480203570589
203.459954	-401.563579050773
203.479958	-401.8798053854117
203.499966	-402.1965260036974
203.519964	-402.5134493116852
203.540005	-402.83136292863264
203.559977	-403.14847505136595
203.580017	-403.46697118428256
203.599987	-403.7846612292659
203.620242	-404.10715715828695
203.639967	-404.42137690841594
203.660004	-404.7405571038381
203.679969	-405.0583551774627
203.700236	-405.3804783098428
203.719979	-405.6935920378177
203.740012	-406.01045044720325
203.759971	-406.32517394418227
203.780031	-406.6404370170726
203.79995	-406.9523623752529
203.820012	-407.26531755302756
203.840054	-407.57667658053725
203.86053	-407.8934081943506
203.880517	-408.2012128609286
203.899996	-408.4998691973517
203.92006	-408.80614975287546
203.940048	-409.1099514321796
203.96	-409.4119085197166
203.980291	-409.7177057659668
203.999993	-410.01343283341936
204.020199	-410.3156083792751
204.039931	-410.60974892226636
204.06027	-410.91212085465526
204.080171	-411.2073123721357
204.099964	-411.5003260489545
204.119989	-411.7962551385263
204.14024	-412.09507125713924
204.159957	-412.3856744591409
204.179992	-412.6807767806313
204.199975	-412.97509474143976
204.219982	-413.2699013438616
204.240041	-413.56572517057697
204.260007	-413.8605008911293
204.279983	-414.1557906064917
204.299971	-414.4516472713851
204.320003	-414.7485528539163
204.340064	-415.04627712308894
204.360008	-415.34262767694213
204.379945	-415.639207721121
204.399956	-415.93720485394397
204.419962	-416.2354521287256
204.440018	-416.5348153676868
204.460043	-416.83416631393175
204.480024	-417.1334107529146
204.499972	-417.43281148802913
204.519977	-417.73379459933625
204.540002	-418.03583918307834
204.5602	-418.34125296328057
204.580049	-418.64210658139865
204.600253	-418.9490424228227
204.61997	-419.2492547026528
204.640085	-419.5562243945562
204.659986	-419.86063207355767
204.679951	-420.16672658141187
204.70016	-420.47725950501473
204.720029	-420.78321819026064
204.740067	-421.09239332227213
204.759982	-421.40024378680886
204.780047	-421.7109613891003
204.799982	-422.0201885186588
204.820016	-422.3314576251563
204.839987	-422.6422348026591
204.860249	-422.95801564430633
204.879974	-423.2658684173005
204.900064	-423.5798368511296
204.920391	-423.89789035919557
204.93995	-424.20424070975173
204.960262	-424.5226483383328
204.979993	-424.8321450490471
204.999987	-425.1459183796249
205.019974	-425.4597025581967
205.039979	-425.7738775020051
205.059948	-426.0875946800234
205.080016	-426.4029771365149
205.099996	-426.71707786490583
205.120257	-427.03566862067424
205.139958	-427.34546702270296
205.159989	-427.6603839533204
205.180043	-427.97549457083227
205.200206	-428.29205937677955
205.220208	-428.6057772636898
205.240022	-428.9161997295653
205.260185	-429.2317259026958
205.280013	-429.5416376563237
205.300196	-429.8566820747143
205.319977	-430.1649819531785
205.34001	-430.4766610896909
205.360206	-430.79026346523915
205.379962	-431.0964040241534
205.399958	-431.40562339643986
205.420034	-431.7154455509341
205.439953	-432.02221698565916
205.460713	-432.3412716273858
205.479964	-432.6364906179779
205.499962	-432.94247403557847
205.520335	-433.25348539148536
205.540518	-433.56090818658333
205.560685	-433.867431377438
205.58114	-434.1777062273269
205.599984	-434.4630042574293
205.62021	-434.768682384893
205.639997	-435.0672285257491
