145.660079	9.040217106460463E-6
145.680042	3.011566702682187E-5
145.700016	4.376567384592962E-5
145.72005	2.3957348432854375E-5
145.740216	-3.305607381876078E-5
145.760035	-7.277454314922021E-5
145.779989	-1.7093032863626826E-5
145.799986	1.3287144796377752E-4
145.819985	2.3224314381928898E-4
145.840054	1.024655688640097E-4
145.86032	-2.3581586031056178E-4
145.879986	-4.55838854246174E-4
145.899985	-1.7188629210524055E-4
145.920028	5.813906180479353E-4
145.940224	0.0010988427957465976
145.960265	3.472732029780899E-4
145.980128	-0.0022448851402371885
146.000398	-0.006198945013895288
146.019976	-0.010160302378073001
146.040037	-0.01276643079697876
146.060046	-0.013522608389503329
146.079978	-0.012993133899508234
146.100095	-0.012223866756348012
146.120297	-0.01194508955585802
146.139957	-0.012204631754914562
146.160001	-0.012596650288062408
146.179981	-0.012747464419598209
146.200216	-0.012602466521186732
146.219987	-0.012364140513472245
146.240012	-0.012263078121614203
146.260307	-0.01238663657373988
146.280227	-0.012646170544526493
146.300248	-0.0128190289635386
146.319964	-0.012620754138410083
146.340056	-0.011801254809019657
146.360234	-0.010264736659958163
146.380088	-0.008119771423456138
146.402772	-0.005632866466132851
146.420054	-0.003094309010604792
146.440048	-6.737458955556602E-4
146.460086	0.0016196880824626762
146.480067	0.00387518242950047
146.500171	0.006178438338245012
146.52004	0.0085479741560037
146.539994	0.010942529209041289
146.56029	0.013313623370597886
146.579996	0.015650059686919165
146.600195	0.01798059688708553
146.620029	0.020340344445940215
146.640253	0.022732178653930752
146.660024	0.02511005141902438
146.679981	0.027389473940885034
146.70026	0.02947319973573799
146.72063	0.031276460343771774
146.740885	0.03274361135875041
146.759973	0.03385420436720179
146.780058	0.03462006474632715
146.799997	0.03507585036191244
146.820206	0.035266744574481694
146.840017	0.03523745959067836
146.859975	0.0350252650204649
146.879954	0.03465754404160029
146.899953	0.0341535419657606
146.920009	0.03353039571080333
146.940014	0.03281127183273487
146.959974	0.03203000920795016
146.979978	0.031226093890594515
147.000004	0.030431039740496275
147.020066	0.029658106829380446
147.039988	0.028910183780567176
147.060318	0.028208192137653174
147.079997	0.027619918905431216
147.100068	0.027259394990989852
147.120007	0.027241127523073103
147.139967	0.02760980206212641
147.160291	0.028292763652819807
147.179993	0.029115456452981386
147.199988	0.029879188622298578
147.220005	0.030450830753049097
147.239976	0.03079933030686857
147.260287	0.030948864581603543
147.279997	0.03088217678418599
147.300254	0.030471763597536696
147.319965	0.02950398624676276
147.339974	0.02779485162047612
147.360049	0.025323251592419403
147.379992	0.022285154548276825
147.400055	0.019020538942461442
147.420111	0.015853586991883495
147.440168	0.01295039432574376
147.460032	0.010290164154485451
147.479991	0.007768843190693588
147.500178	0.005361915440049538
147.520002	0.003229984427282524
147.539985	0.001687886340728275
147.560099	0.00104907110465272
147.579999	0.0014397468790440441
147.600006	0.0026986639266473717
147.620034	0.00442288539391014
147.63999	0.006128591464649014
147.660041	0.007429599749867111
147.679997	0.008134341405217928
147.70001	0.008222572447012551
147.720242	0.007739591363761762
147.740171	0.006686993795554985
147.760024	0.004974411117595295
147.779993	0.0024444738568527844
147.800247	-0.0010653137952483188
147.820043	-0.005670695750678209
147.839984	-0.011421172885083635
147.860086	-0.018303294397489414
147.879983	-0.02624442850434964
147.900028	-0.035107732604202704
147.920073	-0.04469118271421165
147.940036	-0.0547491240727841
147.959971	-0.06503790256373537
147.980104	-0.07536418791611374
147.999979	-0.08560836696007691
148.020052	-0.09571309172380578
148.039989	-0.10565310538077637
148.060305	-0.11541365613444429
148.079995	-0.12499207019678338
148.099965	-0.13441319829944007
148.119966	-0.1437368246749934
148.140186	-0.15304429971268652
148.159998	-0.1624100339188504
148.180074	-0.17187549581335976
148.199974	-0.1814377019898576
148.22001	-0.19104988087609437
148.239964	-0.20062443751756331
148.259982	-0.21003464414714748
148.280334	-0.21912269467139026
148.299961	-0.22772684444784813
148.320363	-0.23572738989044606
148.340432	-0.2430956759976127
148.360725	-0.24992063640239612
148.379959	-0.2563931328022479
148.399974	-0.26274863822919353
148.420296	-0.2691912547930111
148.440541	-0.27583468535224626
148.460689	-0.2826858711021075
148.480049	-0.2896752119362372
148.500071	-0.29670883382624264
148.52013	-0.30371456913120276
148.540022	-0.31066839371268934
148.560331	-0.3176044921167147
148.580029	-0.3246177634320238
148.600254	-0.33185061797070803
148.620054	-0.33945249796658333
148.640085	-0.3475223438393674
148.659961	-0.3560743778288561
148.680073	-0.3650673377268986
148.700274	-0.3744894297174962
148.720336	-0.38443796038012784
148.739985	-0.3951221225082198
148.760106	-0.40677576294954565
148.779995	-0.4195392824749071
148.799999	-0.4333977209053163
148.819985	-0.44821196875536484
148.839995	-0.4638068909078729
148.860045	-0.4800402899568671
148.880173	-0.4968055266361534
148.899993	-0.5139826126199603
148.920287	-0.5313900327354778
148.940306	-0.5487794339361941
148.960146	-0.565871619427412
148.98074	-0.5824033700213784
148.999978	-0.5981560013115569
149.020169	-0.6129605597121511
149.040056	-0.6266949334430173
149.06015	-0.639293491569902
149.079986	-0.6507754722232436
149.099993	-0.6612770060624947
149.12005	-0.6710568162383029
149.140092	-0.6804513471511627
149.160047	-0.6897828809003334
149.180229	-0.699253647310588
149.200637	-0.7088734444858827
149.220407	-0.7184531006510018
149.240018	-0.7276642095042135
149.26005	-0.7361408513421251
149.27999	-0.7435862105016017
149.299997	-0.7498565164812387
149.319996	-0.7550037742503924
149.33997	-0.7592708940111059
149.36028	-0.7630405293841709
149.380005	-0.7667501307282469
149.400233	-0.7707969877235223
149.419962	-0.7754615680602386
149.44006	-0.7808684832102795
149.459984	-0.7869872327568516
149.480035	-0.7936645052537759
149.500145	-0.8006815900051063
149.520053	-0.8078354224282309
149.540154	-0.8150294056338013
149.560007	-0.8223411668709768
149.579994	-0.8300209923923698
149.600358	-0.8384004480485147
149.620062	-0.8477476994531913
149.6401	-0.8581499129626926
149.660135	-0.8695009685818154
149.679981	-0.8816096265236893
149.699959	-0.8943579372292054
149.719974	-0.9078035700236958
149.740457	-0.9221521819176344
149.760036	-0.9376146079934701
149.780002	-0.9542431014085022
149.800216	-0.9718560661598518
149.820079	-0.9901013385545836
149.84036	-1.0086116829675775
149.860777	-1.0271450554351509
149.880906	-1.0456168460912072
149.900079	-1.0640110871804864
149.919969	-1.082245674779948
149.940013	-1.1000984669593674
149.960806	-1.1172496394143547
149.98003	-1.1334059162888075
149.999987	-1.148412888689094
150.019975	-1.1622781665432593
150.040033	-1.1751040191358058
150.060044	-1.1869983346966517
150.079992	-1.198039354171805
150.100041	-1.208310400346985
150.120078	-1.2179498288059862
150.139953	-1.227146026065006
150.160277	-1.2360586179736257
150.179985	-1.2447181980246314
150.200441	-1.2529854691495437
150.219981	-1.2606104583888056
150.239986	-1.2673634306011377
150.259993	-1.2731632636651264
150.28	-1.2781360664458092
150.299998	-1.2825815882869969
150.320014	-1.2868665649262714
150.340236	-1.2912910576980756
150.360365	-1.2959749411134762
150.379988	-1.3008045042058218
150.400041	-1.3054614823309543
150.419984	-1.3095220309731113
150.44022	-1.3125828157582906
150.460056	-1.314359111595704
150.479992	-1.3147234306705267
150.499966	-1.3136919350938363
150.520076	-1.3113929767812453
150.539997	-1.3080468220590216
150.56031	-1.303953799881049
150.580015	-1.2994692394560465
150.600761	-1.2949509716457688
150.620021	-1.2906947024848767
150.640023	-1.2868925940222535
150.660056	-1.2836442283152343
150.679982	-1.2810156599646674
150.700006	-1.2791060592141303
150.720063	-1.2780719233049902
150.740017	-1.2780848761399595
150.760056	-1.2792464858943269
150.779992	-1.2815164452422882
150.800996	-1.2847062815344248
150.820258	-1.2885470826637615
150.839988	-1.2927857591013405
150.860287	-1.2972431653746457
150.880273	-1.3017986414817817
150.900042	-1.3063226389094456
150.919967	-1.310625622944817
150.939966	-1.3144821447857282
150.959977	-1.317731845861845
150.98004	-1.3203952446753007
151.000037	-1.3227216096378371
151.020003	-1.3251246642155698
151.039962	-1.3280323929895126
151.06003	-1.331731022835958
151.08044	-1.336286049603242
151.100019	-1.3415748564838401
151.120038	-1.3473987578822664
151.140259	-1.3535975882262472
151.159965	-1.3600933551657697
151.180041	-1.3668410224793877
151.200004	-1.3737254007662263
151.220272	-1.3804798491845514
151.239952	-1.3866872516395525
151.259977	-1.3918698804971599
151.280236	-1.3956189370769572
151.299972	-1.3976952091532553
151.320021	-1.3980600006068709
151.339973	-1.3968415255132745
151.360247	-1.3942726248225596
151.379979	-1.3906326486900464
151.399971	-1.3862037260426985
151.419973	-1.381233472698394
151.439963	-1.3758984825169327
151.460294	-1.3702783460020902
151.480211	-1.3643568276950577
151.500063	-1.3580609757951703
151.51994	-1.3513280106137615
151.539945	-1.344174809574814
151.560697	-1.3367369399619664
151.580518	-1.3292545182347073
151.600847	-1.3220073616066301
151.621002	-1.315225001266396
151.640029	-1.3090125840033926
151.660131	-1.303331081965523
151.679961	-1.2980444063509875
151.699965	-1.293012725837353
151.720066	-1.28818714907073
151.740289	-1.2836555865744224
151.760057	-1.2796135336701124
151.780011	-1.2762717035901034
151.799996	-1.273744688385188
151.819937	-1.271973939161187
151.839952	-1.270722769704778
151.859959	-1.2696426504448388
151.880262	-1.2683738273154015
151.900067	-1.266625760144657
151.919983	-1.2641960053197505
151.940126	-1.2609237569893972
151.960034	-1.2566142785594299
151.979992	-1.250993681243304
152.000004	-1.2437336541177784
152.020032	-1.234538124492849
152.040256	-1.2232410545834198
152.059961	-1.2098528655103833
152.08007	-1.1945276880525482
152.100063	-1.1774789123728826
152.120028	-1.1589070626004212
152.139949	-1.1389945035846125
152.160282	-1.1179683146206236
152.180006	-1.096177080542968
152.200117	-1.0741106289607607
152.219949	-1.0523252688090248
152.240104	-1.0312992038035875
152.259979	-1.011292842523308
152.280286	-0.9922913349559274
152.30021	-0.9740651634995803
152.320165	-0.9563210155154065
152.339937	-0.9388696204056772
152.360204	-0.921729251245322
152.379955	-0.9051243645985921
152.400014	-0.8893926508949828
152.42098	-0.8748583470825786
152.439987	-0.861738109729592
152.460166	-0.8501107384111506
152.479973	-0.8399415317030556
152.499962	-0.8311273537856654
152.520029	-0.8235333737001774
152.539975	-0.8170200068575333
152.560055	-0.8114734225910236
152.579994	-0.8068449480089361
152.599976	-0.8031814423204711
152.619972	-0.8006167087333417
152.639925	-0.7993121191245143
152.660249	-0.7993710793554096
152.679985	-0.80077669492153
152.700222	-0.8033980379277057
152.720004	-0.8070709152222578
152.739982	-0.8117068818239292
152.76003	-0.817359720652883
152.780198	-0.824196375192659
152.799969	-0.8323806380691678
152.819957	-0.8419378625069059
152.839987	-0.8526860469142262
152.859965	-0.8642768734032799
152.880055	-0.876314502045051
152.900072	-0.8884666701483248
152.919951	-0.9004943461499955
152.940028	-0.9121924867984766
152.960302	-0.9233001346428252
152.980209	-0.9334555681681623
152.999977	-0.9422313697303256
153.019981	-0.949223305115447
153.039959	-0.9541367657578667
153.060073	-0.9568297492724702
153.079989	-0.9573084224599273
153.100263	-0.955696024124227
153.120064	-0.9521952275620021
153.139939	-0.9470486301844984
153.160376	-0.9404976712514342
153.179949	-0.9327433548560028
153.199952	-0.923925685952594
153.22	-0.9141383103394332
153.239975	-0.9034750630346574
153.260262	-0.8920844717330587
153.279968	-0.880199329543604
153.299977	-0.8681246549248193
153.319963	-0.8561965132457848
153.339957	-0.8447408890953507
153.360027	-0.8340531619171948
153.379959	-0.824393024686199
153.399987	-0.8159738499639333
153.42003	-0.8089345227607471
153.439961	-0.8033075748772686
153.460758	-0.7990115499794553
153.479958	-0.7958837931889098
153.499983	-0.7937359405387271
153.520045	-0.7923998027103167
153.540014	-0.7917483685292608
153.559956	-0.7917006765918994
153.579996	-0.7922340830309693
153.60053	-0.7934042452628463
153.620836	-0.7953481570208621
153.63996	-0.798246624363059
153.660254	-0.8022568724379706
153.680649	-0.8074636325770952
153.700759	-0.8138904331985686
153.720212	-0.8215612612755566
153.739974	-0.8305583539387812
153.76003	-0.8410171806384964
153.77997	-0.853052735088152
153.799973	-0.8666745666614636
153.819927	-0.8817631702026101
153.840006	-0.8981261947351264
153.86	-0.9155805597194581
153.879979	-0.9339839240149658
153.89999	-0.9531904738768568
153.92017	-0.9729794670195279
153.939995	-0.993026518476611
153.960213	-1.0129399103783814
153.980222	-1.0323195923315287
153.999939	-1.0507820764634326
154.023369	-1.0679429369768927
154.040287	-1.0833958487172393
154.060058	-1.0967380389107215
154.079952	-1.1076408787760985
154.100179	-1.1159085908456243
154.120022	-1.1214771815164088
154.140003	-1.124350129858796
154.16	-1.1245316758677233
154.179969	-1.1220242501043463
154.199979	-1.1169109762252893
154.219973	-1.1094637842810733
154.24025	-1.100191547828789
154.260288	-1.0897806289583631
154.279987	-1.0789543771073271
154.299968	-1.0683316900120519
154.319993	-1.0583555905997812
154.340868	-1.0493081975632021
154.360067	-1.041376344465312
154.379989	-1.0347083949759797
154.39996	-1.0294352495142118
154.419955	-1.0256689072327376
154.439991	-1.0234970969693173
154.460821	-1.0229875619331201
154.47998	-1.0241956423423269
154.499984	-1.0271559833093895
154.519984	-1.0318620581880387
154.539982	-1.038260921839207
154.560269	-1.0462789390492129
154.579997	-1.0558769108905681
154.600244	-1.0670863033647666
154.62004	-1.0799877064905423
154.639985	-1.0946348991633599
154.660029	-1.1109842538888273
154.680244	-1.1289024431356067
154.699973	-1.1482614768918318
154.719967	-1.1690479193393846
154.740216	-1.1914014271839535
154.760333	-1.2155612340589184
154.781177	-1.2417812831612791
154.800004	-1.2702982175627158
154.819972	-1.3013372211798633
154.839971	-1.3350859770327912
154.860181	-1.3715999200904077
154.879973	-1.4106929753617363
154.900023	-1.4519362782462766
154.920164	-1.4947970458914472
154.940346	-1.538819000711287
154.960681	-1.5836949214803153
154.980894	-1.6291950286498569
154.999962	-1.6750427587139547
155.020064	-1.7208552499352647
155.040343	-1.7661723030879917
155.060179	-1.810502273141805
155.0801	-1.8533404782308303
155.100074	-1.894181912980272
155.120043	-1.9325837294529715
155.140224	-1.9682625371023876
155.160146	-2.0011434321744006
155.18	-2.0312990667571262
155.199986	-2.058826635819044
155.219979	-2.0837652161175813
155.239997	-2.1061120905496566
155.259976	-2.1259047252343657
155.280183	-2.1432700717200666
155.300008	-2.1584102527534985
155.32001	-2.1715583605034747
155.339967	-2.1829645819369903
155.36004	-2.1929177603125014
155.379977	-2.2017521922489918
155.40007	-2.2098120699738946
155.419966	-2.2173991542496356
155.43998	-2.2247583770941146
155.460283	-2.2321173171811606
155.47998	-2.2397494907425965
155.500231	-2.2479936031851326
155.519998	-2.257210307033649
155.539974	-2.267690285588088
155.559973	-2.279563322717354
155.57998	-2.292766582264723
155.599974	-2.3070879724428903
155.619955	-2.322266478844901
155.639971	-2.3380954207165505
155.660363	-2.354478118513543
155.679965	-2.3714215669770513
155.699977	-2.3889924283797517
155.719961	-2.407275877172695
155.739956	-2.4263582227545535
155.760808	-2.4463240103174346
155.779974	-2.467264696594627
155.799998	-2.4892900546686527
155.820007	-2.512546173930571
155.839958	-2.5372402748618503
155.860035	-2.563647451080813
155.879974	-2.592081570913552
155.900031	-2.6228143955439625
155.920091	-2.655954884382947
155.939926	-2.691337710741274
155.959982	-2.728495158899127
155.979959	-2.766758494835582
155.999983	-2.8054555741712006
156.019975	-2.8440902700508515
156.039962	-2.882387967404819
156.060271	-2.920191286081859
156.079977	-2.957307862247499
156.099973	-2.9934442550392553
156.119956	-3.0282670927058715
156.139964	-3.061508095774379
156.159997	-3.092991886760083
156.18023	-3.1225554891996232
156.199992	-3.1499539130249143
156.220004	-3.1748692219617163
156.239961	-3.197049769359653
156.260263	-3.216476002582966
156.280225	-3.2334204658170975
156.299979	-3.248353061030713
156.31999	-3.261758711423927
156.340029	-3.2739833143337838
156.360287	-3.285179168939932
156.379987	-3.295347634503623
156.399973	-3.3044336254213746
156.420021	-3.312422445192914
156.439963	-3.319409217428487
156.460002	-3.32563201552206
156.479979	-3.331459804629979
156.499995	-3.3373460299244675
156.519945	-3.343753425837119
156.539984	-3.351070268424825
156.560202	-3.3595545634754505
156.580198	-3.36932767958776
156.600053	-3.3804172885096384
156.620001	-3.39281278615489
156.639963	-3.406487293631496
156.66001	-3.4213729303962603
156.679981	-3.437324102961465
156.699973	-3.4541253865390344
156.719966	-3.4715658449313405
156.739995	-3.489542191567017
156.760031	-3.5081228671642277
156.77996	-3.527530258549216
156.800203	-3.548055390699847
156.819995	-3.5699572477872605
156.839937	-3.5933922068011235
156.86028	-3.618389278674239
156.879964	-3.6448668976989187
156.899975	-3.672675178682102
156.919945	-3.701648069548723
156.939909	-3.7316419732245354
156.96	-3.7625379557278005
156.979955	-3.794208813002614
157.0	-3.8264786167347675
157.019935	-3.8591072828404176
157.039938	-3.891804116161134
157.059967	-3.9242449691658083
157.07998	-3.9560665379927142
157.10027	-3.9868473186648
157.120268	-4.016112486563041
157.139982	-4.04339127438849
157.159988	-4.068310741774025
157.179959	-4.090669336221518
157.19997	-4.110441596453873
157.220719	-4.12771186089486
157.239981	-4.1425877519066026
157.259943	-4.155150988088864
157.28004	-4.1654731282826
157.300556	-4.173678082346779
157.320504	-4.1800014644627215
157.340718	-4.18480403762307
157.360925	-4.1885283723957345
157.380195	-4.19162877899033
157.40007	-4.194516736362537
157.419975	-4.197561503315778
157.440199	-4.201140393611891
157.459998	-4.205688189645732
157.480145	-4.211683754516566
157.500006	-4.219555142425217
157.519975	-4.229555400942284
157.539973	-4.241699772684022
157.560032	-4.255825142840406
157.579974	-4.271732913798173
157.599965	-4.289313104229028
157.619969	-4.308556883080718
157.63997	-4.329468272621882
157.659988	-4.351976014009351
157.679968	-4.375944340615454
157.699963	-4.401286113424204
157.719927	-4.4280802726950075
157.740008	-4.456590362904676
157.760013	-4.487167308652341
157.779962	-4.520116799267189
157.799983	-4.55562230635272
157.819991	-4.593748888202414
157.840242	-4.634480374720374
157.860035	-4.677737530106467
157.879974	-4.723371338451294
157.899955	-4.771160569771303
157.920034	-4.820833875967712
157.940004	-4.872090832866171
157.960001	-4.924594228585897
157.979967	-4.977929283063829
158.000269	-5.031567987747607
158.02	-5.084884459203736
158.04	-5.137229656746167
158.06031	-5.188033590014019
158.080301	-5.236889881304224
158.100075	-5.283591074440386
158.119985	-5.328105090893239
158.140065	-5.370514512231494
158.160032	-5.410950579449108
158.179949	-5.449554842147454
158.200008	-5.486483771730554
158.220053	-5.52194671677355
158.240334	-5.556243251681236
158.260031	-5.589773311369638
158.28009	-5.623015735692069
158.299985	-5.656492926386095
158.320019	-5.690735426756523
158.340019	-5.726241299011224
158.360011	-5.7634330654706565
158.379978	-5.802619338164886
158.399982	-5.843982210090738
158.419997	-5.887595018773349
158.440213	-5.933456179568865
158.460034	-5.981514863663057
158.48007	-6.031673552294037
158.499952	-6.0837754669694775
158.519978	-6.1376023032805245
158.540219	-6.192906679778543
158.560043	-6.249486963362996
158.579967	-6.307269188119709
158.599957	-6.366334667432728
158.619985	-6.426855829479643
158.640228	-6.488965971759312
158.660037	-6.552657770076346
158.679976	-6.617790578355817
158.699985	-6.684203599261242
158.719961	-6.751846233960485
158.740008	-6.820825757363203
158.760286	-6.891349932207176
158.78019	-6.963621538228458
158.800045	-7.037752810540316
158.819979	-7.113717317477299
158.840204	-7.191326737704335
158.860042	-7.270233062669276
158.879981	-7.349976672425096
158.899984	-7.43007507508697
158.920031	-7.510099303547386
158.940137	-7.589683044931235
158.960542	-7.668477358062989
158.979968	-7.746133108555758
159.000441	-7.822348495103323
159.020044	-7.896935822687676
159.040052	-7.969812171229447
159.06031	-8.040890674281696
159.08044	-8.1099834265874
159.100419	-8.17682680041736
159.120927	-8.241225255011635
159.140017	-8.303180614751216
159.160272	-8.362872187515256
159.179991	-8.420511282229883
159.200002	-8.476217114691838
159.220014	-8.530020137254086
159.240008	-8.581974122565672
159.260306	-8.632237458381027
159.280024	-8.681054785802724
159.299994	-8.72868491065968
159.320007	-8.775383898658868
159.339981	-8.821478469234458
159.36031	-8.867429788374384
159.380221	-8.913776586437653
159.400061	-8.960945058604272
159.419967	-9.009053741896315
159.439978	-9.05787320612653
159.460272	-9.106985940127807
159.479991	-9.156038570283528
159.500159	-9.20490782489178
159.519988	-9.253675357095068
159.539985	-9.302459138485526
159.560282	-9.351260673696258
159.57997	-9.399977345731752
159.599987	-9.448563484401127
159.619971	-9.497184449618995
159.640119	-9.546200404682772
159.660304	-9.595959916870001
159.680007	-9.646568395259509
159.699969	-9.697838251080485
159.720221	-9.749467594785392
159.74001	-9.80131484896113
159.759982	-9.853548271062708
159.780025	-9.906562887011622
159.79999	-9.960749202511918
159.820043	-10.01628372438164
159.839929	-10.073063837220326
159.860022	-10.130794865115607
159.879978	-10.18912815864874
159.899982	-10.247758165301201
159.920013	-10.30644186209956
159.94003	-10.364954562598447
159.959974	-10.42303252076955
159.980079	-10.480343355599805
160.000018	-10.53650921913951
160.020041	-10.59116945852225
160.039989	-10.644039572515736
160.060048	-10.694930245299197
160.083323	-10.743717782832865
160.100439	-10.790324567843099
160.119971	-10.83472435054415
160.139998	-10.876956916349164
160.160053	-10.91713688541379
160.180262	-10.955419924260585
160.200388	-10.991977082432435
160.220048	-11.026986769052069
160.239998	-11.060623697163086
160.260296	-11.09302403496615
160.279989	-11.124283113284035
160.300002	-11.154560897101382
160.319989	-11.18426585207435
160.339984	-11.214133608773583
160.360004	-11.245023907999489
160.380218	-11.277505389216445
160.400041	-11.311544474675017
160.42005	-11.346599521544972
160.44003	-11.382081898280541
160.460018	-11.417817562708047
160.479987	-11.454123227270733
160.500239	-11.491467426412118
160.52024	-11.530054784678322
160.539989	-11.569698906925549
160.560086	-11.61004829285921
160.579982	-11.65089667008646
160.600015	-11.692289312207956
160.619992	-11.734372464568871
160.640243	-11.777181167231921
160.660274	-11.820569363923454
160.680124	-11.86430087059779
160.700086	-11.908182862815169
160.720054	-11.952132107365294
160.740006	-11.996167494035804
160.760293	-12.040365057274865
160.779984	-12.084808019629707
160.800295	-12.129514660395362
160.819995	-12.174396922147666
160.840001	-12.219275805955403
160.860002	-12.263953817221157
160.879975	-12.308309375887326
160.900022	-12.352312186696343
160.920308	-12.395935053902221
160.940035	-12.439023735831714
160.960209	-12.481227783835713
160.980215	-12.52206063551395
160.999975	-12.561073232421537
161.020029	-12.598030853312286
161.039996	-12.632987103306487
161.061478	-12.666212907501555
161.080317	-12.698039877356438
161.100562	-12.728713585023177
161.120074	-12.758338723235084
161.140065	-12.78692849445666
161.160031	-12.814497980686903
161.179978	-12.841147694822137
161.200086	-12.867086566750064
161.220067	-12.892593912956515
161.239971	-12.917946661699354
161.260015	-12.943369381221034
161.279968	-12.969047168434413
161.299988	-12.99519753269283
161.320013	-13.022127980511675
161.34026	-13.050196624825876
161.360869	-13.079670663090893
161.380864	-13.110581703253203
161.400018	-13.142709900584142
161.420032	-13.17572663411128
161.44004	-13.209402525149176
161.460266	-13.243725056254723
161.480663	-13.278844602471507
161.499993	-13.314918008901946
161.520051	-13.351961972703291
161.540696	-13.389810650701223
161.560063	-13.428190932266855
161.579986	-13.466858180809423
161.6	-13.50572496798614
161.620088	-13.544911677428882
161.640059	-13.584666864987113
161.660001	-13.62519974441264
161.680011	-13.666550053374447
161.700119	-13.708613292182676
161.720266	-13.751322526356072
161.739992	-13.794830134999073
161.760059	-13.839517934448315
161.779963	-13.8858002543889
161.800014	-13.933875200021065
161.820024	-13.983609363372548
161.840047	-14.034630266478038
161.860227	-14.086527807352539
161.880193	-14.13900171331742
161.899957	-14.191880486783692
161.920092	-14.245051918244437
161.939912	-14.298396610881522
161.960286	-14.3517627989391
161.979997	-14.40496108974076
161.999985	-14.45775540872482
162.020009	-14.509854888272748
162.039993	-14.56093894933718
162.060339	-14.610724837937891
162.079994	-14.659054893178668
162.099992	-14.70595384142513
162.119977	-14.75161651856749
162.14011	-14.796317120389565
162.159962	-14.840294873129181
162.180238	-14.883698912885617
162.200077	-14.926637300143074
162.220259	-14.969297926160275
162.240049	-15.012035851771039
162.260106	-15.05535135030417
162.280227	-15.099777882073619
162.300299	-15.145754573391052
162.319972	-15.193546284668463
162.339972	-15.243230760590466
162.360028	-15.29472825788352
162.380244	-15.347866949739252
162.400056	-15.402481976081992
162.419985	-15.458519411047071
162.440009	-15.516074420011247
162.460095	-15.575315091122576
162.480207	-15.636327121601367
162.499983	-15.699006868550981
162.519999	-15.763101428015867
162.540003	-15.8283689293927
162.560302	-15.894718094686265
162.579994	-15.96221139467453
162.599996	-16.030942548740633
162.619971	-16.100910527134566
162.639941	-16.171995377290852
162.66035	-16.244034104873005
162.679994	-16.316928218566648
162.699993	-16.39070130323399
162.720213	-16.46547852175525
162.739978	-16.54140552187008
162.760385	-16.618539805076484
162.779984	-16.696770199470258
162.800206	-16.77581341737708
162.820027	-16.85529591605455
162.839976	-16.934884761868265
162.86024	-17.014393294718058
162.880253	-17.093819162251446
162.899982	-17.17330273075339
162.92024	-17.253038580974483
162.939975	-17.33317553014623
162.960352	-17.41373881938751
162.979973	-17.494600336056155
162.999974	-17.57551750926768
163.019971	-17.656214359788247
163.040162	-17.73645456023355
163.060123	-17.816049141102983
163.079969	-17.89481547405393
163.099991	-17.972550846831613
163.120206	-18.049066465189327
163.139976	-18.12424884618823
163.160103	-18.19806716180663
163.180226	-18.270507428133968
163.199973	-18.341497063433025
163.219965	-18.410906316772806
163.239951	-18.47864016960339
163.260094	-18.544737968891987
163.280227	-18.609384918081766
163.299949	-18.6728222404834
163.319976	-18.73522036113488
163.339956	-18.79661084389967
163.360094	-18.856929713805823
163.380838	-18.916142330392866
163.400189	-18.974390579463837
163.419965	-19.03205095173194
163.439993	-19.089633951093393
163.460106	-19.14757913040866
163.481096	-19.206063690693256
163.499978	-19.264999127166966
163.520028	-19.324205324880907
163.540322	-19.38361028992636
163.56039	-19.44332006912515
163.580536	-19.503521394216683
163.600793	-19.56437698138249
163.620225	-19.62603429885176
163.640084	-19.688681067019598
163.660185	-19.752518542875567
163.679965	-19.817645940933854
163.699983	-19.883998601809797
163.719988	-19.95147876917359
163.740045	-20.020179142059987
163.760037	-20.090453467136825
163.779991	-20.162725562923335
163.800203	-20.23720997405261
163.819974	-20.313835144742526
163.839959	-20.39242859866667
163.86005	-20.4729267831247
163.879985	-20.555332572283167
163.899967	-20.639443817423228
163.920011	-20.72467293146201
163.940249	-20.810214458393137
163.960195	-20.895463547973495
163.980229	-20.980296918964605
164.00023	-21.064958019521384
164.020058	-21.149661625698112
164.039951	-21.23427885827932
164.060162	-21.318348724195964
164.080249	-21.40133658967833
164.100425	-21.482865946054428
164.120241	-21.56276010240583
164.140823	-21.640936270952004
164.160087	-21.717309270907347
164.180266	-21.79180514913955
164.199986	-21.86442811665651
164.220221	-21.93531296844212
164.239969	-22.004684358132202
164.26014	-22.072751366035106
164.280002	-22.139625191809824
164.300232	-22.205321659703586
164.319985	-22.26986004253527
164.339996	-22.333412280878626
164.360111	-22.396384321819085
164.380225	-22.459361677895405
164.400051	-22.52293558942725
164.420225	-22.58750971672134
164.440006	-22.65321551761876
164.460165	-22.719985542855397
164.480208	-22.787724108106694
164.500151	-22.85645996351614
164.520008	-22.926377608229398
164.539921	-22.997724368563066
164.560432	-23.07066196861481
164.579968	-23.145174868770717
164.599979	-23.22109319427454
164.619923	-23.29821056751838
164.640049	-23.376417906109317
164.66025	-23.455766578295698
164.679963	-23.536449800660463
164.699959	-23.61872312179675
164.720218	-23.702807902194536
164.740213	-23.788805979511412
164.760214	-23.876652731645663
164.77996	-23.966143609268414
164.79999	-24.05704979694264
164.82005	-24.14925634660577
164.839973	-24.242831934477895
164.86038	-24.337961121830574
164.879959	-24.43480021217934
164.899953	-24.533347562304826
164.91995	-24.63341061891482
164.939943	-24.73468430024159
164.960247	-24.836868713253324
164.979964	-24.939757109424008
165.000101	-25.043235520206437
165.019963	-25.14718935033998
165.039919	-25.251377956723083
165.060178	-25.35536777921126
165.079949	-25.45860774025037
165.100723	-25.560608914948826
165.120513	-25.6611029376466
165.140775	-25.760031118146532
165.160125	-25.85737270677026
165.179953	-25.95298182062358
165.199961	-26.04660622560825
165.220203	-26.138110749079164
165.240694	-26.22768516491607
165.260705	-26.315825655824785
165.280959	-26.403047608843206
165.299968	-26.489582397013052
165.319972	-26.575309782857204
165.340007	-26.66000861668779
165.360224	-26.74373632300888
165.379971	-26.82700306636879
165.399987	-26.910583965093455
165.419975	-26.995074808513966
165.439952	-27.080546414930748
165.460155	-27.16660006387853
165.479999	-27.252846490298698
165.499979	-27.33943462471708
165.519984	-27.42716035857715
165.539988	-27.51698373837491
165.560122	-27.609300004486656
165.580194	-27.703583120193656
165.599961	-27.798745701618643
165.61997	-27.893947748196325
165.639985	-27.98918625851434
165.660309	-28.08521901644325
165.679954	-28.182944411935566
165.69998	-28.282796010923278
165.719993	-28.38459553597265
165.739978	-28.487852040353946
165.76006	-28.592158897861157
165.779962	-28.697379914363605
165.800217	-28.803610080632552
165.819986	-28.911044646238427
165.83997	-29.019871123908697
165.860162	-29.13018190906611
165.879966	-29.241914943784643
165.899977	-29.354870153692964
165.919975	-29.468825620147165
165.940209	-29.58367903634666
165.96093	-29.69945664783565
165.980198	-29.816174857738513
166.000247	-29.93366178758414
166.0202	-30.051528919463102
166.040215	-30.169325170211057
166.060173	-30.286723471839085
166.080213	-30.403595141834487
166.099956	-30.519923752564235
166.119968	-30.635646718728307
166.139931	-30.750554325480522
166.160305	-30.86432871629773
166.180207	-30.976698449370005
166.200051	-31.087615950380215
166.220025	-31.19730063508439
166.240203	-31.30607473764558
166.260294	-31.414079604223012
166.279983	-31.521102884160918
166.299974	-31.626688987173342
166.319982	-31.730478002147507
166.33998	-31.83249091584113
166.360393	-31.933131099914966
166.380086	-32.03295141460921
166.399952	-32.13242873199226
166.420205	-32.231922238505604
166.439955	-32.33176948986263
166.460663	-32.43232326723066
166.479982	-32.53386192117562
166.499963	-32.63647223533155
166.519972	-32.74003703373325
166.539974	-32.84435947596293
166.56017	-32.94929092761547
166.579971	-33.05478559222611
166.599961	-33.16089157023871
166.620253	-33.267720574014476
166.639948	-33.375404260432894
166.660154	-33.48402581973934
166.679961	-33.59354655841894
166.700207	-33.703811224571226
166.72071	-33.8146090209608
166.740514	-33.92572678719707
166.760819	-34.036935203876574
166.779936	-34.14796175631738
166.799943	-34.25855789196437
166.820025	-34.36867191881509
166.839991	-34.47858269643363
166.86024	-34.588796895476904
166.879942	-34.69971738123268
166.899954	-34.811298684868994
166.919954	-34.92297127962358
166.939901	-35.0339307713941
166.960539	-35.143606192608594
166.979993	-35.25198815982408
166.99999	-35.35956210211295
167.019974	-35.46686327833765
167.039966	-35.57396365773928
167.060236	-35.68026828296375
167.080208	-35.78480952471846
167.100008	-35.886850243625624
167.120091	-35.986330434549274
167.140042	-36.08380192766719
167.160174	-36.17995146531592
167.17996	-36.275136931002876
167.199965	-36.369344116200345
167.219985	-36.462506985038445
167.240212	-36.55479308425668
167.260323	-36.64654771932197
167.279998	-36.73797527560475
167.299975	-36.82891763497171
167.319953	-36.91896219813107
167.339964	-37.00775485983079
167.360088	-37.09522598887298
167.379988	-37.18157490769343
167.399986	-37.26711484486481
167.419966	-37.35216956287992
167.439954	-37.43707020357975
167.460294	-37.522178650667456
167.479969	-37.60784453367569
167.500001	-37.69431372959962
167.519976	-37.781651407968084
167.539966	-37.86972320955181
167.560296	-37.95823886309072
167.579957	-38.04685263939409
167.599979	-38.135311475723185
167.619986	-38.223589244878816
167.6402	-38.31190422520284
167.660336	-38.40057558860181
167.679957	-38.489798884675494
167.699958	-38.579516026034604
167.720009	-38.66947009140944
167.740052	-38.75937842157417
167.760372	-38.84908467703168
167.78021	-38.938598941946104
167.799973	-39.02804882647351
167.819991	-39.117602051337585
167.840209	-39.20739709575128
167.86001	-39.29750626670773
167.879972	-39.38794666351885
167.899959	-39.47874693283734
167.92001	-39.57001305967232
167.939974	-39.6619116514532
167.960317	-39.75456896535464
167.980214	-39.84798822491016
168.000236	-39.94208480081602
168.019981	-40.0367958777479
168.040234	-40.132123126457735
168.060292	-40.22802305362008
168.079982	-40.32425151670496
168.099993	-40.4203478272843
168.12007	-40.515833147097716
168.13997	-40.6104671934395
168.16004	-40.70434086279564
168.180004	-40.79774330405834
168.199974	-40.89095124852235
168.219976	-40.98411086966113
168.24023	-41.0772488500322
168.260213	-41.17032824392511
168.280141	-41.263260983284695
168.300005	-41.35590939349931
168.319971	-41.44813183967422
168.339946	-41.53986750914666
168.359992	-41.63120047350375
168.379978	-41.722351671026786
168.399982	-41.81363119526925
168.420009	-41.90539067375907
168.440969	-41.99798896569138
168.460112	-42.09177632683657
168.479972	-42.1870625645764
168.499997	-42.284083044050135
168.52002	-42.38298763372107
168.540005	-42.483818278699836
168.560377	-42.58649679230137
168.580188	-42.69085569693776
168.600005	-42.79671727106147
168.620029	-42.90398946183436
168.640068	-43.01274902011545
168.659995	-43.12326517772208
168.679981	-43.23594420310537
168.699964	-43.3511775179375
168.720006	-43.469103466592216
168.739973	-43.589403369386176
168.760056	-43.71132255837973
168.780012	-43.83402718014074
168.800068	-43.957129152253046
168.820067	-44.080973974095784
168.840014	-44.20639388439449
168.860017	-44.33404971473749
168.879978	-44.463864226774746
168.899969	-44.595015961818575
168.919989	-44.72649575718288
168.940015	-44.85774279610085
168.960504	-44.988852198779924
168.980212	-45.12026251704004
169.000026	-45.25225954120168
169.020274	-45.38470965561521
169.039947	-45.51715948062337
169.059999	-45.64909993058685
169.079953	-45.78014694802993
169.099998	-45.910062247586325
169.120038	-46.03867870056051
169.139996	-46.16585079317432
169.160019	-46.29145131708131
169.179973	-46.415429796688656
169.200216	-46.53787496524426
169.220022	-46.659034456557784
169.240091	-46.779261675563234
169.260037	-46.89888475960628
169.279956	-47.0180716933039
169.300079	-47.13679714536266
169.320003	-47.25495654496183
169.339978	-47.372536630633945
169.360003	-47.48971738846612
169.379959	-47.60683167447842
169.400002	-47.72423354016808
169.420401	-47.842203596850844
169.439934	-47.960976564408554
169.46002	-48.08082247105379
169.479965	-48.2020663879584
169.499989	-48.32500300489084
169.519973	-48.44975606229572
169.539983	-48.57622367917696
169.560006	-48.70414756858914
169.579974	-48.83324483825766
169.599979	-48.963299627365984
169.620227	-49.094190502489845
169.639971	-49.225905373321545
169.660003	-49.35856663202608
169.679965	-49.49240626763116
169.699975	-49.62763391373995
169.719982	-49.76423653021973
169.739958	-49.90187124591125
169.759982	-50.04001342437519
169.78033	-50.17829068840644
169.799966	-50.31675921925293
169.820017	-50.455890242189426
169.839979	-50.59625910646438
169.860466	-50.73818701014808
169.880197	-50.88159104353788
169.899982	-51.02611600944304
169.919966	-51.17137356479258
169.939967	-51.31710523913298
169.959974	-51.46318155247842
169.979959	-51.60953054483078
169.999994	-51.75609839847532
170.020204	-51.90283109807526
170.039925	-52.04962292223862
170.06044	-52.1962207229405
170.080382	-52.342200394149565
170.100651	-52.487099913817374
170.120035	-52.630641788083366
170.140082	-52.77284430546751
170.160008	-52.913909398756985
170.180016	-53.053976890989155
170.200031	-53.192969351799206
170.219983	-53.33069217846745
170.239996	-53.46706435997757
170.260363	-53.60225313937332
170.279974	-53.736595372643876
170.300298	-53.87042141764885
170.320026	-54.00398545599466
170.340242	-54.137535399025936
170.360248	-54.2713615492965
170.379961	-54.40568857195805
170.399995	-54.54048275374309
170.419952	-54.675431712285366
170.440027	-54.81020851088754
170.460078	-54.94483674876834
170.479987	-55.07983405659756
170.500255	-55.21596707313006
170.520052	-55.35381557221013
170.540294	-55.49348087643768
170.559974	-55.634651430724155
170.580004	-55.77692557518187
170.599984	-55.92010681086232
170.619963	-56.06427062305408
170.639984	-56.20960137729216
170.660947	-56.356194043711476
170.679977	-56.504006457443474
170.69996	-56.65295109778699
170.720001	-56.80301770582087
170.740265	-56.95433167485353
170.76059	-57.10709860520227
170.780039	-57.26151697482148
170.799958	-57.417690008823556
170.820028	-57.5755449756202
170.840027	-57.73478730171224
170.859942	-57.89495759856429
170.880088	-58.055654244334704
170.900039	-58.216807781115854
170.919986	-58.37872792087718
170.940202	-58.54177098654783
170.959998	-58.705878391610646
170.980242	-58.87041073476006
171.000268	-59.034536494495875
171.019959	-59.197852811683546
171.039953	-59.36063908819138
171.060004	-59.52348697533331
171.080218	-59.68664783822468
171.099965	-59.84976349974437
171.119995	-60.012226172433245
171.13999	-60.1737932817066
171.159998	-60.33482709923826
171.179955	-60.49594533636923
171.199961	-60.6574826517676
171.220017	-60.81928511198338
171.240002	-60.98097927013415
171.260392	-61.142322967271085
171.280247	-61.303296594486525
171.300091	-61.463920669422386
171.320053	-61.62410612159429
171.340187	-61.78374561322962
171.359996	-61.94291672766789
171.379962	-62.10191559053899
171.399964	-62.26107005338014
171.420019	-62.42048344391141
171.440023	-62.57991688444609
171.460509	-62.73892097033602
171.481074	-62.89707882876698
171.500577	-63.05422622242271
171.520806	-63.21049442641996
171.540881	-63.36617398364915
171.559959	-63.52151906874474
171.580112	-63.67658882614347
171.60051	-63.83126039225545
171.620743	-63.985395866435134
171.640827	-64.1390038309605
171.659994	-64.29225779091836
171.679972	-64.4453659619226
171.700212	-64.59844531250083
171.720219	-64.75157038708376
171.739963	-64.90495676459899
171.760466	-65.05900812025266
171.779994	-65.21404588751113
171.800009	-65.36983271734067
171.819991	-65.52535913189404
171.839937	-65.67927413684362
171.860129	-65.83074971408627
171.88005	-65.98011292904526
171.900027	-66.1286105168697
171.919979	-66.2774090303198
171.940247	-66.42663944141503
171.959986	-66.57532849549433
171.98001	-66.72227801537156
172.000002	-66.86713697202843
172.02006	-67.01073721447483
172.040016	-67.1544327672566
172.060094	-67.29910268054914
172.080245	-67.44469505171098
172.10055	-67.59064346585478
172.120026	-67.73667040459912
172.139984	-67.88320894049076
172.160038	-68.03113215244603
172.179989	-68.18113724196097
172.200159	-68.33334944629338
172.219977	-68.48743303890024
172.240236	-68.64295847103354
172.260437	-68.79964380516375
172.280064	-68.95736106895392
172.300302	-69.11600550348065
172.320274	-69.27545513071868
172.341453	-69.43564639709727
172.360054	-69.5966039961857
172.380012	-69.75831054134729
172.400277	-69.92048207302614
172.419934	-70.08251743554776
172.439983	-70.24371642166136
172.460336	-70.4036773614892
172.479987	-70.56253268384954
172.500028	-70.7207887523191
172.520248	-70.8788440645724
172.539963	-71.03660490421014
172.560003	-71.1935473315835
172.580004	-71.34917327250575
172.600061	-71.50342278884807
172.620105	-71.65660942725673
172.640304	-71.808944709614
172.660026	-71.96013014761608
172.680231	-72.10948184398433
172.700048	-72.25651702727036
172.719965	-72.40148216951742
172.740215	-72.5453238104999
172.759993	-72.68912974609549
172.779947	-72.83350435356057
172.800505	-72.97836351778967
172.820041	-73.12324824756914
172.840261	-73.2677971325025
172.860034	-73.41199870411195
172.879948	-73.55610694521842
172.900746	-73.70038168587465
172.920647	-73.84491081645591
172.940751	-73.98958142933765
172.960012	-74.13415134967356
172.980013	-74.27833313886123
172.999998	-74.42189285587122
173.020216	-74.56476206984195
173.039935	-74.7071483951917
173.060057	-74.84951451049878
173.079961	-74.99238247903706
173.099995	-75.13602919461971
173.11997	-75.28028555928636
173.140131	-75.42471976353146
173.160032	-75.56908784503538
173.180051	-75.71367300708225
173.199974	-75.8591534699443
173.220028	-76.00602889043999
173.240062	-76.15410840515091
173.26002	-76.30260570587605
173.279971	-76.45081249973822
173.299964	-76.59876160271456
173.31997	-76.74726682214444
173.33998	-76.8972841489319
173.359994	-77.04917776973343
173.379977	-77.20253263159877
173.399985	-77.35657824637183
173.419966	-77.51075761549572
173.439977	-77.66492332546817
173.45999	-77.81910151465486
173.479977	-77.97319437328487
173.499985	-78.12694313546552
173.519954	-78.28011210793227
173.539955	-78.43265223299728
173.560719	-78.58465634628898
173.579952	-78.73621480459897
173.599976	-78.88734888224292
173.619983	-79.038044031616
173.639951	-79.18833769131588
173.659993	-79.33832091223343
173.67996	-79.48810063019894
173.699993	-79.63776976184131
173.71999	-79.78739530144156
173.740055	-79.93698610752702
173.760036	-80.08646537129037
173.779963	-80.2357173547228
173.799984	-80.38474186397167
173.819969	-80.53379779055398
173.840027	-80.68335526267478
173.860244	-80.8338406668537
173.879968	-80.98537630505643
173.899986	-81.13775578541099
173.920024	-81.29068979551892
173.940015	-81.44410784156032
173.960004	-81.5982364806896
173.98	-81.75341004230093
173.999967	-81.90980349869486
174.020072	-82.06732110692666
174.040033	-82.22571317496157
174.059999	-82.38478635861206
174.08024	-82.54453829379251
174.099972	-82.70514931168977
174.119971	-82.866856400284
174.139964	-83.02979978911722
174.160037	-83.19392725781317
174.180228	-83.35901530476293
174.200204	-83.52482505940809
174.220137	-83.69130255576341
174.239933	-83.85866173716043
174.260002	-84.02726143704984
174.279963	-84.19734919346728
174.299989	-84.36890926321469
174.320024	-84.54171969647518
174.339966	-84.7155267500589
174.360202	-84.89014344275742
174.380076	-85.06538463425602
174.400011	-85.24096756181999
174.420191	-85.41655220695367
174.439991	-85.59192221458456
174.460265	-85.76709045490855
174.479962	-85.9421763893676
174.499972	-86.11712704664815
174.520039	-86.29154008245216
174.539985	-86.46479326123091
174.560196	-86.63639082834939
174.579953	-86.80624778783574
174.599965	-86.9746882079334
174.620709	-87.14216166311257
174.640564	-87.30893238141218
174.659973	-87.47497272292239
174.680457	-87.64007330445175
174.700684	-87.80405907338974
174.719974	-87.96693508369589
174.739961	-88.12888203239017
174.759993	-88.29018428848877
174.779968	-88.45114815430338
174.799962	-88.61201435029338
174.820011	-88.7729124064221
174.840215	-88.93388168476991
174.860277	-89.0949660988758
174.880003	-89.25632589378854
174.900225	-89.41825085190084
174.920017	-89.58105809776767
174.940236	-89.74493670359792
174.96002	-89.90984364970925
174.980008	-90.07552178752792
175.000002	-90.2416022179333
175.020027	-90.4077378060004
175.039979	-90.57371710866744
175.060051	-90.73954670801521
175.079979	-90.90547004813551
175.100012	-91.07188557842036
175.119974	-91.23915071234593
175.139969	-91.40736252522174
175.159997	-91.57628161132834
175.180228	-91.74546309986808
175.200013	-91.91451273101976
175.220096	-92.08325132679842
175.240285	-92.25166355684459
175.25997	-92.41974797859271
175.280055	-92.58743466235843
175.300046	-92.75468162470861
175.319991	-92.92164108565277
175.340043	-93.08867653452661
175.360284	-93.25619569401722
175.379972	-93.42443103810712
175.400222	-93.59332512162084
175.420018	-93.76263490047995
175.440239	-93.93216499935492
175.460022	-94.10191194442878
175.480005	-94.27203448485518
175.499981	-94.44267436571288
175.519973	-94.61377043329095
175.539942	-94.78499165816628
175.560041	-94.95584338525308
175.579976	-95.1258751630556
175.600001	-95.29486679600026
175.620041	-95.46285680584292
175.640003	-95.63002142331275
175.660008	-95.79648984234268
175.680005	-95.96223932116305
175.700216	-96.12714256312589
175.71999	-96.29109996021285
175.740215	-96.4541314999755
175.75998	-96.61635718063579
175.779969	-96.77789839048405
175.79996	-96.93880072352263
175.819987	-97.09905007049072
175.840218	-97.25863962820614
175.860001	-97.41761945073367
175.879961	-97.57607108619314
175.899972	-97.73403835494341
175.920017	-97.89150609069404
175.939976	-98.04845924877573
175.95999	-98.20498083404026
175.980009	-98.36131110037311
175.999958	-98.51778128761677
176.020234	-98.67465268751602
176.040463	-98.83199862631663
176.059968	-98.98973771071297
176.079961	-99.14778727870417
176.100259	-99.30620856066317
176.119965	-99.46519407209044
176.140738	-99.6248991108763
176.16076	-99.78529957204073
176.180916	-99.94621836817919
176.199951	-100.10748504467723
176.219974	-100.2690732720735
176.23999	-100.43110804136037
176.260217	-100.59380563599771
176.2809	-100.75741349152256
176.299955	-100.92218067331726
176.319965	-101.08821447816075
176.339987	-101.25525671006935
176.359989	-101.42264797879689
176.379971	-101.58969669254775
176.400206	-101.75631976941911
176.419993	-101.9233502338029
176.439929	-102.09203075884308
176.460321	-102.26291453075311
176.47997	-102.43516428298592
176.500222	-102.60700735492247
176.519988	-102.77711533088099
176.540279	-102.94570807324055
176.560011	-103.11432578990201
176.580056	-103.28444731020632
176.600059	-103.45617687812084
176.620288	-103.62817766275681
176.63994	-103.79880504017424
176.660224	-103.96734003191189
176.679975	-104.13423820967958
176.699964	-104.30035532975405
176.72024	-104.4660069480538
176.740214	-104.63073775746916
176.759989	-104.79384558783055
176.779981	-104.95500862019055
176.799952	-105.11443217027951
176.820003	-105.27249801182879
176.840183	-105.4294127613853
176.859981	-105.58517472199252
176.879987	-105.73978858729886
176.899955	-105.89340213830101
176.919965	-106.04621345725027
176.939976	-106.19829613798446
176.959946	-106.34958688006796
176.980426	-106.50008797628807
177.000041	-106.65004926665718
177.02001	-106.79994826154251
177.039981	-106.95024147219654
177.059955	-107.101127556031
177.079997	-107.25254349377894
177.10007	-107.40436684189879
177.119997	-107.55660125580927
177.14	-107.709349860402
177.159982	-107.86260813375435
177.179969	-108.01611811937694
177.199992	-108.1695050286627
177.219972	-108.32259942316847
177.239983	-108.47565299270656
177.259994	-108.62920532436503
177.279977	-108.78368996885543
177.299983	-108.93910654816612
177.319951	-109.09504008087043
177.340022	-109.25099433606057
177.360001	-109.40675615830594
177.379968	-109.562495412141
177.400207	-109.71857397625199
177.419965	-109.8752769883719
177.439978	-110.0326707313039
177.460005	-110.19066517303699
177.479994	-110.34915663955637
177.500001	-110.50809171772359
177.519974	-110.66742302778769
177.539944	-110.82703572102622
177.559983	-110.98673013414486
177.579975	-111.1462781071896
177.600298	-111.30549310712613
177.620053	-111.46426351151332
177.64004	-111.62254206636115
177.659992	-111.78029978013105
177.680007	-111.93748358540643
177.700003	-112.0939856011773
177.719985	-112.2496743190614
177.739975	-112.40446865145466
177.759968	-112.55839552693124
177.779965	-112.71157776443376
177.799974	-112.86415138679801
177.82001	-113.01619791906862
177.839965	-113.16776955326888
177.860315	-113.3189676952221
177.879963	-113.46997225061605
177.900275	-113.6209452382892
177.919978	-113.77188355017462
177.940308	-113.92257216727309
177.960861	-114.07270120607524
177.979952	-114.22209042088532
178.000207	-114.37080065887548
178.020154	-114.51906395197165
178.040557	-114.6671146254461
178.061146	-114.81508555537049
178.079945	-114.96309046913615
178.099965	-115.11133917958776
178.12023	-115.26011105464303
178.140477	-115.4095811840046
178.160781	-115.559668432719
178.180001	-115.7101216762523
178.200251	-115.86076543146197
178.221043	-116.01161386008016
178.23998	-116.16273042787232
178.259986	-116.31399627400896
178.280206	-116.46512696951346
178.299987	-116.61600717182105
178.320019	-116.76692416969034
178.340223	-116.91838687977118
178.35999	-117.07063259061461
178.380197	-117.2233127758788
178.399999	-117.37575699988105
178.419969	-117.52762132855104
178.440249	-117.67930742491565
178.459977	-117.83174765822476
178.479951	-117.98572190685748
178.499969	-118.14129802289617
178.519997	-118.29785582947504
178.540033	-118.45458713619674
178.560234	-118.61102143162901
178.579958	-118.7672071757443
178.599979	-118.92352265123327
178.62004	-119.08033705844733
178.640056	-119.23775918022844
178.659984	-119.39555603363978
178.679961	-119.55324739207221
178.700011	-119.7103379352938
178.72004	-119.8665185509823
178.74002	-120.02171704636048
178.760226	-120.17598881075364
178.780183	-120.32936589204773
178.799971	-120.48184735334182
178.820055	-120.63347191844731
178.840035	-120.78435155138494
178.860015	-120.93461720094014
178.88002	-121.08432340297692
178.900081	-121.23345593926945
178.920051	-121.382016814022
178.939955	-121.53005424341056
178.959989	-121.67762491039112
178.980101	-121.82471762459382
178.999968	-121.97125803953843
179.020034	-122.1172154026047
179.040053	-122.26265835743212
179.059999	-122.40767113437238
179.079957	-122.55220889927774
179.099958	-122.6960517275957
179.121078	-122.83894713297457
179.140265	-122.98085948901483
179.160247	-123.12206988631971
179.179977	-123.26303645379353
179.200067	-123.40413138633791
179.220047	-123.5454628351756
179.240024	-123.68694805365348
179.260131	-123.82851846080423
179.279974	-123.97023038838202
179.299961	-124.11214578558706
179.320004	-124.25412376890209
179.340202	-124.3957983696364
179.360039	-124.53686667970386
179.380292	-124.6774420307532
179.399995	-124.81809381838231
179.419955	-124.9594452127296
179.439978	-125.1016311281852
179.460025	-125.24414584088605
179.480191	-125.38625581579463
179.499965	-125.52766038119148
179.519987	-125.66880662988679
179.539971	-125.81058383775269
179.560233	-125.95370152999271
179.579955	-126.098319005266
179.600203	-126.24420684389175
179.619976	-126.39118430300951
179.639955	-126.53935956532996
179.659998	-126.68894510884722
179.680173	-126.8399291815734
179.699974	-126.99199196503177
179.720201	-127.14476672186268
179.740247	-127.2981566709279
179.760232	-127.45236952709598
179.7806	-127.60764671982886
179.799965	-127.76398350220335
179.820025	-127.92110288645152
179.839969	-128.0786436419588
179.860051	-128.2363673517734
179.880656	-128.39415372479257
179.899977	-128.55186735624306
179.920019	-128.70926594259353
179.94016	-128.86603611224396
179.960303	-129.02191674125046
179.980441	-129.17677144033468
180.000504	-129.33059437218847
180.02083	-129.48346019755348
180.040233	-129.635443199705
180.060044	-129.78649285759533
180.080255	-129.93635580318534
180.099978	-130.08465874929067
180.119994	-130.23116804041376
180.139996	-130.3760347845311
180.160253	-130.51975764593593
180.180785	-130.662841234927
180.201004	-130.8054459986666
180.219992	-130.94741540237052
180.24031	-131.08866143865302
180.260024	-131.22953843743213
180.28001	-131.3707722445875
180.300071	-131.5129567187347
180.320011	-131.65608669536365
180.340095	-131.7995416249733
180.360076	-131.94253070307136
180.380104	-132.08459665447518
180.400011	-132.2258492735107
180.420001	-132.3668744418921
180.440046	-132.50847201695962
180.459948	-132.65133960713766
180.480071	-132.79574877676166
180.499983	-132.94132422801366
180.519981	-133.08714058674533
180.539931	-133.23221344485364
180.560022	-133.37611993451912
180.579997	-133.51930125499965
180.600058	-133.66275660824428
180.620054	-133.80735854772726
180.640314	-133.9533037428707
180.659981	-134.10008305220921
180.679968	-134.24692382761035
180.699969	-134.39328473138033
180.719965	-134.53907454492193
180.739982	-134.68452178812367
180.760319	-134.82991152371469
180.779961	-134.97538553495622
180.800254	-135.12085495126271
180.819995	-135.26603824794745
180.839932	-135.41057488950003
180.86025	-135.55417573569204
180.879966	-135.69675541980806
180.9001	-135.83843006588282
180.920031	-135.9793667339765
180.940024	-136.11960747695582
180.959952	-136.25899040510612
180.980048	-136.39726686647916
181.000061	-136.53433056277413
181.019971	-136.67034600549457
181.039924	-136.8056578945897
181.060302	-136.94052884568939
181.079954	-137.07491834874443
181.09997	-137.20849013821413
181.119989	-137.3408390366872
181.140239	-137.47175242577802
181.160009	-137.60129474918372
181.179984	-137.72968524023227
181.200278	-137.8571059090715
181.220305	-137.9836239279392
181.239976	-138.10925575678613
181.260111	-138.2340675716505
181.279979	-138.3582050599814
181.300019	-138.4818303916933
181.320289	-138.60503894694932
181.341083	-138.7278513826471
181.360208	-138.85028729537518
181.380069	-138.97244345718144
181.400028	-139.09450397939406
181.41997	-139.21671491500078
181.43994	-139.3393684770656
181.46002	-139.46283791027966
181.479959	-139.58757737721243
181.49998	-139.71400412687476
181.520238	-139.8422816012818
181.539989	-139.9722287637817
181.560239	-140.10352251513837
181.579973	-140.23609829134602
181.599969	-140.37040239958222
181.62003	-140.5071742286798
181.639985	-140.64688923863858
181.660033	-140.7893265791797
181.680017	-140.93369058262712
181.700342	-141.0792036765061
181.720024	-141.22567128408286
181.739952	-141.3735336184511
181.759959	-141.52341838174118
181.779948	-141.67564827146023
181.799953	-141.83012548892958
181.819974	-141.9865981808508
181.840027	-142.1449419958128
181.860197	-142.30517425512386
181.879935	-142.4672500880481
181.899956	-142.6309347450941
181.919975	-142.79593025653327
181.94	-142.96213943362594
181.960002	-143.12978541478552
181.97999	-143.29924522870704
182.000158	-143.4707503095116
182.02022	-143.64420425249122
182.039962	-143.81926656867492
182.060028	-143.9956014156663
182.07997	-144.17311330206303
182.100968	-144.35196791311498
182.120448	-144.53240507192908
182.140965	-144.71449128913716
182.160038	-144.89797533166058
182.180668	-145.08234075287857
182.201203	-145.26700139013477
182.220098	-145.45157945406422
182.240048	-145.63603373704368
182.260311	-145.82058048081717
182.279978	-146.00539236714826
182.300251	-146.1902619723971
182.320024	-146.37454906917304
182.34027	-146.55751834016561
182.360047	-146.73882014112203
182.379959	-146.91867593252815
182.399964	-147.09757148399646
182.419993	-147.2757229973279
182.439975	-147.45282414758657
182.46004	-147.6282694474476
182.480266	-147.80159767722506
182.499971	-147.97273705235676
182.519993	-148.1418734808369
182.540035	-148.30920866717457
182.560254	-148.47492661621664
182.579968	-148.63937683193996
182.600063	-148.80317440796054
182.619986	-148.96698445430323
182.639996	-149.13113350417436
182.660075	-149.2954447448447
182.680003	-149.45952159230558
182.69996	-149.6232315624576
182.719984	-149.786957552348
182.739992	-149.95137478012538
182.760251	-150.11699625798767
182.779967	-150.2838948764533
182.79996	-150.45181368881225
182.820038	-150.62048215362222
182.840018	-150.7898595057737
182.860016	-150.96010874692624
182.880044	-151.13142633844464
182.90001	-151.30392418372003
182.920076	-151.47763581139313
182.940176	-151.6526257877993
182.960093	-151.82903718854922
182.979982	-152.00703181535206
183.000043	-152.18672554274377
183.020076	-152.36815875472695
183.040081	-152.55133593290188
183.060397	-152.73627452708982
183.079998	-152.92302448020865
183.099987	-153.11164993531594
183.120206	-153.30219035860767
183.140033	-153.4946500046497
183.160296	-153.68898376621212
183.179992	-153.88509962172049
183.199985	-154.082849077014
183.220024	-154.28200083451213
183.240041	-154.48221045236917
183.260127	-154.68302313399303
183.279978	-154.88396620450806
183.300005	-155.08468589430115
183.320079	-155.28499962488766
183.340054	-155.48478535256828
183.360246	-155.68379173699913
183.379985	-155.8815621253715
183.399989	-156.07758373099293
183.420005	-156.27153911539605
183.439997	-156.46342829883378
183.459982	-156.6534696375538
183.479945	-156.84191240765549
183.500225	-157.02897233701242
183.520097	-157.21491467060693
183.539981	-157.40011334048046
183.560169	-157.58495742537164
183.579996	-157.76968278919313
183.599985	-157.95430791376884
183.620057	-158.1387551523621
183.640275	-158.32303194054992
183.660036	-158.5072749175241
183.679999	-158.69163515645127
183.700096	-158.87616172407743
183.720042	-159.06084719131414
183.740075	-159.245799709035
183.760439	-159.43136286956624
183.779974	-159.61804072408768
183.800316	-159.80625953206322
183.819986	-159.99615523972946
183.840024	-160.18755204564883
183.860132	-160.38015558392138
183.879987	-160.57382594691063
183.899982	-160.76870899245512
183.920236	-160.9651260174539
183.940028	-161.16330462491104
183.960244	-161.3631826403278
183.980058	-161.56447159817813
184.000085	-161.76694155524007
184.020064	-161.97064539919472
184.04024	-162.1758571229494
184.059971	-162.38275998180617
184.080142	-162.59116275031187
184.100004	-162.80054085479637
184.120005	-163.0103897957379
184.13999	-163.2205857637852
184.160193	-163.43147676974314
184.180112	-163.64362726141437
184.19997	-163.8574341072852
184.219974	-164.07287316514672
184.240064	-164.28952836579907
184.260267	-164.5068382270961
184.280002	-164.72439230500459
184.300071	-164.942103344733
184.320005	-165.16015432030468
184.340074	-165.3787517657906
184.360158	-165.59784202554846
184.380215	-165.81702502129943
184.400032	-166.0357125478157
184.420103	-166.25338435958116
184.440015	-166.46971185305614
184.460127	-166.68446421558042
184.480014	-166.89734036328937
184.49997	-167.10797493412846
184.520051	-167.31609539751466
184.540238	-167.52165527707166
184.560168	-167.7247722839528
184.579973	-167.9255208410917
184.600209	-168.12383635187106
184.619957	-168.3196615708568
184.639956	-168.51317541433292
184.660089	-168.70487153090357
184.679966	-168.89538656836638
184.699983	-169.08524020402504
184.719966	-169.27473380342394
184.74016	-169.46407347906674
184.760358	-169.65356840146228
184.780532	-169.84372054947335
184.799963	-170.03512627887412
184.820072	-170.22826279622078
184.84002	-170.4233059732171
184.860012	-170.62007606620926
184.879956	-170.81813240773545
184.899976	-171.01699521786776
184.91997	-171.2163541288145
184.939984	-171.41613425188154
184.959979	-171.61640884691062
184.980112	-171.81729440839607
185.000103	-172.01897252734577
185.019971	-172.22177825679492
185.039935	-172.42614941698181
185.060208	-172.6323469818406
185.079955	-172.84016136888826
185.100004	-173.0489311826095
185.120221	-173.2579836267091
185.139989	-173.46716621683694
185.160202	-173.6769771888012
185.179975	-173.88816819742206
185.200266	-174.1011553535196
185.219964	-174.31575082640083
185.240033	-174.53138367243596
185.260304	-174.74752218491707
185.279979	-174.96390577835086
185.300379	-175.18042583693457
185.320012	-175.39688244839797
185.340131	-175.61289863773547
185.360126	-175.82804031471468
185.379965	-176.04197439815096
185.40079	-176.25449903029553
185.419984	-176.46547434935536
185.439993	-176.67473808476086
185.459992	-176.88208961339876
185.479968	-177.08735011342998
185.500203	-177.29042942721136
185.520087	-177.49141537807023
185.540055	-177.6906124556963
185.560225	-177.88846547592328
185.579972	-178.0853733126994
185.600026	-178.28151734662234
185.620234	-178.47688140142537
185.63999	-178.67150306996436
185.660014	-178.8656791118729
185.679985	-179.05987657936052
185.700418	-179.25437796135716
185.720048	-179.4490196800089
185.739977	-179.6433638389568
185.760202	-179.83720061769176
185.779983	-180.0309435340428
185.800101	-180.2254883675235
185.820303	-180.42164129752285
185.840216	-180.61960926874858
185.860023	-180.81898652078053
185.88	-181.01916425613862
185.900052	-181.2197582367208
185.920001	-181.4207338627291
185.940051	-181.62225356512005
185.960262	-181.82451243220885
185.980022	-182.02768154449197
186.00004	-182.23189364691268
186.020266	-182.43715158676852
186.040279	-182.6432688492393
186.06002	-182.84998301460473
186.07999	-183.05719742975052
186.100003	-183.2651423282412
186.120354	-183.47420907242548
186.139984	-183.68462043059003
186.160031	-183.8962242788347
186.180001	-184.1086015270177
186.200062	-184.3213829312823
186.219991	-184.53442420545747
186.240129	-184.74773475820797
186.259977	-184.96129736899056
186.27999	-185.1749828675895
186.300049	-185.38859520726047
186.320133	-185.6019283798419
186.340003	-185.8147369937066
186.360051	-186.02671063020276
186.379969	-186.2375257779555
186.400023	-186.44695302874052
186.419963	-186.65489302674627
186.439997	-186.8613064104569
186.459974	-187.06613074491128
186.479954	-187.26929838275143
186.499977	-187.47085942952003
186.520036	-187.6710436490936
186.540021	-187.87016023717678
186.560872	-188.06841800601796
186.580546	-188.26585372106769
186.600809	-188.46241887938345
186.620068	-188.6581182564917
186.640105	-188.85305259276677
186.659994	-189.04733568122145
186.679968	-189.2410525987227
186.700041	-189.43433324134986
186.719997	-189.62745360286058
186.740024	-189.8207648056793
186.75998	-190.01447822959935
186.779956	-190.2085407060852
186.799969	-190.4028176008769
186.81996	-190.5974745535309
186.839932	-190.79313080318144
186.860333	-190.99050058396114
186.879976	-191.18971733862244
186.899989	-191.38994264921297
186.919967	-191.58971614918218
186.939968	-191.78790132435344
186.959939	-191.98449445717634
186.980082	-192.18066525575279
187.000013	-192.37798476501632
187.020012	-192.57743908922677
187.039996	-192.77895478450358
187.060247	-192.98170233874433
187.079981	-193.1848500800668
187.100031	-193.38816523989684
187.119999	-193.5920811313442
187.140231	-193.79728198259699
187.160333	-194.0041592471415
187.179975	-194.21253138613005
187.200196	-194.4217485207161
187.219989	-194.6310753079743
187.240299	-194.84004387900796
187.260346	-195.04857278321236
187.280186	-195.25680878814975
187.299964	-195.46486301812507
187.320019	-195.67261050694276
187.340082	-195.87966278825414
187.360024	-196.0854994118871
187.379957	-196.2896522784923
187.399974	-196.49185575167445
187.420221	-196.69204241603697
187.439974	-196.8902104304844
187.4604	-197.08626280372215
187.479975	-197.28000381147638
187.499978	-197.47132978326653
187.520225	-197.6604332580606
187.539986	-197.84782197103686
187.560309	-198.03406398195185
187.579951	-198.2194836767358
187.599975	-198.40408753323382
187.620045	-198.58776524620112
187.640013	-198.7705702401142
187.660037	-198.95281708803884
187.679961	-199.13494883706997
187.699959	-199.31732226061473
187.719971	-199.50011189822578
187.739946	-199.68335125378755
187.760414	-199.86703783349913
187.77995	-200.05122577233425
187.799944	-200.23607486498383
187.819953	-200.42182583062373
187.839968	-200.60869023080312
187.860217	-200.79669466067904
187.88016	-200.98561399012794
187.900238	-201.17509713642863
187.919987	-201.36488229161952
187.940288	-201.55492548128794
187.959988	-201.74534798465024
187.980214	-201.9363101299838
188.000244	-202.12798796277582
188.020281	-202.32063914764655
188.03995	-202.51457307241472
188.059966	-202.7099480703646
188.079961	-202.90658142983338
188.099964	-203.10405719173474
188.119975	-203.30213141000863
188.139929	-203.50108805645357
188.159978	-203.70164423046214
188.179974	-203.90439757641147
188.200078	-204.1092918030345
188.220032	-204.31559498199726
188.240054	-204.52240836697865
188.260079	-204.7292495334383
188.280247	-204.93617841820833
188.29998	-205.14341695756684
188.319993	-205.35087629186856
188.339981	-205.55803661904247
188.359976	-205.76425809128642
188.379985	-205.9691662648566
188.400277	-206.1727548845558
188.420231	-206.37517256603397
188.440006	-206.57643745991038
188.460565	-206.7763525161594
188.4802	-206.9746718105952
188.500035	-207.17133990933027
188.519957	-207.36657410247992
188.540011	-207.56073584569484
188.559982	-207.75410788621602
188.580092	-207.94674498054508
188.600248	-208.138523759997
188.620011	-208.32935128517724
188.64039	-208.51937370183032
188.660894	-208.70904048174805
188.680782	-208.89900724721838
188.700981	-209.08991732769482
188.719998	-209.28219555528307
188.740267	-209.47591471645734
188.760517	-209.67079628704644
188.780227	-209.86639381404876
188.80004	-210.06238272983055
188.820061	-210.25881754831394
188.840045	-210.45613180839624
188.859987	-210.65484554090963
188.88019	-210.85521579481988
188.900232	-211.05718062638036
188.919984	-211.26062414969022
188.940016	-211.46563607003156
188.959978	-211.672402680716
188.980003	-211.88079596147466
189.00025	-212.09013829820185
189.01998	-212.29953228403386
189.040009	-212.50852918065922
189.059988	-212.71748719606174
189.079976	-212.92724838952466
189.100279	-213.13842540288235
189.120213	-213.3510313051375
189.140034	-213.5647731923946
189.160396	-213.77960323999133
189.179961	-213.99587135420091
189.200044	-214.2139146411804
189.22001	-214.4335905075208
189.240245	-214.65431613511572
189.260375	-214.87558264531216
189.279988	-215.0973804629071
189.300031	-215.32005006512824
189.31999	-215.5437490974269
189.339952	-215.76812684271127
189.36005	-215.99253352679438
189.379955	-216.21650741886694
189.400039	-216.44000912937562
189.42001	-216.66312202356107
189.439991	-216.88556578737325
189.459988	-217.10653922954728
189.480207	-217.3250959252858
189.499955	-217.54076616214755
189.519973	-217.7538319855543
189.539972	-217.96501703838345
189.559955	-218.17489154240445
189.579989	-218.3835091897542
189.599987	-218.59057451076652
189.620288	-218.79593497607897
189.640371	-218.9999297596369
189.659994	-219.20327329148284
189.680008	-219.40661081052863
189.700238	-219.61017031155578
189.720058	-219.81380381114735
189.739978	-220.01733807324413
189.760372	-220.2208644978101
189.779961	-220.42472550131393
189.800003	-220.6292289115732
189.820244	-220.83439905029138
189.840034	-221.04003865746185
189.860433	-221.24601203199032
189.880202	-221.45245945507753
189.899977	-221.65971492745453
189.919958	-221.86795115419653
189.940027	-222.07689365531675
189.960369	-222.28590690611136
189.979962	-222.4944399994238
189.999974	-222.70248068549142
190.019995	-222.91060090470074
190.040012	-223.11954808311557
190.06023	-223.32975210490432
190.079953	-223.54120881436387
190.099969	-223.75383150321895
190.119975	-223.9678639997405
190.140008	-224.18388752058743
190.159987	-224.40238879617368
190.179968	-224.62333094276553
190.199966	-224.8461658089263
190.220227	-225.07025895134666
190.23998	-225.29527226447433
190.26	-225.52114082163533
190.279974	-225.74775984016904
190.300905	-225.97478337525266
190.319965	-226.20177664830808
190.339997	-226.42849807379858
190.360425	-226.65493163585077
190.380183	-226.88104097447345
190.400479	-227.10646817778968
190.419954	-227.3305802449178
190.440009	-227.55284697236866
190.460252	-227.77315377903162
190.480346	-227.99174783532405
190.500479	-228.20891461651155
190.520661	-228.42474763882714
190.540056	-228.6392084011726
190.560268	-228.85231132655588
190.579983	-229.064139765069
190.600246	-229.27471686159888
190.620323	-229.48396001389298
190.64002	-229.69187573548965
190.660232	-229.89877335985767
190.679967	-230.10521188189176
190.699967	-230.3116941924942
190.71997	-230.51844568956795
190.740037	-230.72558332521328
190.760276	-230.9335027611123
190.779967	-231.14298042161863
190.800199	-231.35472059624092
190.819997	-231.56871659233977
190.840011	-231.7840851251725
190.860148	-231.99966368122256
190.879989	-232.2149225232297
190.900029	-232.43034254339065
190.919989	-232.64692919195787
190.939973	-232.86529948491048
190.959986	-233.08519707237755
190.980013	-233.30581666738647
191.000008	-233.5265777160566
191.019984	-233.74759680623504
191.039991	-233.96952379722276
191.060434	-234.19297072646097
191.080102	-234.4180929285706
191.100002	-234.64468590408865
191.120226	-234.87256328100497
191.139975	-235.10187578713544
191.159973	-235.3330728222793
191.180012	-235.56661922860022
191.199994	-235.80277128311766
191.220005	-236.04155644071471
191.23997	-236.28289633604624
191.260591	-236.526718146942
191.2803	-236.77297282419147
191.30013	-237.02159915650918
191.320004	-237.27248849544978
191.340055	-237.52543933460845
191.360911	-237.780085453255
191.379967	-238.03587028837745
191.400016	-238.2921200796894
191.419965	-238.54821085340302
191.43997	-238.80370947292053
191.459977	-239.05838771251823
191.480231	-239.31218670891894
191.499986	-239.56523317253587
191.519993	-239.81781828063194
191.540023	-240.07018317159375
191.560234	-240.32217184855162
191.580346	-240.57303686792756
191.600269	-240.82174952827503
191.620017	-241.0676325829742
191.640049	-241.31076202268628
191.660587	-241.55172254503356
191.679998	-241.790953601999
191.700051	-242.0283500612222
191.719975	-242.26351921760678
191.74006	-242.49638368443098
191.760082	-242.72741235210546
191.780177	-242.9572388461061
191.799945	-243.18611503187003
191.819958	-243.41380424496288
191.83997	-243.6399847289365
191.860128	-243.86469976119528
191.879943	-244.088377505111
191.900082	-244.31147590182633
191.920252	-244.53421020215862
191.939938	-244.7566251798871
191.959941	-244.97883070897007
191.979963	-245.2010900661431
191.999989	-245.42372825694275
192.020004	-245.64703168927417
192.040279	-245.87124846990486
192.060641	-246.09661809322876
192.080049	-246.32325686653104
192.100236	-246.55100400439298
192.119983	-246.77944604400747
192.139989	-247.00820851530682
192.159981	-247.2372948343083
192.180038	-247.4671386378554
192.200009	-247.69825877548112
192.220054	-247.93081583326813
192.240248	-248.1644379759245
192.260048	-248.3984956730303
192.279982	-248.6326098508289
192.299972	-248.8669932914329
192.31996	-249.1023503072806
192.340018	-249.33938084289912
192.359938	-249.57826667099766
192.379963	-249.81851262774836
192.400006	-250.05930832170978
192.420014	-250.3001005792276
192.440235	-250.54094551570967
192.46022	-250.78240318917585
192.480207	-251.0250927890512
192.499953	-251.26927203818266
192.51996	-251.51471912032176
192.540049	-251.76091202846337
192.559979	-252.00731213216696
192.580056	-252.25356514051566
192.600007	-252.499547170316
192.620003	-252.74527978029838
192.640234	-252.99077977840625
192.660003	-253.235973848835
192.679981	-253.48072883786477
192.700016	-253.72496613979408
192.719976	-253.96874206349534
192.740038	-254.2121409972323
192.760278	-254.45506172125638
192.779977	-254.69712484221265
192.800035	-254.9378726462485
192.820043	-255.17711565357294
192.839946	-255.41514152507932
192.859997	-255.65257307556317
192.879956	-255.88998881164187
192.899987	-256.12761964349227
192.920327	-256.365316166055
192.940029	-256.6027522635668
192.959927	-256.83965289406035
192.980028	-257.0759244666227
192.999974	-257.31169600794436
193.020171	-257.54728254672756
193.040044	-257.78309476609485
193.060219	-258.01947868353335
193.080039	-258.25654915549535
193.100225	-258.4941468830336
193.120223	-258.7319883350369
193.140049	-258.9699397410575
193.160234	-259.2081787996243
193.18	-259.4471094542447
193.20008	-259.6870488489137
193.220034	-259.9279463679847
193.240076	-260.1693884870188
193.259971	-260.4109169405698
193.280332	-260.65243255461377
193.299995	-260.8943465445994
193.319995	-261.1373303744066
193.340091	-261.3818366603996
193.360054	-261.6277802992242
193.379967	-261.8746240395175
193.399973	-262.12179918431576
193.419986	-262.3691014130343
193.440036	-262.61677114303603
193.460032	-262.86523880234205
193.479978	-263.1147918557711
193.500041	-263.3654408537336
193.520103	-263.61699761510823
193.539968	-263.8692176159812
193.56003	-264.1218567316207
193.580089	-264.37464921410805
193.599966	-264.6273022241538
193.620012	-264.87954527002796
193.63998	-265.13117965729856
193.659984	-265.38206795862095
193.679993	-265.63206543714944
193.700044	-265.8809559300849
193.719967	-266.1284829524147
193.73998	-266.3744347724958
193.759992	-266.61872213694375
193.779975	-266.8613756774589
193.79997	-267.10247583010266
193.819975	-267.34208135561835
193.840029	-267.58019963038157
193.860238	-267.8168205743293
193.879973	-268.05195344104015
193.900078	-268.2856557788721
193.920059	-268.51804509635053
193.940032	-268.7493096773451
193.960022	-268.9797042734962
193.979982	-269.20953905820244
193.99999	-269.4391453374146
194.020035	-269.6688552226971
194.039965	-269.8989990835475
194.059978	-270.1299092287901
194.079993	-270.361932644425
194.100072	-270.5954192748927
194.120043	-270.8306610101191
194.140037	-271.06779957825
194.159987	-271.30675029487355
194.179995	-271.54720037035946
194.200278	-271.78871000361687
194.219988	-272.0308876582582
194.240207	-272.2735339445628
194.260016	-272.51668885047735
194.279993	-272.7605605368407
194.300086	-273.00538541741946
194.31998	-273.2513517301673
194.340006	-273.4985937051739
194.35996	-273.7472240655437
194.380002	-273.9973285481281
194.399978	-274.2489121356523
194.419971	-274.5018741472397
194.441091	-274.756070853062
194.459954	-275.0114571697403
194.48	-275.2681156916051
194.500102	-275.52609565424825
194.52036	-275.78520186138525
194.540764	-276.04491424445087
194.560695	-276.30461844818734
194.579968	-276.5639460427411
194.600236	-276.8228730490078
194.620321	-277.08143248146746
194.640789	-277.3393602092824
194.660971	-277.59611198136463
194.680965	-277.8513228623074
194.69997	-278.1051640361542
194.720017	-278.3580603497657
194.739976	-278.60996577074195
194.75997	-278.8600348399579
194.779973	-279.10722414403074
194.799979	-279.3513494500071
194.819997	-279.5934272592037
194.840029	-279.83476953163574
194.859992	-280.0756759604243
194.87998	-280.3151680000224
194.90022	-280.5522218437639
194.920038	-280.78732187800466
194.940366	-281.0226389680759
194.96021	-281.26046690768595
194.980005	-281.50135908992115
195.000237	-281.7437880755156
195.019976	-281.9857276698891
195.039988	-282.2266447305748
195.059983	-282.468073635567
195.079981	-282.7123598816554
195.100222	-282.96083843738785
195.120237	-283.2130576360347
195.140215	-283.46751396470495
195.159958	-283.72295674982513
195.17998	-283.9791396399979
195.199953	-284.2365764281904
195.220283	-284.495793921495
195.23996	-284.7568735008505
195.259972	-285.0194918774209
195.279973	-285.2832186215083
195.300072	-285.54777232607853
195.32006	-285.8130739557747
195.340046	-286.07926533670087
195.359934	-286.3467232323098
195.379997	-286.61597044550564
195.399978	-286.8873972072897
195.420004	-287.1609608349207
195.440018	-287.43611057557024
195.459979	-287.71209024592923
195.479988	-287.98840391587345
195.500097	-288.26500938792555
195.520214	-288.54209674689906
195.540237	-288.81968126969804
195.559972	-289.09744054239366
195.579964	-289.3749364810269
195.600975	-289.65194825304314
195.619973	-289.92857536313505
195.63999	-290.2049827602784
195.659989	-290.4810570569417
195.680207	-290.7563408471972
195.700085	-291.0302622201172
195.720028	-291.30244247765523
195.740033	-291.57283902076966
195.760016	-291.84164063359026
195.780052	-292.1090058526788
195.800075	-292.37489451027756
195.820063	-292.6390966701487
195.840298	-292.90145932263016
195.859983	-293.1621078459111
195.879997	-293.4214411318986
195.900619	-293.6798750434775
195.920066	-293.9375971539084
195.940051	-294.19456581827666
195.960352	-294.4507926042577
195.979997	-294.70664366732854
196.000019	-294.96278882739955
196.020069	-295.21985275075525
196.040058	-295.478112760487
196.059966	-295.73752629824975
196.079987	-295.99803206254603
196.10007	-296.2597517136992
196.120246	-296.5228859138726
196.140409	-296.7874519640281
196.159963	-297.05319703999595
196.17998	-297.3197694056683
196.200027	-297.5869378168854
196.219999	-297.85463494369225
196.240001	-298.122835861801
196.259961	-298.39150520170875
196.279974	-298.66065591566627
196.299998	-298.93038342959665
196.32005	-299.20071928661343
196.339963	-299.4715223492574
196.360256	-299.74258266924176
196.379945	-300.01393138543665
196.39996	-300.28602362178555
196.42043	-300.5594762105801
196.439962	-300.83455112429596
196.460957	-301.11081538321696
196.480756	-301.3873890877152
196.500901	-301.66356082870914
196.519967	-301.939211432086
196.540313	-302.2147018139952
196.560019	-302.49037942517447
196.579967	-302.76624350578913
196.600064	-303.04199969527815
196.62006	-303.31733883922584
196.640204	-303.5920212396194
196.660087	-303.86568852131114
196.67999	-304.137698598619
196.700057	-304.40741071183305
196.720037	-304.6747421548439
196.739969	-304.94040068659984
196.760037	-305.20539876059223
196.77998	-305.4701084421992
196.800048	-305.73370017249846
196.819968	-305.9945529091251
196.840261	-306.2514277582648
196.859995	-306.50447259296266
196.879964	-306.7552716400698
196.900058	-307.0058986869709
196.920234	-307.25774726459645
196.939956	-307.5110231472381
196.959988	-307.76511242981525
196.979999	-308.01938834544325
197.000232	-308.273756646304
197.020273	-308.52862737327297
197.04029	-308.7845418369941
197.059979	-309.04185748687655
197.07998	-309.3006784844738
197.1002	-309.5609289356909
197.120231	-309.8224448019137
197.140021	-310.0849942146942
197.15998	-310.3483413883556
197.180249	-310.6122713876369
197.200024	-310.8765959470617
197.220089	-311.14113465485735
197.240019	-311.4057692647582
197.259978	-311.6705786950842
197.280018	-311.93589222188183
197.300025	-312.2021287875965
197.320756	-312.46943548508983
197.340245	-312.7374883692899
197.360051	-313.00565652088864
197.37998	-313.27343664725146
197.399976	-313.5408043627046
197.420265	-313.80814873490317
197.439986	-314.07591753705105
197.460013	-314.34429444843863
197.479978	-314.61313634021366
197.500012	-314.88211218511685
197.52005	-315.15086039759524
197.540031	-315.41913501860216
197.560188	-315.68696286325087
197.580046	-315.9547349312568
197.600001	-316.22298283298124
197.619994	-316.4918441118904
197.64006	-316.7606337460073
197.660216	-317.0280506397708
197.680233	-317.29300777003857
197.700202	-317.55542667074377
197.720014	-317.81624719309445
197.73999	-318.0765937200866
197.759951	-318.33686641980813
197.780303	-318.59657745493564
197.800002	-318.8550245912514
197.820036	-319.11204232892555
197.840001	-319.36810085723585
197.859993	-319.6237427781269
197.879975	-319.8790142574562
197.900026	-320.1335305627093
197.919985	-320.3870801066604
197.940013	-320.6400963835613
197.959941	-320.89346841296265
197.98011	-321.1478870000067
197.999987	-321.4033671169715
198.020012	-321.6594197902906
198.040194	-321.91565080259016
198.060779	-322.1722088175761
198.080629	-322.42966627132785
198.10024	-322.6884650194104
198.120055	-322.94848971144506
198.140235	-323.20913460343536
198.159972	-323.469789201276
198.179973	-323.7302963336791
198.200011	-323.9910051445458
198.219988	-324.25241701752617
198.239969	-324.5146929908151
198.259958	-324.77744857486283
198.27997	-325.0400208742019
198.300074	-325.3020544970463
198.320314	-325.56393716627304
198.340037	-325.8266664876624
198.360055	-326.0911394105364
198.380004	-326.35736728869125
198.400001	-326.62430209305296
198.420012	-326.8904946275279
198.439994	-327.1551441737344
198.459992	-327.4186869797042
198.48034	-327.6824463337207
198.500017	-327.94764960774205
198.520041	-328.21464398439025
198.539987	-328.4828927005002
198.559991	-328.75161736326555
198.580061	-329.02040537359176
198.599998	-329.28926821319914
198.619995	-329.55821711301223
198.640639	-329.82685434140745
198.659989	-330.0944069863784
198.680202	-330.36013969699684
198.700072	-330.6237789525389
198.720362	-330.8856357591742
198.740036	-331.14632787275127
198.760229	-331.40633947196756
198.780123	-331.6656998971484
198.799982	-331.9239906965569
198.82001	-332.18061652849775
198.840015	-332.4351939829152
198.860005	-332.6878244987445
198.879946	-332.93912484617204
198.899963	-333.189955474332
198.920003	-333.4409806974433
198.93999	-333.6923463012953
198.959967	-333.9436951369598
198.980012	-334.1945424460257
198.999996	-334.4447293419963
199.019992	-334.6945969129879
199.040003	-334.944733580452
199.059995	-335.1955472211312
199.080017	-335.44700894679187
199.099985	-335.69877200718497
199.119981	-335.9505297368769
199.140037	-336.20227549807606
199.159989	-336.45429222538695
199.179999	-336.7069360742366
199.199964	-336.96043467522423
199.219994	-337.21485430855535
199.239975	-337.4701705492094
199.260202	-337.7263240956665
199.279975	-337.98323743951124
199.299983	-338.24083800617854
199.320009	-338.4991270339121
199.339977	-338.75828225144807
199.359964	-339.01865544143067
199.379995	-339.2806986475477
199.399967	-339.5448147222038
199.419997	-339.8112177740921
199.440016	-340.0798671417948
199.459959	-340.35050672157644
199.479969	-340.6227978228368
199.49998	-340.8964859042124
199.519984	-341.17149716218483
199.540033	-341.4478547789399
199.559928	-341.72547922207326
199.58002	-342.00401611438804
199.599964	-342.2828464200733
199.619963	-342.5612797335428
199.640005	-342.8387780588516
199.659989	-343.11505739295706
199.679984	-343.3900165624722
199.700931	-343.6635878469363
199.720349	-343.93568108523624
199.740011	-344.20622872732696
199.759949	-344.4752314738307
199.779957	-344.74276804966667
199.799968	-345.00893957429906
199.819993	-345.27385742947035
199.840141	-345.5376830510326
199.859989	-345.800611449368
199.879957	-346.06271425769825
199.900221	-346.3237709085391
199.920275	-346.58336135440885
199.940862	-346.841270606049
199.959965	-347.0979041368805
199.980067	-347.35418266730073
200.000009	-347.61086309896064
200.020227	-347.86783980519516
200.040037	-348.12413427683435
200.059975	-348.3787687688397
200.080192	-348.631764226695
200.099982	-348.8843377324405
200.119998	-349.1380434237507
200.139971	-349.3936852810342
200.15998	-349.6510321813662
200.179996	-349.90954217239596
200.200003	-350.1692423407661
200.219988	-350.4308055794253
200.239973	-350.69478035928034
200.259954	-350.96083738655193
200.279986	-351.22790480709693
200.300278	-351.49505821655157
200.32013	-351.76230611699435
200.340259	-352.0305038256842
200.360196	-352.30054833128474
200.380006	-352.5726562890876
200.400045	-352.8463216289808
200.420065	-353.1208518141055
200.440036	-353.3959100931102
200.459995	-353.6715984496013
200.479979	-353.94809403764503
200.500033	-354.2252822084693
200.51999	-354.5026951190681
200.539971	-354.7797650462009
200.559981	-355.0561566794867
200.580037	-355.33189568111396
200.599981	-355.6072069049145
200.620026	-355.88215645015197
200.640036	-356.15641177437027
200.66101	-356.4292889908368
200.680252	-356.70014890066767
200.699984	-356.96879119129676
200.719977	-357.23551276727653
200.740005	-357.50083848226194
200.759983	-357.7651212887419
200.780064	-358.02840494317195
200.799999	-358.29058675038647
200.820006	-358.5516489252929
200.840075	-358.81165862169144
200.859986	-359.07063136535714
200.87999	-359.3285681595577
200.899992	-359.58578300340935
200.920226	-359.8431933193989
200.940004	-360.1020999262669
200.960041	-360.36344494182885
200.980033	-360.6271316035909
201.000063	-360.89211399551607
201.020227	-361.1572705048549
201.040075	-361.4223703749006
201.060011	-361.6882522790175
201.080207	-361.9560542307173
201.100315	-362.2262097428551
201.119955	-362.49808676173683
201.139957	-362.77054113557256
201.159952	-363.0428151248931
201.17995	-363.31497768726615
201.200029	-363.5875958705969
201.220192	-363.86107241601786
201.240281	-364.13527481370414
201.259988	-364.40968270974344
201.280061	-364.68378220156137
201.299977	-364.9573324627893
201.319981	-365.23038772910684
201.340019	-365.5031691182639
201.360213	-365.7759458526758
201.379953	-366.0488957087933
201.400268	-366.3219813200516
201.420033	-366.594911339065
201.440043	-366.86730007888457
201.459994	-367.1390119705275
201.479965	-367.4104318191997
201.499963	-367.6823469720049
201.520212	-367.9554513914124
201.539982	-368.2298407317417
201.559953	-368.5049291793276
201.580179	-368.7799060256749
201.599962	-369.05438699875845
201.620027	-369.3287163454871
201.639963	-369.6037075766181
201.659964	-369.88008244654804
201.679954	-370.1580300934982
201.700031	-370.43717500673245
201.719988	-370.7168967438145
201.739952	-370.9967181091671
201.759942	-371.27653043550316
201.77994	-371.5565689316544
201.800169	-371.8371978246273
201.820904	-372.118672550195
201.839954	-372.40104379890994
201.859943	-372.68417131961274
201.880044	-372.96780549419236
201.900438	-373.2516908941047
201.920389	-373.53564007769694
201.940499	-373.8196191423651
201.961111	-374.1037511548589
201.981132	-374.3881776287454
201.999987	-374.67277675072523
202.020213	-374.956992383956
202.039988	-375.2400695113551
202.059972	-375.52160170486474
202.080274	-375.8018498310231
202.099992	-376.08146629293634
202.119982	-376.3606712110584
202.140006	-376.63863115134654
202.15995	-376.9137716745664
202.180051	-377.18495312118233
202.200018	-377.45262779513143
202.220022	-377.7188918805467
202.240256	-377.9861768038836
202.259966	-378.25554607073167
202.280345	-378.5259636721021
202.299968	-378.79519555919217
202.31997	-379.0616860468413
202.34004	-379.32590377152127
202.359965	-379.590177384268
202.380024	-379.8572416186676
202.399974	-380.1287099393607
202.419967	-380.4045691291765
202.440095	-380.6838597924117
202.45997	-380.96576837013504
202.479983	-381.2502252051762
202.500015	-381.5376975933171
202.520037	-381.8285849711037
202.540052	-382.12279618867507
202.560025	-382.4198260511718
202.580157	-382.7190928180328
202.600216	-383.02021198352577
202.619958	-383.32307574281333
202.639958	-383.6277677747786
202.660102	-383.9344315006537
202.679989	-384.24314394110166
202.700112	-384.55382276512614
202.719981	-384.8662455983078
202.740051	-385.18011097896033
202.759983	-385.4951047356745
202.780002	-385.8109067044332
202.799972	-386.1271214207713
202.820005	-386.44328273973997
202.840019	-386.75893005963945
202.859975	-387.0736820016762
202.880049	-387.3872165078841
202.899996	-387.69919765694317
202.919974	-388.00926711191295
202.93995	-388.31716840697777
202.960019	-388.6228818402027
202.979955	-388.92663431674475
202.99997	-389.22871744765933
203.020012	-389.5292812063156
203.039981	-389.828289361481
203.05997	-390.12564548696133
203.079994	-390.4213884435944
203.10025	-390.71575634235165
203.120058	-391.0090939263915
203.140221	-391.3016861173911
203.159926	-391.5936442439766
203.179999	-391.8849128773609
203.199962	-392.1753482203023
203.219994	-392.46484910546974
203.239966	-392.7534823145614
203.259963	-393.04156179418374
203.279978	-393.32961252451435
203.300035	-393.6182377045079
203.320004	-393.9079950100435
203.340007	-394.1994062954259
203.360237	-394.49305432781586
203.380072	-394.78960633215974
203.399965	-395.0896401219293
203.419986	-395.39332989966465
203.439963	-395.70029578060104
203.459954	-396.00978443438834
203.479958	-396.3210920308411
203.499966	-396.63389585011265
203.519964	-396.9482211910106
203.540005	-397.26410225353965
203.559977	-397.5812727046168
203.580017	-397.8991854917245
203.599987	-398.217319016642
203.620242	-398.5354553665742
203.639967	-398.8536448214702
203.660004	-399.1718940924995
203.679969	-399.4898952226383
203.700236	-399.8070966518822
203.719979	-400.12308045656954
203.740012	-400.43792073741383
203.759971	-400.7522102089139
203.780031	-401.06672162671447
203.79995	-401.3819642148173
203.820012	-401.6979824744135
203.840054	-402.0145277611803
203.86053	-402.3313845283119
203.880517	-402.64856155918494
203.899996	-402.9662087687876
203.92006	-403.2843680711253
203.940048	-403.6028607853612
203.96	-403.9214076559592
203.980291	-404.2398466913527
203.999993	-404.55824071996756
204.020199	-404.8767111956737
204.039931	-405.19513123614036
204.06027	-405.51298013129775
204.080171	-405.8295760692251
204.099964	-406.1446100656215
204.119989	-406.45848354989886
204.14024	-406.7720539103877
204.159957	-407.0858718920367
204.179992	-407.39952437266953
204.199975	-407.71171878347104
204.219982	-408.0211592245391
204.240041	-408.32748893360986
204.260007	-408.63151579932344
204.279983	-408.9345438908718
204.299971	-409.23739862124876
204.320003	-409.53997126597795
204.340064	-409.8415515225274
204.360008	-410.1415635708096
204.379945	-410.4400137391356
204.399956	-410.7373621430402
204.419962	-411.0340676337199
204.440018	-411.3302877004471
204.460043	-411.6259366295673
204.480024	-411.92094346533287
204.499972	-412.2154325648071
204.519977	-412.5096820759875
204.540002	-412.8039690690268
204.5602	-413.09846083483956
204.580049	-413.39322470863266
204.600253	-413.6883034196002
204.61997	-413.98377142278486
204.640085	-414.27968806206684
204.659986	-414.57601232375106
204.679951	-414.8726181713543
204.70016	-415.16939332386494
204.720029	-415.46639551615397
204.740067	-415.7638390414291
204.759982	-416.0619074326425
204.780047	-416.3605556103639
204.799982	-416.65954034481365
204.820016	-416.9587108922567
204.839987	-417.2582671628219
204.860249	-417.5586948849487
204.879974	-417.86039070634956
204.900064	-418.1632927074174
204.920391	-418.4668689774431
204.93995	-418.7705497534694
204.960262	-419.07418217384327
204.979993	-419.3781543051878
204.999987	-419.68308122176273
205.019974	-419.9893113405914
205.039979	-420.29669554250285
205.059948	-420.6047536637935
205.080016	-420.9130776537562
205.099996	-421.22160650140125
205.120257	-421.5305853785274
205.139958	-421.8403045994039
205.159989	-422.15087922876467
205.180043	-422.46222349118614
205.200206	-422.77418296423895
205.220208	-423.08664664207816
205.240022	-423.39953360386744
205.260185	-423.71270906960916
205.280013	-424.0259472629849
205.300196	-424.33901566400874
205.319977	-424.65182651728014
205.34001	-424.96455277095356
205.360206	-425.27757181824757
205.379962	-425.5912539011269
205.399958	-425.9057068193818
205.420034	-426.2206629776174
205.439953	-426.53565493142315
205.460713	-426.85032732769133
205.479964	-427.1646859678866
205.499962	-427.4790353213766
205.520335	-427.79362764307075
205.540518	-428.10836508260553
205.560685	-428.42279907131285
205.58114	-428.736473801971
205.599984	-429.04932965422324
205.62021	-429.36170248355717
205.639997	-429.67389057734584
