42.100028	-6.027678147585525E-8
42.120033	-2.0086791413126578E-7
42.140013	-2.921379971717589E-7
42.160371	-1.6045143807023646E-7
42.180023	2.1963535377918953E-7
42.200002	4.853562059244777E-7
42.221081	1.1566845141696724E-7
42.240019	-8.839621186538608E-7
42.260031	-1.5499452203944115E-6
42.280265	-6.906814891319073E-7
42.300239	1.5630674795582548E-6
42.320314	3.040264314333796E-6
42.339983	1.1655265423195811E-6
42.360048	-3.851130218155919E-6
42.380185	-7.330620517549572E-6
42.400215	-2.3732533315996714E-6
42.420131	1.4895138338555955E-5
42.440211	4.1360801246958177E-5
42.460116	6.799683347963148E-5
42.480082	8.559291415968479E-5
42.499978	9.066244447695147E-5
42.520079	8.690712633232356E-5
42.540035	8.151458660967001E-5
42.559989	7.974526871216937E-5
42.579983	8.212358441136593E-5
42.599967	8.562032482956285E-5
42.619973	8.697951178289118E-5
42.640187	8.526834845231877E-5
42.660011	8.22098601546997E-5
42.679968	8.074855037614474E-5
42.699969	8.291755344623568E-5
42.720252	8.80010990656955E-5
42.739964	9.176021057774841E-5
42.760243	8.749213553844022E-5
42.779965	6.886715476912409E-5
42.799975	3.3265973335672925E-5
42.819967	-1.6700438299718808E-5
42.840055	-7.453410413644463E-5
42.859993	-1.3333038025078485E-4
42.879959	-1.8917647004620022E-4
42.899953	-2.421829174721325E-4
42.920235	-2.9489332371005725E-4
42.94028	-3.4955061953082845E-4
42.959984	-4.0627407476362447E-4
42.979956	-4.632882328916698E-4
43.000378	-5.187303764081512E-4
43.020624	-5.724586824686047E-4
43.040869	-6.263959614775834E-4
43.059981	-6.83006124179453E-4
43.08019	-7.428549831614461E-4
43.099964	-8.027234310599376E-4
43.119986	-8.553524796319837E-4
43.139974	-8.909508432231219E-4
43.159972	-8.995920047586505E-4
43.179986	-8.734693435557939E-4
43.199988	-8.081114217727123E-4
43.220015	-7.021730674819023E-4
43.239979	-5.559522041736451E-4
43.260156	-3.6951172051333E-4
43.280479	-1.416365819865393E-4
43.300001	1.295450298349062E-4
43.320102	4.445818823296327E-4
43.340027	8.010417013173488E-4
43.360079	0.0011938553844871495
43.379991	0.0016178202197507337
43.400213	0.0020705759516343805
43.420184	0.0025536936595812352
43.439989	0.0030709319955921437
43.460006	0.0036249842150721428
43.479991	0.004215430379628784
43.500005	0.00483941324230059
43.52005	0.0054942046901855085
43.540012	0.006179203085087561
43.559977	0.006895607894752295
43.580014	0.007644264865317591
43.599972	0.008423918347649481
43.620113	0.009231659645476734
43.640135	0.010065241199782984
43.660119	0.010925177065691094
43.680072	0.011814617740088433
43.700264	0.012737059789973264
43.720057	0.013693869632525777
43.739976	0.014683745426611829
43.759976	0.015704379084879788
43.780003	0.016754681096041352
43.800743	0.01783532062472461
43.820021	0.018947352596307053
43.839972	0.020090183880787787
43.859966	0.021260729924008976
43.880068	0.022454654565285306
43.900068	0.023668556752717475
43.920351	0.024901692649771157
43.939987	0.02615609766419046
43.960241	0.02743488240015284
43.979979	0.028739810640179247
44.000005	0.030070055263020708
44.019993	0.03142333435144956
44.039974	0.03279892635911366
44.060015	0.03419972462178322
44.080065	0.03563106953509013
44.100225	0.03709683218807992
44.120029	0.03859641029584466
44.139983	0.04012606647283397
44.159981	0.0416842181223439
44.180061	0.04327612007008525
44.200052	0.04491327317114041
44.219984	0.046607421040912006
44.239973	0.048363684998839473
44.260234	0.05017840217493224
44.279958	0.052043292967203385
44.299925	0.053952359268546655
44.320049	0.0559064429326803
44.339954	0.057912817682721385
44.360005	0.059980788607522206
44.380049	0.06211682848506049
44.399974	0.06432211618511229
44.419993	0.06659314369353418
44.43995	0.0689245373446992
44.459995	0.07131223525987863
44.479996	0.07375529601203615
44.499989	0.07625568694175246
44.519994	0.0788161521484091
44.539968	0.08143794701024751
44.559999	0.0841197597074076
44.580026	0.08685849941373464
44.599989	0.08965139441299237
44.619992	0.09249777419484415
44.639959	0.09539916200347894
44.659964	0.09835777426506478
44.679962	0.10137440007107637
44.700011	0.10444738565237063
44.719972	0.10757352934125983
44.739959	0.11074995657382947
44.761075	0.11397522191481926
44.780265	0.11724930566560583
44.800082	0.1205723436346316
44.819997	0.1239432738055669
44.840194	0.1273601079280739
44.860529	0.1308209027640854
44.880279	0.13432540542643537
44.900052	0.13787553981562709
44.920016	0.14147358575160143
44.939962	0.14511868959184915
44.960036	0.1488051712546802
44.980023	0.15252604254108257
44.999984	0.15628079897304764
45.02	0.16007986020103326
45.040197	0.16393876521208148
45.05997	0.167865116539631
45.080083	0.1718494988055839
45.100226	0.17587101205036182
45.11997	0.17991457592750973
45.139965	0.18398410026381998
45.16	0.18809880978951424
45.180004	0.19227551428097572
45.20003	0.1965133527528326
45.219952	0.20079525888397878
45.23997	0.20510390545306423
45.259972	0.20943613785478626
45.280004	0.2138032518176411
45.299971	0.21821907932446502
45.319962	0.22268907774698907
45.339959	0.2272099794751107
45.359973	0.23177691459240338
45.379992	0.23638877023898552
45.399961	0.24104687053891244
45.420861	0.2457507740153073
45.440188	0.25049796923158935
45.460196	0.25528734454643964
45.479977	0.2601210709354782
45.500215	0.2650032021517555
45.520913	0.26993585849808494
45.539963	0.2749188319415901
45.559981	0.27995232455334396
45.579983	0.28503840418934234
45.599977	0.29017851328314154
45.620245	0.29536945638160145
45.63997	0.3006050852773615
45.659963	0.3058841158594715
45.679976	0.311215393095422
45.699965	0.31661215015831007
45.719989	0.32207861054715164
45.739947	0.32760264196747413
45.75997	0.333164563038952
45.779951	0.3387549636464801
45.799995	0.344383330865446
45.81999	0.3500680372865834
45.839989	0.35581781133530055
45.859978	0.3616241459316384
45.879986	0.3674722673997712
45.899987	0.37335877813460544
45.920224	0.37929668022239804
45.939963	0.3853033263827488
45.959981	0.39138423424507224
45.980376	0.3975293249910651
45.999969	0.40372482433010165
46.020015	0.40996624585512353
46.039968	0.4162602686753565
46.059971	0.42261545076276075
46.080594	0.4290327044112083
46.099985	0.43550556361805903
46.120244	0.44202711444647863
46.139975	0.44859494050065674
46.160214	0.45521046739338006
46.180084	0.46187492137398356
46.199983	0.46858812789000265
46.22004	0.4753508732295767
46.239966	0.48216598082270595
46.260054	0.4890354287903269
46.280642	0.4959557357207107
46.300077	0.5029180768898671
46.320032	0.5099155385941568
46.339956	0.5169504130351827
46.359971	0.5240348454558437
46.380314	0.5311820442184843
46.400442	0.5383962343159036
46.421121	0.5456703420009263
46.43996	0.5529928719723928
46.459986	0.5603554309654016
46.479985	0.5677542231852971
46.499997	0.5751887046614834
46.520032	0.5826621191481225
46.539977	0.5901856405497812
46.559971	0.597776585193362
46.579973	0.605444854153967
46.600019	0.6131771747666638
46.620236	0.6209392986982212
46.639968	0.6287030154316741
46.660243	0.6364771192121566
46.679994	0.644309521294715
46.700218	0.6522500868647645
46.719989	0.6603045367581101
46.739991	0.6684225904776561
46.760056	0.6765345294381725
46.780064	0.684606072552222
46.800264	0.6926618833149844
46.820011	0.7007611218535738
46.839976	0.7089493422754977
46.860048	0.7172306571930543
46.879976	0.7255793328554239
46.899954	0.7339723143252666
46.920226	0.7424099109509722
46.939968	0.750909791938896
46.959986	0.7594857342372259
46.979976	0.7681335405297639
47.000051	0.7768355351605603
47.020263	0.7855765350505668
47.040222	0.7943568767464129
47.060212	0.8031919559960913
47.080013	0.8121010490837608
47.10028	0.8210932232548849
47.120251	0.8301617728643196
47.139977	0.8392910883074597
47.160307	0.8484712798823095
47.179972	0.8577083844452075
47.199984	0.8670194797070694
47.219973	0.8764176581016994
47.240614	0.8859005572214227
47.260244	0.8954547915422777
47.280236	0.9050716935997118
47.299956	0.9147569287904191
47.31999	0.9245240006629724
47.341058	0.9343764978606915
47.360259	0.9443017135302201
47.379963	0.954280880256557
47.400046	0.9643053959439742
47.420251	0.9743808034793653
47.439963	0.9845140108401965
47.459976	0.9947017558432075
47.480093	1.0049358689749452
47.500177	1.015220297736182
47.520027	1.0255751078113056
47.539979	1.0360189476083868
47.559986	1.0465462331267297
47.579989	1.057127207243913
47.600021	1.0677342724467322
47.620196	1.078367885627284
47.639975	1.0890536434103282
47.660235	1.0998115169594052
47.680244	1.1106299879860508
47.699987	1.1214730997987454
47.719984	1.1323146575454492
47.740062	1.143165310047686
47.76013	1.1540660062230912
47.780292	1.1650542619750457
47.799971	1.1761359479367157
47.820058	1.1872861569424562
47.839965	1.1984729050187708
47.859956	1.2096811354517991
47.87994	1.220917277291128
47.89997	1.2321994938747494
47.919969	1.2435446852663967
47.939951	1.2549596153806957
47.959957	1.266437215106237
47.979982	1.2779595709246074
47.999982	1.2895085441263638
48.020091	1.301079550171156
48.040029	1.3126887853645726
48.060025	1.3243631589821063
48.080217	1.336120937948732
48.099976	1.347958229705109
48.120123	1.3598525656956055
48.139968	1.3717825150403138
48.160247	1.3837458307011836
48.180212	1.3957608092301543
48.200232	1.4078517990381079
48.219967	1.4200321053997471
48.239965	1.4322985144056828
48.26001	1.4446388248953623
48.280013	1.4570441421433955
48.30024	1.4695150061753635
48.320169	1.4820591274618233
48.339996	1.4946835170236368
48.360253	1.5073873230428927
48.379991	1.5201605791117474
48.400219	1.5329903479608191
48.420541	1.5458720238930892
48.440755	1.5588167358855483
48.460668	1.5718454031613573
48.480102	1.584971231308682
48.50004	1.59818337501013
48.520012	1.6114498919442648
48.540279	1.6247417256155068
48.56004	1.6380598329830371
48.579985	1.651439318124288
48.600013	1.6649212827683768
48.62	1.6785140510935503
48.63996	1.6921794772861127
48.660061	1.7058628842443788
48.680028	1.719543865385351
48.699998	1.7332610215557884
48.720063	1.7470817284619562
48.739993	1.761039671281608
48.759976	1.775095757608661
48.77998	1.78916153423798
48.799998	1.8031671459939171
48.82002	1.8171155451849892
48.840215	1.83107572738155
48.860002	1.8451242165004258
48.880006	1.859287781281566
48.900292	1.8735341594674508
48.920076	1.8878120381173045
48.940183	1.9020970600623204
48.960063	1.9164042375847958
48.980183	1.9307634003108332
49.000314	1.945186851347118
49.020081	1.9596600863843896
49.040009	1.9741580479198095
49.060095	1.9886678214180407
49.080057	2.003196590758636
49.099948	2.0177630436498983
49.120026	2.03238304060638
49.140233	2.0470613806222713
49.16004	2.0617931142826604
49.180007	2.0765683368832426
49.20028	2.091377052888906
49.220013	2.1062124228811583
49.240057	2.1210723776413083
49.260089	2.1359590306148784
49.280316	2.150875999725895
49.300089	2.165823846270574
49.320009	2.180796618399163
49.339983	2.1957833782165705
49.360057	2.2107754812082265
49.379933	2.225774611250133
49.400288	2.240795158267792
49.420048	2.2558580304193887
49.440183	2.2709777718837696
49.459995	2.2861519357705844
49.479965	2.301361638086711
49.500031	2.316583247512984
49.520145	2.3318051422971697
49.539999	2.347036434487487
49.560074	2.362299679174503
49.580049	2.3776120815512822
49.599929	2.392970118845573
49.620039	2.408350607808538
49.63996	2.4237318127539846
49.659973	2.439116131284344
49.679944	2.4545332091755525
49.700011	2.470018022574915
49.721032	2.4855799537071075
49.740105	2.501193799528389
49.760381	2.5168191727210916
49.780702	2.5324315429255395
49.800663	2.548039729279827
49.821076	2.563673126568858
49.839964	2.5793567907688755
49.859967	2.595094044139428
49.879968	2.6108675669515016
49.899991	2.626652425474643
49.920024	2.6424287810779172
49.94019	2.658193009824049
49.959987	2.6739630474730562
49.979957	2.689771558841807
50.000205	2.705644907304008
50.020032	2.72158494088941
50.04012	2.7375692604632667
50.059992	2.7535740622142266
50.080217	2.7695944507256196
50.100039	2.785637496159437
50.120086	2.8016928095558864
50.139984	2.8177167886173273
50.160039	2.833658364671694
50.179991	2.8495083323987336
50.199965	2.865324920072164
50.220152	2.881200854928338
50.239963	2.897197829512868
50.259966	2.913304154531638
50.2802	2.929451992663382
50.300007	2.9455758870335926
50.319984	2.9616564701688737
50.339973	2.9777173963358736
50.360216	2.9937889298695963
50.379988	3.00987883156578
50.400012	3.0259720384367808
50.420071	3.0420503015526514
50.439972	3.058106752301996
50.460323	3.074146741000261
50.47998	3.090180962156687
50.500195	3.106218080175829
50.520046	3.1222642374250698
50.539979	3.138321231115109
50.560292	3.154385585031979
50.58001	3.1704509671818455
50.600023	3.186512679099788
50.620077	3.202572416814536
50.639963	3.2186366848021795
50.660218	3.2347100370402404
50.680277	3.2507910083274574
50.700019	3.2668763279159045
50.720062	3.2829673507775485
50.740063	3.2990725868815467
50.759966	3.315201187451504
50.779986	3.331353075415815
50.800035	3.347517459849257
50.820064	3.3636814986296795
50.839972	3.379840096542836
50.859985	3.395996213919015
50.880232	3.4121524582702927
50.899978	3.4283058168101364
50.920221	3.4444527152592688
50.940237	3.4605987968213148
50.959979	3.4767600669758583
50.979993	3.4929490218741344
51.000053	3.5091583326580285
51.020046	3.525361754386071
51.040067	3.5415341027453344
51.06003	3.5576727334477614
51.079995	3.573800240943481
51.100014	3.58994493480247
51.120241	3.606118365807057
51.140187	3.622310993070833
51.160303	3.638508486846228
51.179968	3.6547090795865427
51.200027	3.6709241278175475
51.220117	3.687161570910008
51.239977	3.7034123086839075
51.260061	3.719655270193469
51.279961	3.7358763459213593
51.299924	3.7520823130467615
51.320156	3.768293827579977
51.341045	3.784524908291905
51.36023	3.8007737062233113
51.380229	3.817031093051241
51.400226	3.833296413541908
51.42053	3.849581725034184
51.440643	3.865896298620995
51.460822	3.8822325818936054
51.479973	3.8985704270850077
51.499984	3.914893797055524
51.52012	3.9311993772533818
51.539992	3.947491451989689
51.560234	3.9637743738290827
51.580222	3.980060325511888
51.599978	3.996380257660205
51.620269	4.012772384821663
51.640008	4.029246665591201
51.660047	4.045759117611089
51.679988	4.062235023185879
51.699968	4.078629578844284
51.720124	4.09496713475893
51.740021	4.111314587438816
51.760008	4.127709077965051
51.780012	4.144113572612626
51.80006	4.160449409354557
51.820161	4.176676313718029
51.840071	4.192839153179633
51.860367	4.209035164373814
51.880057	4.225332951198543
51.90002	4.241719882880472
51.920279	4.258121326292779
51.939974	4.274466108937139
51.960287	4.290735948100963
51.980096	4.306963249797445
52.000019	4.323193467826581
52.020051	4.3394500207078135
52.039968	4.355727868038797
52.060025	4.372008108037008
52.079968	4.388279147659151
52.100026	4.404546303607334
52.120135	4.420825680472353
52.139966	4.437129685970964
52.160241	4.453454209517453
52.180025	4.469779471836536
52.199979	4.486087049657438
52.220258	4.502377238404579
52.239969	4.518671752593154
52.260208	4.534997814780663
52.279973	4.551366606887594
52.299993	4.567766055749596
52.320275	4.584173396628376
52.339982	4.6005759593344
52.360351	4.616982069309196
52.380213	4.633415569864046
52.400628	4.649899538377378
52.420253	4.666443092919094
52.439958	4.68303922381045
52.460004	4.699671774319281
52.480042	4.716326871180974
52.500891	4.732999644796279
52.520141	4.749696616467152
52.539998	4.766429861883647
52.559955	4.783206398826619
52.579963	4.800020727071136
52.599976	4.816858541140274
52.620286	4.833714853229423
52.639971	4.8506107048535485
52.659989	4.867587935568568
52.679956	4.8846734542017325
52.699972	4.901843893666169
52.720151	4.919028426015852
52.73997	4.936161331443771
52.759972	4.9532417402062014
52.779981	4.970340882454064
52.799988	4.987541863076249
52.820237	5.00486204134649
52.840208	5.022234032763625
52.860065	5.039566311533518
52.879999	5.056826511243894
52.9	5.07406787193796
52.920245	5.091375983918644
52.939978	5.10879062296366
52.959992	5.126279309484522
52.980016	5.14377960633231
52.999916	5.161258639066886
53.020209	5.17873049510221
53.03996	5.196224440821288
53.059984	5.213750640126868
53.07997	5.231298741760848
53.100018	5.248862195538393
53.120262	5.266451120433263
53.139973	5.284079344672915
53.160026	5.301745237050425
53.180025	5.319430597564698
53.200019	5.337120434283164
53.220166	5.354816955233334
53.239986	5.37253661345976
53.260001	5.390294892188136
53.280213	5.408095827389964
53.300025	5.425935886180514
53.320317	5.44381135342477
53.33997	5.461721058547759
53.35999	5.479665738863166
53.379968	5.497647048518919
53.399919	5.515668480059647
53.420315	5.533733520649085
53.439944	5.551841548150332
53.4602	5.569985470920369
53.479955	5.588155414578865
53.499959	5.60634576175873
53.519979	5.62455828119414
53.539973	5.642800473178638
53.559976	5.661081453866219
53.579956	5.6794090020523385
53.599981	5.6977844110029885
53.620324	5.716196245133793
53.639991	5.734620014147765
53.660392	5.7530312182707855
53.679976	5.771426550966409
53.699993	5.789833351110561
53.719998	5.808293023427172
53.740035	5.8268287162026615
53.760251	5.845425439932218
53.780374	5.864042236712917
53.80063	5.882644402175389
53.820757	5.901226791775844
53.839968	5.919809492951771
53.859973	5.938415929042558
53.879964	5.957057613282135
53.899953	5.975738325315808
53.920002	5.994464158272239
53.94	6.01324220112278
53.959983	6.03206513161019
53.979992	6.050899347594916
54.000248	6.069696428119083
54.020216	6.088429813119796
54.039971	6.107127483919003
54.060008	6.125867263585799
54.079991	6.144726830422448
54.100004	6.1637195144372265
54.119965	6.182770022296682
54.139972	6.201755859698672
54.160234	6.220589696170173
54.17998	6.239278682869087
54.199977	6.257914191175926
54.219934	6.276603759057309
54.240061	6.295402580156594
54.26035	6.3142954880157705
54.280099	6.333232706210579
54.300025	6.352175404034305
54.320421	6.371110583778523
54.340214	6.390034456029619
54.360029	6.408935922901753
54.380181	6.427802260531045
54.399965	6.446641037099951
54.420009	6.465485621735852
54.439959	6.484371254892314
54.460004	6.503304829618532
54.480205	6.522257957923469
54.499966	6.541193091743109
54.520036	6.5600965904657045
54.539974	6.578988013016273
54.560221	6.5979013970347085
54.579984	6.6168572647001875
54.599973	6.635850634861357
54.619969	6.654861118421031
54.639967	6.673869653124893
54.65996	6.692866003520639
54.679991	6.711847279338825
54.700214	6.730815340201136
54.719988	6.7497795208213045
54.739981	6.768757958809255
54.759974	6.787770292017896
54.779979	6.806824802386937
54.80005	6.825912496224624
54.819946	6.845016793575878
54.839956	6.864128774307324
54.860029	6.883252361965809
54.879979	6.902393200565161
54.900012	6.921546395044817
54.920658	6.940698243389051
54.939971	6.959844230083439
54.959955	6.979001783902936
54.979964	6.998199410212612
54.999963	7.017452475004215
55.020006	7.036746511750979
55.039994	7.05604839998624
55.059973	7.075335549907557
55.080284	7.094613165008079
55.100001	7.113901978941957
55.119974	7.133212799634448
55.139954	7.15253658320504
55.159982	7.171862283138156
55.180026	7.191200426813263
55.200027	7.210581012284895
55.219955	7.230023994228942
55.239975	7.249509494555741
55.260215	7.268982168821223
55.279991	7.288391735215479
55.300241	7.307734588992374
55.319991	7.327060041917711
55.340201	7.346433465612432
55.35999	7.365887683638666
55.379949	7.38540239815762
55.399977	7.404924655930246
55.420296	7.424410273061747
55.440238	7.443852784394405
55.460314	7.463280452161608
55.479992	7.4827295887644665
55.500037	7.502219529578749
55.520002	7.521745138982364
55.540174	7.541290588343276
55.560324	7.560848734377923
55.580654	7.580429177297311
55.6003	7.600047741707804
55.620322	7.6197057945432025
55.639999	7.639379377700588
55.660099	7.659036195436556
55.680276	7.6786675095083385
55.700802	7.698307091771312
55.720407	7.71801480826142
55.739995	7.737829077416363
55.76006	7.757724922081627
55.779984	7.777621172112525
55.8	7.797438475322569
55.819988	7.817169090703137
55.839974	7.836896210801398
55.86022	7.856734836541324
55.880652	7.876735602616012
55.901221	7.896832519254943
55.919974	7.9168901710816195
55.939976	7.936813884951575
55.959965	7.956629396291898
55.979941	7.976460443602159
56.00006	7.996423321293877
56.020376	8.016533954602647
56.039965	8.036705417100546
56.059987	8.056825083462767
56.079981	8.076836828836836
56.100025	8.096769695451698
56.119983	8.116709957148897
56.140019	8.136757144039558
56.160083	8.156987026303126
56.180029	8.177418253275214
56.200015	8.197986143333429
56.219971	8.218551805355364
56.239962	8.23897133690155
56.25997	8.25919336442707
56.279984	8.27930690540066
56.300085	8.29948390670202
56.320043	8.31985415148457
56.339974	8.340414194976162
56.359979	8.361047684859061
56.379988	8.381632798353387
56.400033	8.402136204037522
56.41997	8.422618370686115
56.439973	8.443162421747433
56.46001	8.46380210616753
56.479959	8.484506972009747
56.499998	8.505221977969336
56.519967	8.525914905005388
56.539972	8.546593124846785
56.55998	8.56728858476666
56.579975	8.58803100067944
56.599978	8.608830099932513
56.619957	8.629672659708824
56.63998	8.650535616798727
56.660013	8.671402386114405
56.679988	8.692273122749004
56.699957	8.71316396990076
56.719967	8.734094194605788
56.739993	8.755072371420642
56.760272	8.776093406767568
56.780221	8.797146629489975
56.8	8.818226576108227
56.819976	8.839336923222097
56.84019	8.860485346132872
56.859969	8.88167683660022
56.880046	8.90291224930184
56.900014	8.924192900884657
56.920041	8.945523562939115
56.939992	8.966907031485706
56.959998	8.988336289453315
56.980037	9.009794937935164
57.00018	9.031270600890215
57.019971	9.05277007975284
57.039959	9.074318764677452
57.059974	9.095939779543647
57.079963	9.117629902721136
57.100036	9.139355229629276
57.119977	9.161074623648785
57.13995	9.182771473839768
57.160024	9.204464759776988
57.180066	9.22619004569594
57.200278	9.24796931767112
57.219964	9.269798535713479
57.239984	9.29166092705902
57.260041	9.313547487322962
57.279981	9.335462250541326
57.299956	9.357409017724668
57.31996	9.379379243361994
57.339972	9.401356852003431
57.359971	9.423334307743117
57.380051	9.445320719043263
57.400032	9.467334367681765
57.419963	9.489389358401448
57.439975	9.511490695927577
57.45998	9.533639900952418
57.479981	9.555838812008147
57.499975	9.578085114704393
57.519966	9.600365503634997
57.539956	9.622657892177333
57.559985	9.644944387894078
57.580003	9.667225236107285
57.600028	9.689519247343307
57.620001	9.711850747997586
57.63995	9.73423479571965
57.659985	9.756670921834186
57.679969	9.77914743286791
57.699927	9.801649016126678
57.719986	9.824162005183394
57.739951	9.846677775380364
57.759979	9.869194489956572
57.779965	9.891716525515617
57.800021	9.914251216942633
57.820009	9.936804645345301
57.839939	9.959380777908173
57.859981	9.981983941014176
57.879971	10.004619856194887
57.899948	10.027292480764936
57.920202	10.049998398259962
57.939934	10.07272749218493
57.960179	10.095469147245083
57.980198	10.118218556060688
57.999953	10.140978716915141
58.019945	10.163754552881471
58.039978	10.186547584644964
58.060012	10.209355720847457
58.080041	10.232176472180422
58.100207	10.255008536874255
58.120003	10.27785047744219
58.140432	10.300697847590966
58.160268	10.323544958345254
58.180248	10.34639170612559
58.200037	10.36924879286729
58.220009	10.392135737735057
58.240288	10.415067699372038
58.259967	10.438042279206188
58.28	10.461035697748216
58.300017	10.484014701444409
58.320022	10.50695673525035
58.34085	10.529862635043719
58.36017	10.552757506989355
58.380042	10.57567836881796
58.400063	10.598655986872734
58.420013	10.621700392769943
58.439975	10.644794075695804
58.460285	10.667899698793532
58.48027	10.690980745530686
58.500255	10.714020652267243
58.519992	10.737024064508399
58.540224	10.760002870305328
58.560203	10.782964701739091
58.58003	10.805921622582566
58.600259	10.828906337621335
58.619997	10.851970123602786
58.640115	10.87514543636964
58.660006	10.898402738397985
58.680067	10.921649990679137
58.700014	10.94479152297845
58.719967	10.967806761955368
58.73998	10.990773700185025
58.759993	11.013811093737212
58.780272	11.036984470576131
58.800373	11.060259998371274
58.819974	11.083543913035518
58.839962	11.106765351624684
58.859983	11.129925296965917
58.879958	11.153076592601744
58.900869	11.176266732064565
58.919959	11.19950540469676
58.939959	11.222775344433751
58.960227	11.246057263255558
58.980047	11.269342391968568
59.000109	11.292625688138907
59.020476	11.315906325362437
59.039976	11.33920432787799
59.060323	11.362560833383757
59.079972	11.386008372524856
59.100265	11.409530100532502
59.119956	11.43305486848716
59.140089	11.45651231165368
59.160035	11.479898949395873
59.179961	11.503287639526588
59.199973	11.526761617034799
59.21996	11.55033379043928
59.239986	11.573931216346873
59.259958	11.597463482322555
59.279977	11.620907251254708
59.30026	11.644325751042128
59.320203	11.66780591018011
59.339966	11.69137927791053
59.359985	11.71500049485184
59.38	11.738596405083408
59.399976	11.762130647969133
59.419965	11.785624080422036
59.439988	11.809124198166908
59.460283	11.832661312960196
59.479971	11.856232655860943
59.500025	11.879816400920427
59.520041	11.90339549057343
59.539992	11.926973756138368
59.560266	11.950574407322327
59.579967	11.97422752993696
59.600018	11.997951458972016
59.620208	12.02173329501234
59.64025	12.04552965486622
59.660243	12.06928997521094
59.679999	12.09299105781466
59.700006	12.11665860388528
59.720014	12.140352798384889
59.739992	12.164125141516184
59.760246	12.187984529341598
59.780286	12.211896894292945
59.800026	12.2358177572205
59.819983	12.259724332599193
59.839991	12.283621715372496
59.860032	12.307527077123217
59.88002	12.331453869955768
59.899995	12.35541275476987
59.920054	12.379416424187518
59.939968	12.403472033868821
59.960079	12.4275628257917
59.9805	12.451644182006595
60.000047	12.475672866356529
60.0202	12.49964726742296
60.039963	12.523619203235752
60.059969	12.547656364841703
60.080036	12.571782592967162
60.100284	12.595954539851673
60.120187	12.620099147656873
60.139954	12.644177068976278
60.159957	12.668210397975411
60.179998	12.69225280930026
60.200052	12.716339051436526
60.22023	12.740467631629398
60.239975	12.76462774632439
60.259962	12.788829468105465
60.279963	12.813093368406816
60.30001	12.837412027291377
60.320204	12.861733731765018
60.339955	12.885999946803881
60.359982	12.91020531367584
60.380013	12.934413966689831
60.400114	12.958708410660467
60.420006	12.98311673065664
60.439958	13.007591448949002
60.460156	13.03206138494966
60.479993	13.056502242689216
60.500274	13.08095473001581
60.520197	13.105477692124763
60.540213	13.130088681032873
60.559983	13.154752636367604
60.580266	13.179423798754762
60.599985	13.204092048511503
60.619989	13.228787345174785
60.63998	13.253544145584161
60.660065	13.278368776463942
60.680353	13.303238534841972
60.700042	13.328127340051529
60.720749	13.353027932365753
60.740609	13.37795327208664
60.760812	13.402923441779452
60.779986	13.427954047239732
60.800001	13.453051357889734
60.819981	13.478208499278571
60.840218	13.503405732735786
60.859981	13.528616363828023
60.880017	13.553821337698409
60.900049	13.57901839106203
60.919945	13.604218508857898
60.93997	13.629432743354819
60.959975	13.654672506232856
60.980002	13.679965820173496
61.00005	13.705363506797994
61.020018	13.730911217518463
61.039969	13.756595586911539
61.060319	13.782318541309005
61.079969	13.807940911043929
61.100249	13.833375173740723
61.11997	13.858654098962893
61.139964	13.88391216190508
61.159987	13.909288968441652
61.18003	13.934834723987985
61.199989	13.960494734422458
61.220213	13.986174333580436
61.23997	14.01182095176352
61.260042	14.037451476657765
61.279994	14.063115118646609
61.299976	14.088841846472478
61.320022	14.11462601434023
61.339957	14.140450080502426
61.360206	14.166308148065866
61.379975	14.192203640536656
61.40002	14.218126831235933
61.420036	14.24404795325527
61.439964	14.269937309939252
61.460093	14.29579538746371
61.48	14.321661092281614
61.499974	14.347586708389462
61.519979	14.373599018785903
61.539978	14.399678901127512
61.560041	14.425776631069757
61.579962	14.451850286276205
61.60004	14.477895857806832
61.620035	14.503946393254822
61.640249	14.530043486130825
61.660261	14.556205017688386
61.680018	14.58241564283582
61.700064	14.608643532212321
61.719995	14.634866949737441
61.740137	14.66108743202749
61.760386	14.687322871041443
61.781241	14.713589356416643
61.800135	14.739893167749743
61.820121	14.766229274196052
61.83999	14.79258465826533
61.859994	14.818946240115201
61.880209	14.845309281398018
61.900015	14.871691521242832
61.91998	14.898132654308219
61.9401	14.924665312472358
61.960007	14.95127294849347
61.980226	14.97787903548584
62.000025	15.00439935204565
62.020032	15.030827366902878
62.040029	15.057267412227032
62.060259	15.083864029992988
62.080212	15.110672689771656
62.100093	15.13758910128937
62.119997	15.164414444026564
62.140005	15.19100849484605
62.160081	15.21739819577461
62.179987	15.243748566419045
62.20008	15.270229250378058
62.220026	15.29689931302217
62.240255	15.323697518508817
62.26001	15.350523765077602
62.280919	15.377321556145427
62.300395	15.404101825094855
62.319981	15.430911076659896
62.340935	15.457786184917074
62.360766	15.484737853854893
62.381034	15.51175225577817
62.399976	15.538803489524094
62.419995	15.565865459762747
62.43997	15.592922544347164
62.459997	15.619977291623766
62.479976	15.647048824099308
62.500049	15.674166266249879
62.519987	15.701361877840204
62.539978	15.7286581116421
62.560007	15.75604765211378
62.579969	15.783491447794246
62.599989	15.81094344066722
62.61997	15.838393121489334
62.639995	15.865880636205949
62.660055	15.893451935726745
62.679983	15.921089969463464
62.700059	15.948691844891584
62.719982	15.976137426164891
62.740037	16.003398159308002
62.759992	16.030585238161848
62.780002	16.057881534077946
62.800082	16.085410716299734
62.820216	16.113158452817306
62.839998	16.1410072054954
62.859968	16.168844128463732
62.879956	16.196638385604636
62.899957	16.22443541811532
62.920202	16.25229405909663
62.939964	16.280239421807394
62.959962	16.30826252598921
62.980042	16.336345276538154
63.000006	16.364474524729474
63.019956	16.3926394891324
63.039986	16.42083389327622
63.060037	16.449062949172003
63.080206	16.47734995764181
63.100234	16.505720852223956
63.119968	16.534179210037422
63.139984	16.562696283552178
63.159991	16.59123107259834
63.179974	16.619767365376376
63.200002	16.6483310850726
63.219956	16.676973096506263
63.240295	16.70572919319436
63.260008	16.734591899453253
63.280268	16.763515663544275
63.29996	16.792452756001193
63.31996	16.82139077421757
63.339964	16.85036103815382
63.359975	16.87941423076855
63.379962	16.9085799318064
63.399949	16.93784263820282
63.420221	16.967147960059958
63.439971	16.99643728763135
63.460029	17.02568474164694
63.47996	17.054914263543317
63.500038	17.084186833378464
63.519973	17.113564430741214
63.539968	17.14307462047871
63.560257	17.17269526115458
63.580204	17.202368803611584
63.6007	17.232032530623844
63.61993	17.261651855177238
63.640015	17.29123459079835
63.65996	17.320822680668822
63.680203	17.350468612222834
63.699991	17.380207105949047
63.71997	17.410042227940156
63.739962	17.439948689224924
63.76007	17.469884780492713
63.779984	17.499806962193905
63.800028	17.529689392410262
63.819971	17.559544337343446
63.840023	17.58942958859724
63.859994	17.619421779815035
63.879991	17.649561118675766
63.900013	17.67980968875451
63.920222	17.71006353323914
63.939965	17.740223222146096
63.959978	17.77026495688704
63.980018	17.800254877247987
64.000059	17.830293439888667
64.019985	17.860440281630517
64.039961	17.890684740579868
64.060291	17.920975435577528
64.080051	17.9512744626583
64.100066	17.981579943126256
64.119957	18.011908842264383
64.139978	18.042269259436814
64.160037	18.072655640905914
64.18023	18.103065439603228
64.200013	18.13350965200133
64.219983	18.164002074816043
64.24001	18.194537164381824
64.259981	18.22508705596383
64.279981	18.255622161489075
64.299981	18.286142044798925
64.319984	18.316682846298498
64.339982	18.3472938578729
64.360257	18.377996949145125
64.380066	18.408764140772337
64.400014	18.439536245157896
64.420023	18.4702686684931
64.439994	18.500968556657078
64.460057	18.5316884257999
64.479964	18.562482858452878
64.499981	18.59336454659444
64.519958	18.624296071593772
64.540082	18.655221693412788
64.560277	18.68610894045078
64.580561	18.716968427786714
64.600604	18.74784195096534
64.620782	18.778773816292038
64.640866	18.80978549509579
64.660344	18.840868229277515
64.680408	18.87198912797774
64.700777	18.90310841511797
64.720874	18.93420286744914
64.739967	18.96527999110794
64.760089	18.99636900194076
64.780013	19.027491844561716
64.800021	19.058642882675294
64.820218	19.08979918229851
64.840588	19.120962800560655
64.861037	19.152188817444763
64.880297	19.18355798558548
64.900019	19.215099943673344
64.920008	19.24673938005664
64.939989	19.278331015868535
64.96003	19.309765864093936
64.980032	19.341059626491024
65.000066	19.372331967488634
65.019969	19.40368652110348
65.039988	19.435100812129917
65.060009	19.466442346565213
65.079985	19.497608907412914
65.099988	19.528666901651864
65.12	19.559843649126943
65.139972	19.59135579411961
65.160332	19.623216951724952
65.180009	19.65519855770031
65.200056	19.686989978865036
65.220033	19.718425471847603
65.239966	19.74959225241518
65.26011	19.78073828843192
65.279971	19.812076363419465
65.300018	19.843649228938563
65.319984	19.875345531348806
65.339963	19.907020059036793
65.360332	19.93859876210075
65.380208	19.970101688140748
65.399983	20.00159432438321
65.419953	20.033129107858443
65.439962	20.064720513865627
65.460054	20.096351793311907
65.479973	20.127990174092194
65.499969	20.159603141074612
65.51995	20.191174861191318
65.539974	20.222711769856286
65.560308	20.25423294292839
65.579993	20.285752902973144
65.600006	20.317276970145258
65.619974	20.348812218847563
65.64024	20.380376803701335
65.660039	20.411989580835993
65.679964	20.443645052368474
65.700051	20.475302874313883
65.72023	20.50691205202696
65.739976	20.538450683848584
65.760068	20.569943117968993
65.780183	20.601439186102045
65.80029	20.63297765986498
65.820091	20.664565875259058
65.839994	20.696188337475174
65.860028	20.727826925169737
65.879962	20.75947011904352
65.900039	20.791110476845738
65.920152	20.822742521199388
65.939988	20.854368199237275
65.959974	20.886000191463296
65.980012	20.917651345000458
66.00024	20.94932055506401
66.019987	20.98099422856669
66.04	21.012665859246088
66.060347	21.0443520487122
66.080056	21.076082235167586
66.100295	21.107865573632488
66.119984	21.13967184383978
66.139997	21.171449219257262
66.16008	21.20316613125253
66.179982	21.234839984746603
66.199979	21.26652348456585
66.220061	21.298262762606463
66.240002	21.3300635585128
66.260087	21.361892992162502
66.279983	21.393709517224348
66.300056	21.42549685915036
66.319973	21.457272974628975
66.340008	21.489072199155967
66.359967	21.5209168371733
66.379974	21.552799736559027
66.399969	21.5846873878843
66.419966	21.61653854365184
66.439996	21.6483269321258
66.459989	21.68005630354839
66.480233	21.711757485459927
66.49996	21.743470039535467
66.519975	21.77521882947104
66.540283	21.807000383073333
66.559965	21.838789930000846
66.579973	21.870559954587396
66.600024	21.902296436757453
66.619976	21.93400252965846
66.640045	21.965688322131953
66.659977	21.997360205214093
66.680031	22.02901784264479
66.699953	22.06065842485419
66.720001	22.09228228048972
66.739948	22.12389458425585
66.76026	22.155501525284468
66.780314	22.1871044142174
66.800452	22.21869877467081
66.820971	22.25027374619954
66.840645	22.281816190571575
66.860044	22.313314844952576
66.880218	22.344762129688093
66.89996	22.376159957639693
66.920029	22.4075232542453
66.939966	22.438876125761855
66.960306	22.470240478636686
66.980095	22.501618274569232
67.000021	22.532982875570813
67.019991	22.564293214756646
67.039976	22.59553156541378
67.060236	22.626737221155473
67.079967	22.658001223666446
67.100021	22.68940723840125
67.119978	22.72095351291523
67.139962	22.75251996455606
67.160327	22.783921493432242
67.180001	22.815027411107746
67.200264	22.84585801704242
67.219962	22.876581050967342
67.239955	22.907400920806662
67.260196	22.93842071505078
67.280249	22.9695898020278
67.300225	23.00076903212799
67.319989	23.03184929705945
67.340056	23.062820652110222
67.360247	23.09374374243252
67.379989	23.12467122877187
67.399999	23.155603661785374
67.419986	23.18651331246295
67.440354	23.21739346574223
67.460024	23.248270993786598
67.48002	23.27916887362917
67.500002	23.31006877430385
67.519988	23.34092213378504
67.539965	23.371698445320803
67.560053	23.402420639467394
67.579977	23.43314839628962
67.599954	23.463921687753963
67.619982	23.494722655806054
67.640395	23.52549103312699
67.660284	23.556176795459812
67.680003	23.586782975294657
67.69995	23.617360984151475
67.72001	23.64796770070473
67.739957	23.678621231988874
67.760236	23.70929114747226
67.780041	23.73992732893005
67.800022	23.770499152218882
67.820015	23.801010907597792
67.839963	23.83148615032785
67.859975	23.86194327604816
67.879972	23.892388992618972
67.900022	23.922835403338865
67.919946	23.953311449829943
67.940005	23.98384397852913
67.95997	24.014421238626028
67.979965	24.044978554240117
68.000075	24.075437194265003
68.020166	24.105770937869167
68.039942	24.13603749621969
68.060006	24.166337707374428
68.08022	24.19673286125809
68.100037	24.227198498428358
68.119951	24.257653276968025
68.139982	24.288034260588578
68.159994	24.31834614860848
68.179948	24.3486439955171
68.200591	24.378974472844654
68.219962	24.409338926074977
68.240005	24.43970610411031
68.260239	24.470048668402065
68.280518	24.500365697992784
68.300871	24.53067296365506
68.319995	24.56098559376897
68.340171	24.59130873958684
68.360421	24.621636457102184
68.380071	24.65195267547149
68.399974	24.682231931504834
68.419986	24.712453752200155
68.440065	24.74262579880836
68.459976	24.772789141706852
68.480002	24.802988147796334
68.499981	24.833232259152123
68.520001	24.863489242021544
68.540226	24.89372247513469
68.559981	24.923936313251996
68.58025	24.95417477556591
68.600034	24.98447114675742
68.619995	25.014797003647214
68.639991	25.04506756067612
68.660057	25.07520583516078
68.680006	25.105206835730478
68.699976	25.135142260884788
68.719946	25.165103014799882
68.740076	25.195134802734916
68.760009	25.225221957096885
68.78023	25.255323852038444
68.79997	25.285419117506542
68.820067	25.315519725571964
68.84	25.345647709044428
68.860286	25.375804775895233
68.88001	25.405964160129834
68.900032	25.4360881907956
68.919948	25.46615155169217
68.940065	25.496155378942383
68.960221	25.526120283180596
68.980038	25.556068728059238
69.000036	25.586014235922143
69.019959	25.6159618298593
69.039977	25.64591581456377
69.060013	25.675880388224456
69.079963	25.705852837645715
69.10005	25.735823220636032
69.120002	25.765781379493582
69.139957	25.79572361844255
69.160409	25.825650082072716
69.180295	25.855556577737516
69.200413	25.885434497242823
69.219928	25.915283087597825
69.240348	25.94511916031872
69.26008	25.9749664348403
69.279981	26.00483263523373
69.300038	26.034695718322347
69.319943	26.064520989676033
69.340027	26.094290336285287
69.360002	26.124013760189687
69.380218	26.153713288162322
69.399985	26.183402672991946
69.41995	26.213086318717373
69.440279	26.24277501901473
69.459967	26.27249252928513
69.480003	26.302255891121746
69.499976	26.332047921883973
69.519948	26.36181659926829
69.540027	26.39150709070123
69.56001	26.42110095443142
69.580231	26.450628526007122
69.600252	26.4801482107296
69.619981	26.50971364905818
69.640159	26.53935277089918
69.660244	26.569067549185014
69.679979	26.59884548903528
69.700024	26.62866982202623
69.719968	26.65852625228457
69.740104	26.68840515309578
69.760003	26.718299750900883
69.779986	26.74820451417179
69.799979	26.77811789539656
69.820209	26.80805122461207
69.840032	26.838033552146978
69.859982	26.86810306756774
69.879976	26.898282673847007
69.900029	26.928562328233028
69.919992	26.958901612628257
69.939966	26.9892549959352
69.959977	27.019598295469358
69.980052	27.04993647573538
70.000191	27.08029073330464
70.020399	27.11067786565881
70.039967	27.141103463131564
70.060067	27.171567186312107
70.079944	27.202069909864914
70.099978	27.232612755169225
70.120334	27.263189979144578
70.139949	27.293789391423324
70.159962	27.324397306866963
70.179998	27.355004920908176
70.200233	27.38560772560333
70.220494	27.416202915757015
70.240459	27.446797325617354
70.260686	27.47741743678306
70.280674	27.508104328989827
70.299999	27.53888395068342
70.319977	27.569732243136702
70.340143	27.600576019790296
70.359973	27.631342869475734
70.379988	27.662020136281466
70.400201	27.692668673378122
70.420024	27.72336937948774
70.439945	27.754148763958042
70.460328	27.784958222501867
70.479992	27.81573539821069
70.49999	27.846487039871725
70.520003	27.87730447986384
70.539961	27.908284272639026
70.559973	27.939420480546673
70.579972	27.970575545724188
70.600192	28.001566861978503
70.620039	28.032301212645336
70.639959	28.06284292900778
70.659968	28.09336096710803
70.679979	28.124007412839916
70.70008	28.154828318793275
70.720062	28.185767386646386
70.739956	28.216736747076812
70.760075	28.247682931491813
70.780225	28.278597277023753
70.799984	28.309486947566388
70.820044	28.340352108484495
70.840249	28.371192151775652
70.859967	28.40202721351678
70.879973	28.432894920886536
70.900042	28.46381922318898
70.919927	28.4947844594304
70.940083	28.52574270899359
70.959974	28.556653284768032
70.980031	28.587516344203742
71.000237	28.618368444640772
71.019986	28.649250233587978
71.040333	28.680173824973355
71.060024	28.711119892982403
71.080209	28.742062394372073
71.09999	28.772990028812888
71.120162	28.80390695719318
71.13998	28.83481759990651
71.160237	28.86571572400304
71.179998	28.89658795405056
71.200012	28.927429574447725
71.219968	28.95825143708988
71.240167	28.989073626578392
71.260248	29.01991321461867
71.280158	29.05077824506725
71.299999	29.081668947914658
71.319924	29.11257877029579
71.340285	29.143491346988693
71.359979	29.174381707945464
71.380022	29.205227168935938
71.400047	29.23602378360377
71.419981	29.266792012642185
71.440069	29.2975576920167
71.45998	29.32832687601297
71.479986	29.359079166299086
71.499966	29.389789891483144
71.52021	29.420459820169736
71.539968	29.451118020196294
71.560283	29.481790960219357
71.580415	29.512470611308427
71.599941	29.543116515054244
71.620084	29.573688364126618
71.640011	29.60418199711345
71.66003	29.634631059445013
71.680008	29.665076124341464
71.70006	29.69553451336878
71.720001	29.725994113524084
71.740056	29.756432409047584
71.76001	29.78683410094275
71.779968	29.817198572792226
71.80004	29.84753774346368
71.820035	29.87787495221345
71.839958	29.908237832169636
71.85997	29.938640229823257
71.87996	29.969060968612013
71.899963	29.999443350322014
71.91995	30.029727498821565
71.939969	30.0598934050964
71.959991	30.089978875864276
71.980041	30.12005259065708
72.000036	30.15016579993985
72.020006	30.180322220107595
72.039963	30.210489607543128
72.059984	30.240635227724045
72.079982	30.2707529343028
72.099974	30.300861245964114
72.120001	30.33097985345532
72.1403	30.36111220354877
72.15998	30.391246535061626
72.179973	30.421369787426787
72.200148	30.451478789579543
72.219973	30.481582393092346
72.240232	30.51169352782432
72.259961	30.54182276012552
72.279958	30.57197377399613
72.299983	30.602138483398097
72.319938	30.632298727669358
72.340045	30.662432415698145
72.360206	30.69252878018857
72.380627	30.722602231162284
72.399985	30.752689799948126
72.420028	30.78282551872409
72.44041	30.81301072311658
72.460769	30.843209147937188
72.480998	30.873374879585022
72.500018	30.903494010514763
72.52	30.933593969960246
72.540117	30.963708509538062
72.55999	30.993832924778424
72.58005	31.023920120877236
72.600006	31.053933995802993
72.619973	31.08390530733583
72.639973	31.113919280027897
72.660059	31.144034151512795
72.679994	31.174214557005232
72.700025	31.204358831726843
72.720211	31.234405129973982
72.740237	31.264404299709668
72.760082	31.294472107717134
72.780355	31.32465815447656
72.800066	31.354866662740154
72.819972	31.384920294322868
72.839955	31.414713708242033
72.860306	31.444312312467037
72.880049	31.4739023067114
72.900227	31.50364100708945
72.920037	31.53354462778002
72.939928	31.563507658672233
72.959944	31.593412032313488
72.9802	31.623220283932593
73.000001	31.65298203504984
73.01996	31.68277020873096
73.040073	31.712616353852194
73.059985	31.74249095721165
73.080185	31.772326295304996
73.099963	31.802059575819772
73.119971	31.8316735653689
73.140006	31.861210535435635
73.159979	31.890746202815603
73.179969	31.92033593043264
73.200102	31.949971190634955
73.219979	31.97958856397011
73.240037	32.00912357042453
73.260198	32.03856151726705
73.280258	32.067944033954106
73.300231	32.09732675601198
73.319977	32.126734052070645
73.339974	32.1561495807156
73.360206	32.18554034106866
73.380009	32.21488537644141
73.39999	32.24418274059003
73.419968	32.27343817903229
73.44	32.30265374450363
73.460103	32.33182564691972
73.479985	32.36095043353056
73.500017	32.39002943902341
73.52004	32.41907174753417
73.539962	32.44809253770796
73.559971	32.47710418135492
73.579954	32.50610244161937
73.599972	32.535061448869634
73.62018	32.56394462642165
73.639983	32.59272922682534
73.66004	32.62142404562142
73.680025	32.65006149016514
73.700288	32.67867163404642
73.719936	32.70726319650134
73.739993	32.73582733589016
73.760006	32.76435463146386
73.779992	32.79284631487848
73.800215	32.821304550231076
73.819957	32.849720897518694
73.839965	32.87807867882478
73.860056	32.90636864584956
73.88003	32.934601321959526
73.900026	32.9627998621241
73.919946	32.99098208087404
73.940072	33.019150187734525
73.960008	33.04729461095633
73.980242	33.07540192086126
73.999963	33.103459623296374
74.019957	33.13145695263845
74.04005	33.15938872850857
74.060155	33.187262341934414
74.080245	33.21509691125436
74.100573	33.242913297290535
74.120601	33.270719487529405
74.139999	33.298505023472764
74.160375	33.326247075011175
74.180061	33.353926421991964
74.200049	33.38154149873046
74.220011	33.40911050861168
74.239981	33.43666182719691
74.260013	33.464213212202
74.279983	33.49175372698409
74.299961	33.519242713312295
74.320164	33.54663713506092
74.339952	33.573931323051035
74.360033	33.601176801626494
74.380048	33.62845374901745
74.399988	33.655808764234486
74.420174	33.683207112298184
74.440073	33.71054647132825
74.46027	33.737725960003836
74.480092	33.76471386517476
74.500038	33.7915615026943
74.51998	33.81835455365186
74.540318	33.845151774311255
74.559975	33.871961549538256
74.579997	33.89876277393832
74.600005	33.925538320066586
74.620004	33.952286588413955
74.640028	33.97900838832733
74.659991	34.00569532419614
74.679982	34.032338195367
74.699969	34.05894336606163
74.719926	34.08553389163593
74.740047	34.112128586532386
74.75997	34.13871907081958
74.779985	34.16527174991775
74.800035	34.19175397176257
74.820011	34.21815948545736
74.840096	34.24450901846652
74.860227	34.27082963371831
74.880033	34.2971333268498
74.900018	34.32341648808357
74.919952	34.349674885963104
74.940011	34.37591386174687
74.959997	34.40214385504273
74.980001	34.42836928049652
74.999981	34.454584992043586
75.020034	34.48078402898279
75.039976	34.50696486757952
75.060064	34.533131157248874
75.080047	34.559286596264556
75.100178	34.58543372790004
75.12004	34.61157846987024
75.140253	34.63772801670217
75.159983	34.6638809239994
75.179989	34.69001736597242
75.199984	34.71610512357982
75.219969	34.742122656128466
75.240298	34.76807783967152
75.259976	34.794004984544635
75.279989	34.81993979376329
75.300025	34.8458929757994
75.319976	34.8718461572103
75.339997	34.897772715423926
75.360002	34.92366424394286
75.379999	34.94953908333982
75.399966	34.97542457828463
75.420007	35.00132732886975
75.439961	35.027219301410376
75.46	35.05305328607994
75.480265	35.07879877796007
75.500021	35.10446910067423
75.519954	35.130113563368845
75.54003	35.15577953731138
75.559996	35.18147538526535
75.580718	35.207164872835186
75.600568	35.23280108261128
75.620781	35.25836733645346
75.640002	35.28388802722649
75.660056	35.30940013268172
75.680232	35.33491378743551
75.700089	35.360406016172625
75.720569	35.3858518700121
75.740071	35.41126049583187
75.760402	35.436669413494776
75.779974	35.46209753893486
75.800037	35.48750862545124
75.819978	35.51283477884152
75.840019	35.53805183323579
75.859978	35.56322848138712
75.880229	35.588487234295826
75.900014	35.613894523813435
75.919969	35.639379524398414
75.93999	35.66476730505225
75.959967	35.689912312780756
75.980061	35.714818838754006
76.000137	35.739641125797135
76.019966	35.76456081080173
76.040052	35.789647393055354
76.060209	35.814818486798345
76.079979	35.8399229815165
76.099979	35.864866939159306
76.119979	35.88967622202939
76.140022	35.91445827798314
76.160201	35.93930960414839
76.179975	35.96425028100221
76.199987	35.98922713737194
76.219969	36.01416694264478
76.240053	36.03903136352341
76.259973	36.063833408201454
76.279956	36.0886182601655
76.300061	36.113427082831045
76.320027	36.13827272218786
76.340042	36.16313669519513
76.359978	36.18798568760886
76.37997	36.212795262244995
76.400323	36.23756446472296
76.420273	36.262317953514156
76.440112	36.28708938508882
76.460001	36.31190004503029
76.480307	36.33674349146432
76.50006	36.36158974840831
76.520043	36.386407437686834
76.53996	36.41118765026421
76.560044	36.43595155154893
76.580226	36.46073152968215
76.600324	36.48554258617872
76.619974	36.51037135624815
76.639997	36.53519330853887
76.659981	36.56000025714653
76.680017	36.58481213229781
76.700288	36.60965964562817
76.720245	36.63455742227548
76.740033	36.65949148997218
76.760023	36.68442704828266
76.780078	36.70932694660755
76.800011	36.73416876119512
76.819986	36.7589551247932
76.84022	36.78371577725644
76.860034	36.808497107619466
76.879968	36.833333563782965
76.899965	36.858217046001485
76.920019	36.88309257070477
76.939967	36.907894408754125
76.960024	36.932600830455634
76.980068	36.95725820180403
77.000007	36.98194665477602
77.020305	37.006710528166174
77.040042	37.03151849244572
77.060244	37.056291267857226
77.079969	37.080973379612146
77.099971	37.10558290152084
77.120217	37.13019202585188
77.140257	37.15486395448729
77.15998	37.179604657364294
77.179991	37.20436944719923
77.200008	37.22910778011683
77.220198	37.25380262395305
77.241177	37.27847332340903
77.259992	37.30315689136523
77.279976	37.32788552269122
77.300014	37.35267079783115
77.319994	37.37749828350237
77.33995	37.402330179395626
77.359962	37.42712743938488
77.379978	37.45187973520218
77.399932	37.47661597465604
77.419993	37.501374437493325
77.439973	37.52616025445977
77.460003	37.550937982673645
77.480005	37.575676448468826
77.500286	37.60040112964964
77.520012	37.62518885070602
77.540043	37.65009551666802
77.559986	37.67508155566174
77.579977	37.700020859048124
77.600059	37.72479582146122
77.619968	37.74939688389398
77.640006	37.773932971352934
77.660221	37.798541804667686
77.679996	37.82328377435288
77.700012	37.84811124902883
77.719966	37.87293163153848
77.739991	37.89769272187011
77.759972	37.92241503429506
77.779982	37.94715284816001
77.800058	37.971934362344065
77.820204	37.996737226883575
77.840005	38.021509860124006
77.860192	38.04621215813132
77.879948	38.07084087032333
77.900001	38.09542708042341
77.919978	38.120013051245266
77.939929	38.14462837846593
77.959958	38.169272900652395
77.980018	38.193920918744624
77.999975	38.21853780065904
78.019973	38.24309857428828
78.040057	38.26760131532677
78.05997	38.29206654249895
78.079959	38.316525141635786
78.100004	38.34100122215589
78.119957	38.3654989587213
78.140023	38.389998604959956
78.159968	38.4144661781895
78.180014	38.43887140483648
78.200006	38.463203857817064
78.220035	38.48747701819747
78.240244	38.51171941433118
78.259995	38.5359594154403
78.279987	38.56021234323623
78.300215	38.58447696711453
78.320004	38.608741118085426
78.340356	38.6329906288209
78.359991	38.657217610427004
78.379963	38.68142295593367
78.399987	38.70561249916612
78.420227	38.72979053030974
78.439995	38.75395650481169
78.460046	38.77810879240226
78.48	38.80225079781761
78.500027	38.82639146577949
78.520029	38.8505357691544
78.540295	38.874675682091656
78.559963	38.89879452684276
78.579985	38.92288179595609
78.600148	38.94694352031303
78.620061	38.97099594240905
78.639973	38.99504609299581
78.660323	39.019081958653366
78.680573	39.04308422310517
78.700756	39.067047466973285
78.72088	39.09098735940939
78.739974	39.11492611446033
78.759999	39.13886947614441
78.779976	39.16280164550953
78.800005	39.18670463456017
78.81999	39.21058019962128
78.840293	39.23445080586538
78.859987	39.25833404085221
78.879981	39.28221398613084
78.899959	39.306042127238676
78.919973	39.32977870798904
78.940281	39.35344181141959
78.960219	39.37711740723179
78.980046	39.40090551652992
79.000017	39.424833422930504
79.019959	39.44880667901949
79.04	39.47265286650681
79.059986	39.49623800933402
79.079974	39.519570883027576
79.100015	39.54280561925354
79.120057	39.566131853757945
79.140287	39.58963911721981
79.160214	39.61326717660782
79.179965	39.63687871763418
79.20002	39.660383345780026
79.219959	39.68380271333775
79.240034	39.70722862333685
79.259994	39.73072529475941
79.280018	39.75427249129841
79.300224	39.77779139690887
79.319959	39.801216182205145
79.339989	39.824542243844895
79.360314	39.84781725195192
79.38023	39.871099519758694
79.400217	39.894424699565384
79.419977	39.91779963845998
79.440039	39.9412083881552
79.460227	39.964618356801424
79.480005	39.98798710232871
79.499995	40.01128001002293
79.52007	40.03449494163857
79.540086	40.05766927156207
79.559975	40.080854552455264
79.580033	40.1040779657504
79.600259	40.12732553043101
79.62002	40.15056299285485
79.640046	40.173771687842276
79.659978	40.1969611333226
79.680014	40.220148508666824
79.700294	40.24333002039023
79.719983	40.26647832138516
79.740087	40.289568208444855
79.760429	40.3126019634174
79.780002	40.33560851892093
79.800206	40.35861679258246
79.819968	40.381634194480334
79.840304	40.404651045503854
79.861131	40.42765996722496
79.880013	40.45067042831606
79.900057	40.47369821122308
79.91998	40.496743584204076
79.940061	40.519785993772025
79.959999	40.54280142672071
79.980017	40.56579105165821
80.000231	40.58879105730365
80.019972	40.61184815337799
80.040089	40.634976537531564
80.060324	40.65813727321143
80.079977	40.68126667889442
80.100008	40.70433677107411
80.119974	40.72739096232397
80.14017	40.75051335693078
80.160003	40.77375075399291
80.179974	40.79705648525387
80.199977	40.820315594045006
80.219969	40.843435295548325
80.24013	40.866421756480584
80.260248	40.8893764731993
80.280074	40.9124174167845
80.300327	40.93559420522066
80.319966	40.95886611199721
80.340077	40.98214943874013
80.359987	41.00538098693791
80.380005	41.02854894257436
80.400007	41.0516786706706
80.419958	41.07480101109523
80.439998	41.09793150616121
80.459985	41.12106703314541
80.47998	41.14419313441049
80.500008	41.16729866176292
80.51998	41.19038949387987
80.540051	41.21349143190056
80.559996	41.23663480476106
80.580042	41.25982510293511
80.600048	41.28303067565104
80.619947	41.306199221203975
80.639997	41.32929300372438
80.659979	41.352315212448794
80.680218	41.37530260447339
80.699956	41.39829493749526
80.719947	41.421307458903094
80.74002	41.44432722975552
80.759978	41.46733026721298
80.779972	41.49030007914898
80.799937	41.513236847742306
80.820998	41.53615209114542
80.839987	41.55905977202975
80.860297	41.58196613590613
80.879999	41.60486465768618
80.900004	41.627741127534335
80.920092	41.650583554406055
80.940382	41.67339603943439
80.960221	41.696201357137745
80.980072	41.71902556300502
81.00005	41.74187132052212
81.020017	41.764705282151034
81.040018	41.78747922340676
81.060348	41.81017638940932
81.080029	41.83284272460139
81.10001	41.85556418840856
81.119969	41.878396910049084
81.140061	41.901307824396
81.159981	41.924186405374776
81.179968	41.94692876240011
81.199997	41.96952604772193
81.219962	41.992076470346646
81.240137	42.01470547767526
81.259964	42.03746488413713
81.280199	42.060299860038405
81.299976	42.083111510619666
81.320353	42.10584935127231
81.339953	42.12854977550519
81.35997	42.151290370492895
81.380006	42.17411259987154
81.399996	42.19699010257601
81.420047	42.21986276676016
81.439956	42.24269723060492
81.460284	42.26551124570885
81.479954	42.288350232068865
81.499965	42.31124401675517
81.519995	42.33418894718081
81.540238	42.35716302180816
81.560351	42.380154642380965
81.580299	42.40317290170129
81.600076	42.42623158057009
81.620246	42.44932870338224
81.640103	42.47243995696983
81.659991	42.49553637021497
81.680167	42.51861158109182
81.700069	42.54169611245756
81.720238	42.56484101690424
81.739959	42.58808046442133
81.760053	42.61140387818535
81.780109	42.634762327673634
81.799968	42.65811171957841
81.819918	42.681453307929644
81.840099	42.70483461927192
81.859981	42.72830689423899
81.880245	42.751873985881254
81.90001	42.77548038253714
81.919997	42.799049636106155
81.940099	42.82254058481991
81.9602	42.84597362149678
81.980004	42.869409234454814
81.999983	42.89289952779182
82.019969	42.91645489119313
82.03998	42.9400457347083
82.060041	42.96362991478875
82.080006	42.98718215424881
82.100278	43.010705311260445
82.119949	43.034225011176375
82.139988	43.057771878723
82.159986	43.08136337980039
82.179945	43.10499508107872
82.200208	43.12864681682838
82.219962	43.152299828622375
82.240019	43.175948864555835
82.259981	43.19959883844494
82.279974	43.22324999826034
82.300039	43.246889651234675
82.319979	43.2705038931881
82.34012	43.2940980884807
82.360209	43.317702774255594
82.380243	43.341351655648516
82.399967	43.36504823227716
82.420023	43.388754993703245
82.440267	43.41241930620944
82.459963	43.43601669793696
82.479952	43.45956988579564
82.499982	43.483126339488884
82.52064	43.50671484458403
82.539968	43.53032167361207
82.559961	43.553904737852825
82.579954	43.577432448509505
82.59999	43.60091138205089
82.620195	43.62437880608931
82.64025	43.64787269939355
82.6602	43.67140405137349
82.679974	43.69495215772619
82.699966	43.71847801155454
82.719957	43.741945194851176
82.74035	43.765338562260546
82.759977	43.788677947443716
82.779996	43.812014951736145
82.799929	43.83540418454174
82.820008	43.85886154677964
82.839934	43.88234200010106
82.859994	43.90576751134409
82.87994	43.9290897377846
82.900092	43.95233571061254
82.920209	43.97558683506726
82.940129	43.99890658885689
82.959967	44.02228134999965
82.97996	44.04563120896716
82.999954	44.068882461071574
83.019958	44.09203048241139
83.041004	44.11513578858356
83.060496	44.138263891305506
83.081062	44.161427970062924
83.099931	44.18458720173393
83.120011	44.20769221200177
83.140023	44.23072840245696
83.160002	44.253726859068074
83.179977	44.276742371280974
83.200036	44.29982170627573
83.219961	44.322975468265746
83.24004	44.34616212293095
83.25998	44.36930161058908
83.279973	44.39232834809937
83.299987	44.41525598127225
83.319976	44.43819797246383
83.340288	44.4612996103256
83.360735	44.48461868311661
83.380002	44.508057080567475
83.399988	44.53141236181028
83.419966	44.55452061500514
83.440022	44.57737627772642
83.459972	44.60012870524897
83.479981	44.62296852337531
83.500033	44.64599932846931
83.519965	44.669191135832875
83.540009	44.69243036942579
83.559968	44.715612152223585
83.579976	44.738704265126366
83.599972	44.76175404573777
83.619963	44.78484688527064
83.640318	44.80804468915068
83.65997	44.831341563628946
83.679975	44.85465980862403
83.700023	44.87789630236542
83.720028	44.900991815862085
83.740032	44.92397407271389
83.759992	44.94693637861969
83.779969	44.96997124772674
83.800063	44.99310731433399
83.819981	45.01630063921253
83.839957	45.03948036460679
83.859983	45.06260341717383
83.879988	45.085679829735746
83.90002	45.10875331114354
83.920038	45.13186240591368
83.940036	45.15501416176449
83.959964	45.17818342954903
83.980017	45.201333295619
84.000049	45.22443987949865
84.020273	45.24750621177576
84.039982	45.27055826483394
84.060057	45.29362600504346
84.080026	45.316722195317595
84.100352	45.33983732348667
84.119967	45.36295176165857
84.140112	45.38605458238784
84.160235	45.40915407204057
84.179996	45.43227120741795
84.200222	45.455420852872884
84.219992	45.47860043317126
84.23998	45.50179459891829
84.259962	45.524990505941936
84.279972	45.548189642524996
84.299973	45.571404977231666
84.320203	45.594647304744946
84.340009	45.61791540512899
84.360002	45.64119783336883
84.380239	45.664483863909176
84.399981	45.687773353574514
84.419953	45.71107428905205
84.440065	45.73439438101349
84.459972	45.757734852395785
84.479965	45.78108944335952
84.500788	45.80444725999038
84.519959	45.82779834666351
84.540006	45.85113849103452
84.559972	45.87447281602162
84.579993	45.8978187653968
84.600024	45.92120036612093
84.619983	45.94463897062061
84.640073	45.96814300172798
84.659976	45.99170187637647
84.679988	46.0152863093172
84.700001	46.03885721986175
84.719972	46.06238657453966
84.740165	46.085880535184586
84.760236	46.10938689758228
84.779995	46.132969053458936
84.800014	46.15665741083799
84.820009	46.18041573029128
84.840316	46.204159348993684
84.859999	46.227818137389804
84.880219	46.2513926250011
84.899928	46.274955528711324
84.920032	46.29859178718744
84.940021	46.32233084710429
84.960255	46.34613239541579
84.979987	46.3699342906214
84.999969	46.39371427098755
85.020067	46.417505516089015
85.039998	46.44135632840624
85.060278	46.465278072087216
85.079983	46.48923662687704
85.100062	46.513188959821925
85.119978	46.537125481495096
85.140119	46.56107300397153
85.16	46.58505944267472
85.179998	46.609082923377905
85.200233	46.633116541437936
85.220235	46.657139367453254
85.240027	46.681159498803524
85.260222	46.70520274063489
85.28003	46.72928250431452
85.300057	46.7533875715513
85.320267	46.777497710318485
85.340027	46.80160951889382
85.359974	46.82574005886675
85.379989	46.84990333369716
85.399997	46.874087225487536
85.419983	46.89825722259555
85.440009	46.9223870412844
85.460881	46.946484285798824
85.480896	46.97058596113247
85.499985	46.99472772987682
85.520218	47.01890992951879
85.540102	47.043094519046186
85.560261	47.06723247049016
85.580282	47.09130097299156
85.59999	47.11532119792324
85.61992	47.1393387866088
85.640057	47.16337895558918
85.659963	47.18741474009538
85.679988	47.21138546451776
85.700029	47.235260636728874
85.720016	47.25909452583937
85.740038	47.28300629338511
85.759976	47.30708826810388
85.779973	47.33131559834144
85.800059	47.355546730562274
85.820282	47.379625302916814
85.840326	47.403498830725766
85.859993	47.42725092371429
85.880245	47.451020758409854
85.899972	47.474888764258935
85.91997	47.498829098502796
85.940058	47.52276171800439
85.960202	47.54664268038266
85.979981	47.5705011133153
85.999926	47.59439766414628
86.020032	47.61835520949929
86.040087	47.64233540225711
86.060016	47.66628033242911
86.079987	47.690171686555296
86.099961	47.71404717894207
86.120035	47.737961007145756
86.140028	47.76192813483511
86.159997	47.78590529287068
86.180359	47.80982336172479
86.199961	47.83364291219275
86.219959	47.85738509233922
86.240006	47.88110919434834
86.259985	47.90486390885218
86.280241	47.928653349300134
86.300005	47.95244529632072
86.319948	47.976208259186116
86.340055	47.999936765024614
86.359981	48.02364439217919
86.379999	48.04733957798854
86.40001	48.07101626468476
86.419999	48.09466937752137
86.440066	48.11831212855533
86.459969	48.14196846160945
86.47998	48.16564536675578
86.50005	48.18931672350214
86.520435	48.21294170097509
86.540009	48.23650382699713
86.560244	48.26002928414217
86.579976	48.2835658741879
86.599981	48.30714035392534
86.619977	48.33073639620402
86.640199	48.35431545224378
86.659971	48.37785695236387
86.679982	48.401377986159915
86.69999	48.42491322676103
86.719975	48.44847813253591
86.739985	48.472052906782466
86.760002	48.49560593166914
86.779975	48.51913003781354
86.799965	48.542652925442376
86.819958	48.56620857083628
86.83998	48.589797412323065
86.860094	48.61337691861792
86.879975	48.636895156665446
86.899968	48.66033601202762
86.919961	48.6837349015291
86.940043	48.707149685080196
86.960221	48.730613404136555
86.98001	48.75411448029859
87.000053	48.77761647889101
87.020009	48.80109522931453
87.04003	48.824557307202696
87.059975	48.84802564716882
87.079983	48.871515695591725
87.100034	48.895026731620796
87.120047	48.91855212042917
87.140326	48.94209052452547
87.16	48.96564435793176
87.180254	48.98921063115362
87.200289	49.01277990559805
87.220035	49.03634839042813
87.239961	49.05992538957214
87.260084	49.08352779417836
87.279992	49.10716250140985
87.300029	49.13081631726226
87.319989	49.15446520450471
87.339979	49.17809483014696
87.360224	49.201712426784354
87.380013	49.225342252318065
87.400076	49.249009497403485
87.420012	49.272727588872975
87.440274	49.296497035041796
87.459967	49.320308634832884
87.479976	49.344145659447065
87.500021	49.367984746651004
87.519986	49.39180264885077
87.539956	49.41558677146875
87.560049	49.43934366918351
87.579989	49.46309667327216
87.600283	49.48687295962652
87.619951	49.51068927158314
87.640047	49.534544805214445
87.659959	49.55842604508388
87.680317	49.5823180041181
87.700026	49.60621443515199
87.720062	49.63011949616338
87.73995	49.65404001207446
87.759981	49.67797642751767
87.77996	49.70191862010825
87.799958	49.72585414559533
87.819955	49.74978200803944
87.84005	49.773721009317555
87.860206	49.79769940853753
87.879952	49.821734232591695
87.899956	49.84581542871656
87.919956	49.86991226995945
87.939987	49.89399984813093
87.95996	49.91807968395456
87.979982	49.94217619668013
87.999953	49.96631122745534
88.019939	49.990480266937354
88.039995	50.01465187759554
88.059983	50.038793595624554
88.080274	50.06290063413157
88.099979	50.08700521015309
88.119974	50.11115593740108
88.140149	50.13538262492574
88.160047	50.159675544532384
88.18076	50.18399309379906
88.200016	50.208294995924035
88.220198	50.23257112151977
88.239971	50.2568442145417
88.260085	50.28114749415305
88.28029	50.305496274536374
88.299992	50.329885403476126
88.320089	50.35430708644752
88.34076	50.37876830088336
88.359953	50.403284561552894
88.379973	50.42785590762333
88.399981	50.45245594650016
88.420158	50.47705664482064
88.440606	50.501662219476856
88.459985	50.52631570750199
88.480035	50.55106068137601
88.500291	50.57588883125037
88.520233	50.60073009948522
88.540358	50.62550138037658
88.560319	50.6501798296169
88.581184	50.67483285629684
88.600011	50.699574409779736
88.620526	50.72447408880646
88.64037	50.74949830836337
88.660276	50.77453927007074
88.681155	50.799502498930124
88.700297	50.8243867177648
88.720378	50.84927877335695
88.740605	50.874271544088295
88.75997	50.8993808841025
88.781056	50.92453366246224
88.800248	50.94964463119801
88.820173	50.97470783476216
88.840558	50.999809077405324
88.860957	51.02504539652217
88.88095	51.05042742234802
88.900068	51.075860968648875
88.920291	51.10123247389907
88.940032	51.12651220979673
88.959971	51.151774258086554
88.980058	51.177120533708866
89.000028	51.202588905658786
89.020024	51.228133841387006
89.039971	51.25368203902219
89.060055	51.279195074248385
89.079996	51.3046889723935
89.100031	51.33021061114571
89.120031	51.35581033058687
89.139983	51.38153041819489
89.160207	51.407389847123724
89.179981	51.43335919647213
89.200001	51.459350566429286
89.220214	51.485254082461566
89.240086	51.51101543711752
89.260262	51.53668782055716
89.279988	51.56240435154202
89.300024	51.588283702479444
89.319997	51.61435098631197
89.340114	51.640537022979494
89.360212	51.66674895164278
89.379967	51.69294574907419
89.400062	51.71914968786549
89.420283	51.7454041534098
89.43998	51.77172803775933
89.460044	51.79810503300395
89.479986	51.824513808554656
89.499974	51.85095489980671
89.519987	51.877450920607664
89.539989	51.90402403487307
89.559972	51.93067140568881
89.57996	51.95736673295618
89.600004	51.9840830450132
89.620016	52.01081807885264
89.640007	52.037597280102766
89.659996	52.064454165402054
89.68036	52.091405327498514
89.699965	52.11843986781067
89.719942	52.14552995370945
89.740018	52.172649450606364
89.759971	52.19978695202235
89.779954	52.226946002360926
89.80003	52.254139984772
89.820215	52.28138654535292
89.840011	52.308701258593494
89.859975	52.33608854982219
89.879968	52.36353667653025
89.899963	52.39102661214059
89.919969	52.4185507170704
89.939995	52.44612400494042
89.959951	52.47377433765155
89.979956	52.50151474248244
89.99994	52.529323128637735
90.019953	52.55715204625263
90.039988	52.58496447642022
90.059953	52.61276781722426
90.081755	52.64061216228538
90.099972	52.66855862758243
90.119956	52.69663387620885
90.140038	52.72480533948482
90.159966	52.753006058644665
90.179959	52.78118002856691
90.200041	52.80932478392065
90.219932	52.83749453406736
90.240081	52.86575430187593
90.259965	52.894115624945215
90.280054	52.922513423277955
90.300062	52.95085707708654
90.319924	52.97912563815701
90.340012	53.00741642479573
90.359965	53.035882373573564
90.379996	53.064596361599854
90.399988	53.093457806007045
90.420043	53.12224382732171
90.440002	53.15077336658281
90.460214	53.17904632401214
90.48484	53.20723424997431
90.499949	53.23555128922795
90.520011	53.264101347127294
90.540023	53.29282157956325
90.56018	53.32156389204818
90.580015	53.35020727515822
90.600099	53.37874128022955
90.619981	53.40725989127711
90.639989	53.43587389986511
90.660039	53.464592697567944
90.680372	53.49328414823906
90.700284	53.521780069809246
90.720581	53.550074016315584
90.739994	53.5784223842578
90.76001	53.607188936147274
90.780114	53.63651677438157
90.800372	53.66610648755193
90.819956	53.695367251654446
90.842493	53.723849986191176
90.859995	53.75160583096674
90.879992	53.77914182252502
90.900015	53.80700427773431
90.920045	53.835381642706345
90.940037	53.864054146106284
90.960241	53.89269624865708
90.980006	53.921188385499846
90.999986	53.94964988323622
91.019983	53.97820712822471
91.040026	54.006796163394604
91.060232	54.03522124974575
91.079997	54.06339420462882
91.099983	54.09148135513009
91.119985	54.119775911026835
91.140057	54.1484205849063
91.160353	54.17724438641504
91.180036	54.20589040394922
91.200067	54.2340997543018
91.219979	54.26192129275484
91.240005	54.289652039340645
91.259966	54.31757729602796
91.280205	54.345766820300526
91.300222	54.374074956139125
91.320204	54.40231467688491
91.340308	54.43041646807748
91.359976	54.458441884896544
91.380054	54.48647625907377
91.400231	54.51453775375045
91.42026	54.54259097021464
91.439973	54.57061475927151
91.460759	54.59863365567832
91.480036	54.626678080389816
91.499964	54.65473221727619
91.519949	54.68273642452589
91.539993	54.710654700736086
91.560866	54.73851925377997
91.579978	54.766422011648835
91.600034	54.79444446950324
91.620296	54.822586577611375
91.640124	54.85076793255774
91.659984	54.87888807603576
91.680033	54.906905699449226
91.700057	54.93487539778713
91.720013	54.96290894039494
91.739976	54.9910847764183
91.759987	55.01938080969731
91.780007	55.04768672084383
91.799982	55.07589486395133
91.819966	55.10399338198229
91.840005	55.13207803913388
91.860049	55.16027265331635
91.879993	55.18862430433434
91.900209	55.21706829522222
91.919952	55.245488303381414
91.940023	55.27381296151284
91.959979	55.302063011438555
91.979998	55.330318295704046
92.000014	55.35864547743383
92.019983	55.38705610444782
92.040041	55.41552202328516
92.060006	55.444014401114146
92.079984	55.472527060902955
92.099996	55.50106861585491
92.120525	55.52964586257865
92.139982	55.558262895117856
92.160348	55.58692805369199
92.18028	55.61565042761511
92.199976	55.64443000129945
92.220416	55.673248764158515
92.240006	55.702081503716755
92.259954	55.73091975324927
92.279976	55.75977969612266
92.300008	55.78868994050488
92.32021	55.817664972929464
92.339951	55.84669168485409
92.360026	55.875746271974265
92.380096	55.9048221575935
92.399998	55.933940315441205
92.420695	55.963130797419325
92.44075	55.99240458467227
92.460891	56.02174365571154
92.480715	56.05111491860898
92.499976	56.080491714304344
92.519933	56.10986052961844
92.540047	56.13921679106613
92.559987	56.16856842935665
92.579997	56.197945852324146
92.600015	56.2273992183922
92.620055	56.25696469084535
92.640019	56.286624432650584
92.659969	56.316309060554694
92.680013	56.345962077011855
92.70027	56.37561661555102
92.720961	56.40539727437919
92.740298	56.43542287263318
92.760375	56.46567868421108
92.780145	56.49598150246612
92.80021	56.52608948088658
92.819976	56.555877211951284
92.839965	56.58543480414086
92.859948	56.615007318608
92.880032	56.64482072217693
92.900054	56.674931115447116
92.919961	56.70521497877459
92.939981	56.7354909790777
92.959957	56.7656726415866
92.980015	56.79582760125561
92.999969	56.8261052773869
93.019934	56.85660356573118
93.039956	56.88728173191712
93.059953	56.91798623904906
93.079926	56.94855917185458
93.100189	56.97894212586184
93.119952	57.00920426340982
93.14211	57.039479136161894
93.159985	57.06987907659897
93.179979	57.100440753299885
93.199988	57.13112486721476
93.21998	57.16186471657273
93.240284	57.19260956136859
93.260206	57.22335312640672
93.279951	57.25413288912816
93.299984	57.28499487495142
93.319962	57.31593926854853
93.342616	57.34689679565241
93.360227	57.37778717663639
93.379969	57.4086211155363
93.399975	57.43953672728811
93.419971	57.47070773232643
93.441663	57.50216641933965
93.459999	57.53373341893089
93.48039	57.565137183204875
93.500027	57.59622786626527
93.520181	57.62708262034857
93.542137	57.65790132307719
93.559979	57.68883740623886
93.580037	57.719934732348584
93.599986	57.751200929660065
93.620146	57.78267551600092
93.642361	57.81436554688167
93.660263	57.846147110307264
93.68028	57.87779076616713
93.700285	57.90913555170715
93.719921	57.94024350610494
93.74224	57.971342690513666
93.759974	58.00262912859601
93.780214	58.034128677844755
93.799979	58.06574292253357
93.820011	58.09738534089368
93.841755	58.1290240698883
93.860051	58.160624358046284
93.87997	58.19212826300633
93.89997	58.22353209688345
93.920201	58.25495557565618
93.942925	58.286562463562845
93.960004	58.31839431642708
93.979983	58.350304056935
93.999979	58.38209122431784
94.019975	58.41369924059025
94.040003	58.44524443471728
94.060264	58.47686013820449
94.080037	58.50856322469731
94.099956	58.54028391726294
94.119927	58.57197913489931
94.141074	58.60367498103158
94.168353	58.635380363812786
94.180279	58.66707011040418
94.200141	58.698758933696475
94.220232	58.730555403198274
94.240516	58.7625843534953
94.260536	58.79478105951967
94.281026	58.82687709052474
94.301256	58.85864119305968
94.320592	58.8901289889358
94.34002	58.9216116695993
94.35997	58.95324353331536
94.379973	58.98489533333054
94.400078	59.01642448609768
94.420028	59.04807880643028
94.440001	59.08047056513743
94.459984	59.11397473736365
94.479992	59.14812394840534
94.499967	59.181732660853584
94.519978	59.21378759367114
94.54003	59.244340042784714
94.559993	59.27452249684999
94.581689	59.30564121200215
94.599989	59.33816486728855
94.620028	59.37147851199899
94.639975	59.40455030555475
94.660066	59.436800943851104
94.682916	59.468439189230764
94.699967	59.50011007661256
94.720051	59.53229767714454
94.740095	59.565029614075065
94.760015	59.59800030539058
94.782692	59.63087665397796
94.800094	59.6635353964028
94.819997	59.69611123399772
94.839995	59.72886524435514
94.859958	59.76198033651599
94.880143	59.795376598761344
94.89996	59.82876505106404
94.919971	59.861900642610905
94.939991	59.894814176897036
94.959982	59.927799439017726
94.980017	59.96111510733579
94.999955	59.99470072248811
95.01998	60.0282247983765
95.039993	60.06142957278774
95.059984	60.09441170904154
95.080005	60.127530035556326
95.099985	60.16102609935136
95.120043	60.19475784987995
95.140014	60.22832829697511
95.159969	60.261480769212156
95.179984	60.29434535223593
95.20001	60.32730523004517
95.220014	60.36063745726588
95.240045	60.39429749718113
95.259959	60.42802807168227
95.279993	60.4616250072846
95.300562	60.495080812904476
95.319963	60.52851506643848
95.340035	60.5620188600054
95.359989	60.59558303742148
95.380245	60.62915306231038
95.399941	60.66269438438476
95.420026	60.69621455769689
95.440089	60.729736455403305
95.459983	60.76326699084858
95.48004	60.796801557827195
95.500062	60.83032622443608
95.520024	60.863831974637925
95.540044	60.89732642723509
95.559985	60.93083295007813
95.579968	60.96438239306365
95.59999	60.99798505285844
95.620029	61.031611704842334
95.639959	61.06520733714894
95.660017	61.09872958383061
95.68007	61.13218091357508
95.700021	61.165603901183154
95.720021	61.199045275423295
95.740062	61.232522598076734
95.759981	61.26602170055426
95.779986	61.29952119784089
95.799993	61.33301380096794
95.82019	61.366505805041356
95.840003	61.40000082363273
95.860198	61.43349024266742
95.879959	61.466961478585745
95.899965	61.50041184824271
95.92011	61.53385122051967
95.939951	61.5672935812122
95.960633	61.60074592662224
95.98004	61.63420709555449
96.000023	61.66767066569368
96.019967	61.7011215526371
96.040151	61.73453854286887
96.060514	61.76790310943684
96.080415	61.8012188340084
96.099999	61.83452104737327
96.119987	61.86785595472978
96.140296	61.90123656644639
96.160455	61.9346186671157
96.180542	61.967931752350644
96.200615	62.00114779087469
96.220672	62.034321046450465
96.240942	62.067546422698534
96.260246	62.10086817964325
96.280656	62.1342269912457
96.300015	62.16751232013957
96.320056	62.200673128839625
96.340044	62.23377269400194
96.36023	62.266929216195095
96.380005	62.300195284464785
96.400229	62.33350176070778
96.419992	62.36672480637511
96.440075	62.399812715614914
96.460041	62.43284345105258
96.479991	62.46596395976775
96.499997	62.49926598041776
96.52025	62.532712617446926
96.54004	62.56616811048144
96.559987	62.59948849653573
96.580232	62.632596230479166
96.599972	62.66550109756815
96.619941	62.698279538089054
96.640065	62.73103729144514
96.659999	62.76387284885036
96.680039	62.79683622740195
96.699985	62.82990709131386
96.720009	62.8630109863195
96.740329	62.89606826466068
96.760083	62.9290478229382
96.780213	62.96197889403248
96.799972	62.99491888964401
96.819977	63.027906826930476
96.840043	63.06093609260042
96.85998	63.09396569549339
96.880227	63.12695298667236
96.899955	63.15988224810245
96.920052	63.19276702667299
96.940077	63.22563172646362
96.959969	63.258490215405274
96.980026	63.29134462437995
96.999968	63.3241992422273
97.020042	63.357072831987296
97.040141	63.389988564784794
97.06033	63.42294482029209
97.080076	63.455900147036566
97.099999	63.48879354649333
97.119969	63.52158820048571
97.140097	63.55430277150417
97.160131	63.58699936937149
97.1802	63.6197374991587
97.199966	63.65253257385642
97.220128	63.68534903433999
97.24008	63.71812722185478
97.259984	63.75082352363284
97.279997	63.78343599760557
97.300012	63.81600513419645
97.32085	63.84859091464186
97.340168	63.88123756183911
97.360001	63.913941581680135
97.380045	63.946646571495016
97.4001	63.97927909167933
97.419985	64.01180150918911
97.440098	64.04424598926614
97.459992	64.07669548463919
97.479964	64.10922129306138
97.500061	64.1418204217801
97.520224	64.17441060375558
97.540209	64.20689484504345
97.559974	64.23924688828434
97.579982	64.27154471163983
97.600078	64.30391376659574
97.620079	64.3364251281706
97.640122	64.36903255755493
97.660067	64.401606036606
97.679978	64.43403440992061
97.700265	64.46630598580228
97.720065	64.49850419731477
97.740075	64.53073153468065
97.759993	64.5630362181972
97.779979	64.59540083292498
97.799974	64.62778460004787
97.820041	64.66016296717312
97.840109	64.69252953086391
97.859981	64.7248753187881
97.879982	64.75718185444204
97.899966	64.78943973121712
97.920001	64.82166662695238
97.940106	64.85389869214252
97.95997	64.88616284162526
97.979992	64.9184590151022
98.000166	64.95076488793465
98.01999	64.9830547006266
98.043628	65.01530420572617
98.060214	65.04750625353444
98.079982	65.0796775699949
98.100028	65.1118457357798
98.119986	65.14403487546684
98.140127	65.17623958659026
98.159967	65.20843876281286
98.179964	65.24063569344447
98.199992	65.27287049263761
98.220024	65.30516278623111
98.240052	65.33744837216203
98.260207	65.36961043817011
98.279991	65.40162531564526
98.300046	65.43367468167344
98.319997	65.46605557792795
98.340166	65.49891368747335
98.360331	65.5320299076896
98.37999	65.56490887771288
98.400062	65.59713745436514
98.419955	65.6287121876819
98.440134	65.66003999997109
98.460244	65.69161087927895
98.479971	65.72364246118717
98.499975	65.75599287924365
98.519965	65.78837036290204
98.540129	65.82059400250236
98.56023	65.85268011295607
98.579991	65.88473635694776
98.599963	65.91682603689753
98.619968	65.94893852419884
98.640221	65.98104157110814
98.659969	66.01312579362353
98.680434	66.045192746997
98.699963	66.07723573219094
98.719954	66.10924540614903
98.740172	66.1412328280026
98.759979	66.17321798256472
98.780011	66.20520999064263
98.799987	66.23720162550005
98.819959	66.26918404630256
98.840204	66.30117155112757
98.860231	66.33318721813691
98.880153	66.3652316583676
98.89997	66.39727582884368
98.919957	66.42929280586812
98.940265	66.46129281733921
98.964295	66.49331324113074
98.980379	66.52538777779482
99.000045	66.55751152135973
99.020068	66.58963281190803
99.040224	66.62168804812458
99.060725	66.6536336407596
99.080268	66.68548742903987
99.100057	66.71734511346595
99.120085	66.74933138315967
99.140452	66.78148290384613
99.159972	66.8136698151653
99.179972	66.8456719915053
99.199995	66.8774064886883
99.219985	66.9090943268425
99.240144	66.94114091250103
99.25997	66.9737775080689
99.280021	67.00677175626971
99.299963	67.03953121839953
99.31996	67.07155541468471
99.340397	67.10284708309331
99.359972	67.13390747715675
99.380063	67.16532052523478
99.400009	67.19730697818257
99.42006	67.2296320817849
99.440412	67.26189470740066
99.460197	67.2938800419317
99.479974	67.32567378604436
99.500038	67.35749597037064
99.520024	67.3894759999421
99.540184	67.42158207913391
99.559968	67.45370922843155
99.579977	67.485800143365
99.600211	67.51787602799851
99.619982	67.54998808678276
99.640125	67.58215495663454
99.660209	67.61435089372654
99.679983	67.64652811218507
99.70022	67.67866518725668
99.719988	67.71078716139068
99.74018	67.7429344563231
99.760291	67.77512342079571
99.780265	67.80732148631208
99.79999	67.83947158476143
99.819948	67.87154382702201
99.840254	67.90356150679422
99.859976	67.93557928474043
99.880044	67.9676374300196
99.900052	67.99973877419653
99.920005	68.03186277831459
99.940144	68.06398995005239
99.959968	68.09610882257896
99.97997	68.12820902448348
99.999968	68.1602827892458
100.020015	68.1923380463898
100.040144	68.22440262232998
100.059952	68.25650250716865
100.080026	68.28863397968921
100.100094	68.32075872615317
100.119955	68.35283322250375
100.140076	68.38484658065732
100.159968	68.4168296174816
100.179978	68.44883024620584
100.200844	68.4808755402958
100.220654	68.5129559354793
100.241199	68.54503888302527
100.259967	68.57709653748601
100.279979	68.60912201810305
100.299966	68.64112333278452
100.319967	68.67311318221137
100.340178	68.70510443617752
100.360025	68.73711436901156
100.380019	68.76915508408702
100.400052	68.80121119551512
100.419957	68.83322710738997
100.440161	68.86514153354008
100.459963	68.89695995030712
100.479965	68.92879656323981
100.500068	68.96081960194438
100.520032	68.9931134269043
100.540261	69.0255695116032
100.559964	69.05792206169804
100.579961	69.08993050948489
100.600034	69.12156475651027
100.620073	69.15303435634839
100.640234	69.18463214971172
100.660115	69.21652534098146
100.679983	69.2486677859132
100.699984	69.28088355583535
100.720038	69.31302480461822
100.740212	69.345063275725
100.760087	69.3770662132123
100.780267	69.4091148734109
100.800376	69.44124700345459
100.820271	69.47345280341708
100.840399	69.50569687370579
100.860012	69.53794171011111
100.88006	69.57016617972678
100.90004	69.60238193964722
100.919975	69.63463015752794
100.940143	69.6669525059762
100.959974	69.69935166040364
100.980045	69.73178190423904
101.000041	69.76418375779352
101.020022	69.79653442074599
101.04058	69.82887107592909
101.059992	69.86126568061498
101.080222	69.89377268498603
101.099978	69.92639001145385
101.120112	69.9590575442279
101.140326	69.99168814988464
101.160006	70.02421450599996
101.180236	70.05662396280293
101.199983	70.08896351960091
101.219978	70.12130593213229
101.240176	70.15370017352117
101.259963	70.18614538858584
101.279964	70.21861047864894
101.299983	70.25107741424593
101.320016	70.2835610252887
101.340445	70.3160833171486
101.359998	70.34863275792564
101.380043	70.3811586315262
101.400039	70.41361167477172
101.419966	70.44599151384091
101.440167	70.47834745318487
101.459948	70.5107336451318
101.47999	70.54316346395645
101.499954	70.57560428836113
101.520037	70.6080108835606
101.540358	70.64036016642923
101.560398	70.67266120040235
101.57996	70.70494521220084
101.600025	70.7372488674279
101.620251	70.7695976984028
101.640046	70.80199233093914
101.660875	70.83440032849266
101.679971	70.8667744793185
101.700124	70.8990859523818
101.720024	70.93134137655906
101.74004	70.96357121559552
101.759975	70.99579655045554
101.779972	71.02802311198711
101.800022	71.0602632783789
101.820005	71.09255253177706
101.840327	71.12492303103768
101.860208	71.15735561673738
101.880115	71.1897730434264
101.900055	71.22209967626694
101.92022	71.25433834917087
101.940033	71.28657841692888
101.959971	71.31891488182426
101.980007	71.35135267408224
102.000026	71.38379322190221
102.02003	71.41611558592538
102.040075	71.44827730606823
102.060221	71.48034081996681
102.079999	71.51241588543843
