42.100028	8.264452111586379E-5
42.120033	8.277538662411371E-5
42.140013	8.296547156141145E-5
42.160371	8.307183782092823E-5
42.180023	8.293126611261434E-5
42.200002	8.261550780969683E-5
42.221081	8.253622328707352E-5
42.240019	8.308154372753182E-5
42.260031	8.40917241068077E-5
42.280265	8.45466613158878E-5
42.300239	8.352958133660691E-5
42.320314	8.15418749474032E-5
42.339983	8.079592769253602E-5
42.360048	8.331362730717174E-5
42.380185	8.81216045635413E-5
42.400215	8.966836937406296E-5
42.420131	8.000439775609945E-5
42.440211	5.295535999624906E-5
42.460116	8.881582726653232E-6
42.480082	-4.676140072749401E-5
42.499978	-1.054945750011775E-4
42.520079	-1.6239204059280838E-4
42.540035	-2.1540779212006738E-4
42.559989	-2.673013075798299E-4
42.579983	-3.2085569629850105E-4
42.599967	-3.766326051962232E-4
42.619973	-4.3331862374627016E-4
42.640187	-4.894670326074497E-4
42.660011	-5.426256080305085E-4
42.679968	-5.952952589168517E-4
42.699969	-6.49534641735865E-4
42.720252	-7.07784376736213E-4
42.739964	-7.665891397748873E-4
42.760243	-8.241538091369009E-4
42.779965	-8.684608634359657E-4
42.799975	-8.910097133109543E-4
42.819967	-8.819685847982241E-4
42.840055	-8.353751271475589E-4
42.859993	-7.496576261141821E-4
42.879959	-6.239280859368138E-4
42.899953	-4.577167195871037E-4
42.920235	-2.470818361119709E-4
42.94028	3.877770982922311E-6
42.959984	2.927077752155104E-4
42.979956	6.263776303695066E-4
43.000378	0.0010061188880846218
43.020624	0.0014175270338802903
43.040869	0.001861901365361603
43.059981	0.0023124025500516994
43.08019	0.0028225567205961083
43.099964	0.0033557760225266134
43.119986	0.003930197184768048
43.139974	0.004537058553227618
43.159972	0.005176150967120648
43.179986	0.005846549993539047
43.199988	0.006546900816929383
43.220015	0.007278563741234853
43.239979	0.00803818597551408
43.260156	0.008835942797369664
43.280479	0.00966892915844346
43.300001	0.010497006827434829
43.320102	0.011378861860790975
43.340027	0.012283136485772669
43.360079	0.013224791937794913
43.379991	0.014192029409519842
43.400213	0.015207068476426194
43.420184	0.016241540812723707
43.439989	0.017298807424880384
43.460006	0.018398606174188765
43.479991	0.019526713442459882
43.500005	0.020684487370903743
43.52005	0.021869210205064868
43.540012	0.02307113491718779
43.559977	0.024293401737193916
43.580014	0.025540009398731182
43.599972	0.026802790595903275
43.620113	0.028100445276197598
43.640135	0.02941542448053716
43.660119	0.03075397850542522
43.680072	0.03211696829775971
43.700264	0.03352339941236348
43.720057	0.03492910338049643
43.739976	0.036371807884796735
43.759976	0.03784964784542113
43.780003	0.03936032378616913
43.800743	0.04095927931767946
43.820021	0.04248143246440279
43.839972	0.04409941196789978
43.859966	0.04576972612571645
43.880068	0.04750300487890671
43.900068	0.049283125094837836
43.920351	0.05114376055383401
43.939987	0.05299605488081003
43.960241	0.05495757911650333
43.979979	0.05691984899890619
44.000005	0.05896608923060924
44.019993	0.061068608691809884
44.039974	0.06323428182451586
44.060015	0.0654717869870634
44.080065	0.06777456426698379
44.100225	0.07015234768766929
44.120029	0.07254729041856676
44.139983	0.07501852711794156
44.159981	0.07755275950079328
44.180061	0.08015491338042091
44.200052	0.08280284009530496
44.219984	0.08550022086970725
44.239973	0.08826275915142903
44.260234	0.09112081893358547
44.279958	0.09395894956768394
44.299925	0.09688788256633665
44.320049	0.09989552890083259
44.339954	0.10292497043570716
44.360005	0.10603079277626523
44.380049	0.10918850182961036
44.399974	0.11237860449956312
44.419993	0.11563350594296741
44.43995	0.11892641314500192
44.459995	0.12228084333922402
44.479996	0.12567378161803439
44.499989	0.12911056457612188
44.519994	0.1325944812889487
44.539968	0.13611823638030118
44.559999	0.1396976040859592
44.580026	0.14332138495320984
44.599989	0.14697733000431465
44.619992	0.15068282935261879
44.639959	0.1544227945100211
44.659964	0.15821144579049914
44.679962	0.16204206712753164
44.700011	0.16592814131874484
44.719972	0.16984428356331904
44.739959	0.17381308012608213
44.761075	0.17805563761313328
44.780265	0.18195561581033734
44.800082	0.18602886492102672
44.819997	0.19016898781502167
44.840194	0.19441554841893197
44.860529	0.19873835797889716
44.880279	0.20298016570554664
44.900052	0.20726692369617128
44.920016	0.2116326778166095
44.939962	0.21603119601882628
44.960036	0.2204963604373232
44.980023	0.22498350665127584
44.999984	0.22950946826275076
45.02	0.2340952068875145
45.040197	0.23877131256793974
45.05997	0.2433970246908509
45.080083	0.24815002094327065
45.100226	0.2529569568484895
45.11997	0.2577140903968336
45.139965	0.26257793970318927
45.16	0.2674988111082654
45.180004	0.2724605698721186
45.20003	0.2774774670903381
45.219952	0.2825184448562262
45.23997	0.2876344917624438
45.259972	0.2927975295071766
45.280004	0.29801982169906927
45.299971	0.3032766189173052
45.319962	0.308590751592766
45.339959	0.31395635690448126
45.359973	0.3193750584380469
45.379992	0.3248427496272116
45.399961	0.330344403208538
45.420861	0.3361536249554997
45.440188	0.3415746680087283
45.460196	0.3472395487384989
45.479977	0.3528941552819435
45.500215	0.3587359441060681
45.520913	0.3647690346661493
45.539963	0.37037567068185756
45.559981	0.37632341530502267
45.579983	0.382321975220841
45.599977	0.38837331852891216
45.620245	0.3945637052194747
45.63997	0.40064355798909296
45.659963	0.40686295163749014
45.679976	0.4131459673643162
45.699965	0.419478160720618
45.719989	0.4258764515618505
45.739947	0.4323059633228879
45.75997	0.4388065496371966
45.779951	0.4453422121590252
45.799995	0.4519472609526079
45.81999	0.4585853749112402
45.839989	0.4652742792114471
45.859978	0.4720086748510022
45.879986	0.4787972406884068
45.899987	0.4856304429833363
45.920224	0.4925920720568151
45.939963	0.49942992488257193
45.959981	0.5064133602669392
45.980376	0.5135780456249062
45.999969	0.5205081452784862
46.020015	0.5276466541404796
46.039968	0.5348013404602356
46.059971	0.5420257920652738
46.080594	0.5495297565097116
46.099985	0.5566379906100571
46.120244	0.5641174357399636
46.139975	0.5714506284317364
46.160214	0.5790199110755304
46.180084	0.5864963326434586
46.199983	0.5940287506630035
46.22004	0.6016666843911859
46.239966	0.6093002817674175
46.260054	0.6170420712037901
46.280642	0.6250246547103901
46.300077	0.6326070424176763
46.320032	0.6404419803998544
46.339956	0.6483150076514582
46.359971	0.6562736541984179
46.380314	0.6644110695078143
46.400442	0.6725077614589127
46.421121	0.6808703731806401
46.43996	0.6885279074771342
46.459986	0.6967088549398328
46.479985	0.7049200377421034
46.499997	0.7131794951497531
46.520032	0.7214946622883331
46.539977	0.7298231772612748
46.559971	0.7382283405692536
46.579973	0.7466977291275714
46.600019	0.7552493615059575
46.620236	0.7639380745524523
46.639968	0.7724788299293059
46.660243	0.7813138989564481
46.679994	0.7899765488936452
46.700218	0.798904105230659
46.719989	0.8076900987186598
46.739991	0.816641292686394
46.760056	0.8256868501017482
46.780064	0.8347751462792757
46.800264	0.8440209982297051
46.820011	0.8531286663287556
46.839976	0.8624070207452328
46.860048	0.871806187460379
46.879976	0.8812095643376567
46.899954	0.8907096295076772
46.920226	0.9004245405600787
46.939968	0.909958292627265
46.959986	0.9196973715724932
46.979976	0.9294914910846579
47.000051	0.9393921668637988
47.020263	0.9494221086322786
47.040222	0.9593853269512134
47.060212	0.9694227537893373
47.080013	0.9794246363970753
47.10028	0.9897240114762752
47.120251	0.9999345292462561
47.139977	1.0100797328099405
47.160307	1.0205958571285085
47.179972	1.030825104014525
47.199984	1.0412921902658652
47.219973	1.0518034570393542
47.240614	1.0627132400575094
47.260244	1.073137973415077
47.280236	1.0838012362651528
47.299956	1.0943626236259003
47.31999	1.1051360296240103
47.341058	1.1165135986784112
47.360259	1.1269289639563218
47.379963	1.1376656622388632
47.400046	1.14865824431277
47.420251	1.1597667609749256
47.439963	1.1706522421463654
47.459976	1.1817535379159694
47.480093	1.1929633070303
47.500177	1.204205348825096
47.520027	1.215364939500828
47.539979	1.2266279537495461
47.559986	1.2379654221724883
47.579989	1.2493423450936736
47.600021	1.260777794835747
47.620196	1.2723394559435575
47.639975	1.2837213306159507
47.660235	1.2954319375537298
47.680244	1.307051489567451
47.699987	1.3185714230273071
47.719984	1.3302959888562615
47.740062	1.3421256591967712
47.76013	1.3540085027362854
47.780292	1.3660081121669545
47.799971	1.3777813062073778
47.820058	1.389861755440397
47.839965	1.40189728405946
47.859956	1.4140486767582612
47.87994	1.426263469597964
47.89997	1.4385772380603492
47.919969	1.4509447339873338
47.939951	1.4633742990059027
47.959957	1.4758892579568652
47.979982	1.4884838578197912
47.999982	1.5011289407015351
48.020091	1.5139102754685207
48.040029	1.5266519962898422
48.060025	1.539502232860204
48.080217	1.5525512354435607
48.099976	1.5653907236378959
48.120123	1.5785525573172665
48.139968	1.5915854962498373
48.160247	1.6049735046089042
48.180212	1.6182233692050532
48.200232	1.6315781094120245
48.219967	1.6448074858936415
48.239965	1.658274877353975
48.26001	1.6718317401617406
48.280013	1.685414633597598
48.30024	1.6992024165589938
48.320169	1.712837651866627
48.339996	1.726452567152396
48.360253	1.7404129536164201
48.379991	1.7540648100974126
48.400219	1.7681066209441967
48.420541	1.782265624631278
48.440755	1.79640107867211
48.460668	1.8103759599350222
48.480102	1.8240613182085266
48.50004	1.8381465258594536
48.520012	1.8522976697840094
48.540279	1.8666977402757796
48.56004	1.8807756094275703
48.579985	1.8950216877267567
48.600013	1.90936443731209
48.62	1.9237151853667174
48.63996	1.938083257261825
48.660061	1.952588445643031
48.680028	1.9670307467143666
48.699998	1.9815080736154975
48.720063	1.9960876293217718
48.739993	2.0106040015710422
48.759976	2.0251966774361096
48.77998	2.039845097856052
48.799998	2.0545458527685203
48.82002	2.0692915789396817
48.840215	2.084205200001648
48.860002	2.0988539270561057
48.880006	2.113696243110993
48.900292	2.128777605906429
48.920076	2.1435122566261433
48.940183	2.15851286155813
48.960063	2.173368593473512
48.980183	2.1884284820083235
49.000314	2.2035220815021375
49.020081	2.2183690402500114
49.040009	2.233365088876073
49.060095	2.2485098750407513
49.080057	2.2635911999176197
49.099948	2.2786476460130634
49.120026	2.2938722735028954
49.140233	2.309218963698303
49.16004	2.3242841840325585
49.180007	2.339493839941767
49.20028	2.35496139430482
49.220013	2.3700434195416076
49.240057	2.3853923345365793
49.260089	2.400763220767112
49.280316	2.4163169949200802
49.300089	2.4315557702055384
49.320009	2.4469433126584788
49.339983	2.4624081822201425
49.360057	2.4779848680406613
49.379933	2.493439427132136
49.400288	2.5092958556503877
49.420048	2.5247153790658965
49.440183	2.540453988682244
49.459995	2.5559665380225196
49.479965	2.5716298231045878
49.500031	2.587394930228902
49.520145	2.603222257159851
49.539999	2.6188661578967256
49.560074	2.634702597646327
49.580049	2.6504765678078943
49.599929	2.666191510783366
49.620039	2.68210537573668
49.63996	2.697888022283575
49.659973	2.713762956346564
49.679944	2.7296238575092073
49.700011	2.745579201682453
49.721032	2.762310331162818
49.740105	2.777505343469096
49.760381	2.7936737208386173
49.780702	2.8098939266574825
49.800663	2.8258439294899302
49.821076	2.8421736594303337
49.839964	2.8573003806749604
49.859967	2.8733365869901397
49.879968	2.889385800055356
49.899991	2.9054655278199744
49.920024	2.921564494589996
49.94019	2.937779367076168
49.959987	2.9537029769574654
49.979957	2.969766773197841
50.000205	2.9860509171136425
50.020032	3.0019906872986475
50.04012	3.0181342184902817
50.059992	3.034099832743388
50.080217	3.0503468020867026
50.100039	3.066269004530344
50.120086	3.082370625516709
50.139984	3.0983500819095546
50.160039	3.114452081435222
50.179991	3.1304679005916953
50.199965	3.146499256433387
50.220152	3.1627017409458182
50.239963	3.178605064155419
50.259966	3.194667098252101
50.2802	3.2109202613269043
50.300007	3.22683611424534
50.319984	3.2428942269700416
50.339973	3.2589681451695873
50.360216	3.275254183852189
50.379988	3.2911714868168027
50.400012	3.307304470989849
50.420071	3.323479604939596
50.439972	3.339540097731719
50.460323	3.3559737174038857
50.47998	3.371852853357821
50.500195	3.3881857701450047
50.520046	3.4042260589840367
50.539979	3.4203338973121418
50.560292	3.436750438552184
50.58001	3.4526877947771273
50.600023	3.468865137596104
50.620077	3.485077144615937
50.639963	3.50115520226045
50.660218	3.5175339861171913
50.680277	3.533756674415473
50.700019	3.549724693054338
50.720062	3.565937012699497
50.740063	3.5821160068765896
50.759966	3.5982174454351004
50.779986	3.6144172589032686
50.800035	3.630646063592168
50.820064	3.6468647889033687
50.839972	3.662990948496308
50.859985	3.6792066861450246
50.880232	3.695616660748024
50.899978	3.7116265640348183
50.920221	3.728047731844232
50.940237	3.7442943413408645
50.959979	3.7603276287155256
50.979993	3.7765891018581046
51.000053	3.792893074162083
51.020046	3.809146715095084
51.040067	3.82542804213767
51.06003	3.8416690813852954
51.079995	3.8579205116893274
51.100014	3.87422548546494
51.120241	3.8907091695856373
51.140187	3.9069722099366655
51.160303	3.923381957793252
51.179968	3.9394322873624317
51.200027	3.9558139894104944
51.220117	3.97223170563712
51.239977	3.9884719812872285
51.260061	4.004904830053485
51.279961	4.021194213417914
51.299924	4.037539290840328
51.320156	4.054105205580535
51.341045	4.071205630890468
51.36023	4.086904455784655
51.380229	4.1032599490424335
51.400226	4.1196039383133645
51.42053	4.136190650980745
51.440643	4.152616498977269
51.460822	4.169094682378415
51.479973	4.184733724339068
51.499984	4.201075442848635
51.52012	4.217518327154634
51.539992	4.233742990683572
51.560234	4.250265316862598
51.580222	4.266574113145801
51.599978	4.28268525297974
51.620269	4.299221694452039
51.640008	4.315296262896283
51.660047	4.331604004812127
51.679988	4.347824804050703
51.699968	4.364075724356496
51.720124	4.38047325275369
51.740021	4.396665853682698
51.760008	4.412936644232669
51.780012	4.429223423509866
51.80006	4.4455457820968896
51.820161	4.461911090486809
51.840071	4.47812386211988
51.860367	4.494659615832445
51.880057	4.510716259157821
51.90002	4.527015719559679
51.920279	4.543580676519623
51.939974	4.55970841340478
51.960287	4.576365707481773
51.980096	4.592630772844265
52.000019	4.609009735062566
52.020051	4.625499985513583
52.039968	4.641920612047196
52.060025	4.658486405358775
52.079968	4.674991299483164
52.100026	4.6916263886977765
52.120135	4.708338290737021
52.139966	4.7248515976431555
52.160241	4.741766608807252
52.180025	4.758303380544723
52.199979	4.775015458150281
52.220258	4.792035860379617
52.239969	4.808617104721976
52.260208	4.825683321872358
52.279973	4.84239135745201
52.299993	4.859357975537788
52.320275	4.8765903696352035
52.339982	4.893376036185576
52.360351	4.910767325212589
52.380213	4.927764377346106
52.400628	4.94527166867281
52.420253	4.962134068953483
52.439958	4.979095056323554
52.460004	4.996377868248511
52.480042	5.01368142890327
52.500891	5.031714652068331
52.520141	5.0483926264045715
52.539998	5.065624909173273
52.559955	5.082970761084677
52.579963	5.100385164944381
52.599976	5.117825978960247
52.620286	5.135547188064448
52.639971	5.1527441976541
52.659989	5.170253524880956
52.679956	5.18773789506677
52.699972	5.205281527876416
52.720151	5.222981032973023
52.73997	5.2403761806292986
52.759972	5.257945520331999
52.779981	5.27553967236003
52.799988	5.2931568679122245
52.820237	5.311017203753145
52.840208	5.328664276961664
52.860065	5.346242354048879
52.879999	5.363919430737057
52.9	5.381686242673239
52.920245	5.399700976435688
52.939978	5.417291880013627
52.959992	5.4351671531142545
52.980016	5.4530865536873065
52.999916	5.470930630242824
53.020209	5.489163499258102
53.03996	5.506944426221025
53.059984	5.525006066190982
53.07997	5.543067821069431
53.100018	5.561219887030227
53.120262	5.5795840632044245
53.139973	5.597498492198321
53.160026	5.6157577743509455
53.180025	5.634000926033711
53.200019	5.652271075051738
53.220166	5.6707109392245325
53.239986	5.688878911416722
53.260001	5.7072513738873445
53.280213	5.725829166260474
53.300025	5.744062617921631
53.320317	5.762761993858563
53.33997	5.780897021750143
53.35999	5.799397056437487
53.379968	5.817885533132131
53.399919	5.836376210561681
53.420315	5.8553059324953365
53.439944	5.873547398363198
53.4602	5.892393327806863
53.479955	5.910791809545461
53.499959	5.929438902777152
53.519979	5.948116356999608
53.539973	5.966785086440957
53.559976	5.985479294125299
53.579956	6.0041713907875085
53.599981	6.0229269213073255
53.620324	6.042002204780293
53.639991	6.060462866220649
53.660392	6.079628805495449
53.679976	6.098039073193623
53.699993	6.116865730147999
53.719998	6.1356891902614885
53.740035	6.1545505406482075
53.760251	6.173587686163828
53.780374	6.192543019867309
53.80063	6.211627329429097
53.820757	6.230592318923885
53.839968	6.248696678075777
53.859973	6.2675542284625365
53.879964	6.286406573330143
53.899953	6.305266912982364
53.920002	6.324193159361803
53.94	6.343077572334357
53.959983	6.361950395466934
53.979992	6.380847811731899
54.000248	6.399978325013472
54.020216	6.418838449611873
54.039971	6.437501355577806
54.060008	6.456436212546669
54.079991	6.475325491699655
54.100004	6.494247253042425
54.119965	6.513122336309848
54.139972	6.532042418493726
54.160234	6.551205239335418
54.17998	6.569882561775315
54.199977	6.588801246619998
54.219934	6.607687496596364
54.240061	6.626741621124659
54.26035	6.645958098115157
54.280099	6.664674427723114
54.300025	6.683573020007484
54.320421	6.702935121688362
54.340214	6.7217433140004506
54.360029	6.740589910055818
54.380181	6.759771605402625
54.399965	6.778613513170928
54.420009	6.797711241782377
54.439959	6.816728000933146
54.460004	6.835847066482924
54.480205	6.855130852561893
54.499966	6.874012916645896
54.520036	6.893209007148799
54.539974	6.912295553111936
54.560221	6.931692519494957
54.579984	6.950639178900142
54.599973	6.969817182439809
54.619969	6.989018982440548
54.639967	7.008241852900387
54.65996	7.027479577278297
54.679991	7.046772345714252
54.700214	7.066266488354169
54.719988	7.085341805801246
54.739981	7.104641101618775
54.759974	7.123952343728785
54.779979	7.1432866140770335
54.80005	7.16269555338564
54.819946	7.181945436204637
54.839956	7.201315582624849
54.860029	7.220757207663125
54.879979	7.240091426088468
54.900012	7.259519471477602
54.920658	7.279556873884455
54.939971	7.298314079953617
54.959955	7.317734721381421
54.979964	7.337187764648086
54.999963	7.356635227930031
55.020006	7.376126745364562
55.039994	7.395565359753395
55.059973	7.414997680974017
55.080284	7.4347593268425225
55.100001	7.453953655208486
55.119974	7.473411429828346
55.139954	7.492891709682058
55.159982	7.51243398412681
55.180026	7.532005760345854
55.200027	7.551548955098785
55.219955	7.571035656371155
55.239975	7.59063047559678
55.260215	7.610462779094091
55.279991	7.629864897579817
55.300241	7.649758446172159
55.319991	7.669186705391983
55.340201	7.689093772691231
55.35999	7.70861161153958
55.379949	7.728321960005972
55.399977	7.748123335409248
55.420296	7.768232404637229
55.440238	7.787984748776291
55.460314	7.807884512059758
55.479992	7.827404667573029
55.500037	7.847306278817744
55.520002	7.867147998493692
55.540174	7.887215665741291
55.560324	7.907279878683142
55.580654	7.927538958959467
55.6003	7.9471294875523695
55.620322	7.967108605252217
55.639999	7.98675976780537
55.660099	8.006854340913236
55.680276	8.027050874210135
55.700802	8.047624703869106
55.720407	8.067303361251273
55.739995	8.086994024136429
55.76006	8.107195714750524
55.779984	8.127288797126385
55.8	8.147509384580278
55.819988	8.167735737039136
55.839974	8.187991720323875
55.86022	8.208540298084747
55.880652	8.229304965755086
55.901221	8.250236047386835
55.919974	8.269344869456315
55.939976	8.289755021293225
55.959965	8.310181095437288
55.979941	8.330622817022563
56.00006	8.351239276948823
56.020376	8.372085358870075
56.039965	8.392211147296347
56.059987	8.412806587309507
56.079981	8.43339621527835
56.100025	8.45405874036291
56.119983	8.474653060357399
56.140019	8.495348734469678
56.160083	8.516095674719136
56.180029	8.536744675678307
56.200015	8.55746055791023
56.219971	8.578170884549586
56.239962	8.598941932311762
56.25997	8.619753293228761
56.279984	8.640592361051285
56.300085	8.66154397604113
56.320043	8.682370654148752
56.339974	8.703196915318113
56.359979	8.724132263058438
56.379988	8.745106416236677
56.400033	8.766153987282864
56.41997	8.787122860714742
56.439973	8.808194416309059
56.46001	8.829334397521555
56.479959	8.850415510524655
56.499998	8.871629865951485
56.519967	8.892813307402822
56.539972	8.914082306829266
56.55998	8.935402858759002
56.579975	8.95675531148745
56.599978	8.978157349088265
56.619957	8.999570193301908
56.63998	9.02106429413543
56.660013	9.042603108608436
56.679988	9.064114468832054
56.699957	9.085654836946068
56.719967	9.107274095523106
56.739993	9.128943065050516
56.760272	9.150915837311404
56.780221	9.172558553444754
56.8	9.194043668963932
56.819976	9.21577129930539
56.84019	9.237789322810377
56.859969	9.259366674262234
56.880046	9.281303006540536
56.900014	9.303151034907536
56.920041	9.325088969461918
56.939992	9.34696293834454
56.959998	9.368912769306366
56.980037	9.390914466255897
57.00018	9.413049715622831
57.019971	9.43482228894607
57.039959	9.456840422330478
57.059974	9.478919677427694
57.079963	9.501002315835608
57.100036	9.523209866713618
57.119977	9.545303118992827
57.13995	9.567463343508123
57.160024	9.58976646791953
57.180066	9.612063291885562
57.200278	9.634577107892726
57.219964	9.656531484030465
57.239984	9.67888603854988
57.260041	9.701311340039922
57.279981	9.723636222330219
57.299956	9.746029972153282
57.31996	9.768482984106123
57.339972	9.790967508195308
57.359971	9.813455916512405
57.380051	9.836051058156446
57.400032	9.858548587174305
57.419963	9.881002452868843
57.439975	9.903559745997754
57.45998	9.926122068302094
57.479981	9.948695551230939
57.499975	9.971281443884592
57.519966	9.993889424520615
57.539956	10.016525485268719
57.559985	10.039235931264184
57.580003	10.06196233980309
57.600028	10.084721865226545
57.620001	10.107443976294087
57.63995	10.13015743139321
57.659985	10.152984564034641
57.679969	10.175765874886002
57.699927	10.19852601869775
57.719986	10.221406636082268
57.739951	10.244183923602737
57.759979	10.267038075855526
57.779965	10.2898523173174
57.800021	10.312758110671467
57.820009	10.335600514470395
57.839939	10.358391851165752
57.859981	10.38132611045396
57.879971	10.404214612612773
57.899948	10.427101076387903
57.920202	10.45031736400269
57.939934	10.472946916303359
57.960179	10.496175622182783
57.980198	10.519154011345378
57.999953	10.541836424438067
58.019945	10.564796953554012
58.039978	10.587810757775152
58.060012	10.610833274652125
58.080041	10.63385924806988
58.100207	10.657052653307478
58.120003	10.679829226205204
58.140432	10.703340672731542
58.160268	10.726173745514984
58.180248	10.749176118228538
58.200037	10.771963977786143
58.220009	10.794971725086882
58.240288	10.818346347900304
58.259967	10.841044409457048
58.28	10.8641659439567
58.300017	10.887282181356989
58.320022	10.910395226200743
58.34085	10.934468380319549
58.36017	10.95680657845211
58.380042	10.979791519037905
58.400063	11.00295785138735
58.420013	11.026051231003988
58.439975	11.049167593758796
58.460285	11.072696229580579
58.48027	11.09585823659153
58.500255	11.119031841110461
58.519992	11.141931717987953
58.540224	11.16542250221466
58.560203	11.188637458152947
58.58003	11.211694030479093
58.600259	11.235236439200612
58.619997	11.258225125277791
58.640115	11.281674737566748
58.660006	11.304878575650449
58.680067	11.328300252000874
58.700014	11.351608268008393
58.719967	11.374942337311932
58.73998	11.398365189294907
58.759993	11.421806133441121
58.780272	11.445575878422664
58.800373	11.46915175221146
58.819974	11.492152071881682
58.839962	11.515613692672584
58.859983	11.539118550441078
58.879958	11.562573504702732
58.900869	11.587133610445772
58.919959	11.609562832503041
58.939959	11.633071088027002
58.960227	11.656904320453654
58.980047	11.6802193489362
59.000109	11.703826619382694
59.020476	11.727800220607028
59.039976	11.75076101607788
59.060323	11.774727963834268
59.079972	11.797881440667718
59.100265	11.821802369676908
59.119956	11.845021763299462
59.140089	11.868771437352422
59.160035	11.892311723927813
59.179961	11.915842683705694
59.199973	11.93949239057525
59.21996	11.96313128735697
59.239986	11.986835007319906
59.259958	12.010492154548231
59.279977	12.034220665209919
59.30026	12.058276714506949
59.320203	12.081943600778306
59.339966	12.105411747285524
59.359985	12.129201097584625
59.38	12.153005942857293
59.399976	12.176787773497
59.419965	12.200610622305735
59.439988	12.224499709147542
59.460283	12.248737211635685
59.479971	12.272269514007895
59.500025	12.29625611838366
59.520041	12.320212632504852
59.539992	12.344107426470577
59.560266	12.368407465942033
59.579967	12.392040206113155
59.600018	12.416112555398602
59.620208	12.44036964668344
59.64025	12.46446349029912
59.660243	12.488509752455606
59.679999	12.512279653034156
59.700006	12.536358622504341
59.720014	12.560444829300087
59.739992	12.58450056716756
59.760246	12.60889475358449
59.780286	12.633038365273443
59.800026	12.656829096330295
59.819983	12.680891428822358
59.839991	12.705026525454313
59.860032	12.729213943006176
59.88002	12.753351621193517
59.899995	12.777490194016444
59.920054	12.801749422638421
59.939968	12.825854038323433
59.960079	12.850218706482071
59.9805	12.874980925632643
60.000047	12.898704992258525
60.0202	12.923189010428839
60.039963	12.947226742532726
60.059969	12.971591966347898
60.080036	12.996066794915466
60.100284	13.020799818436835
60.120187	13.045148659876233
60.139954	13.069367808372695
60.159957	13.093912657441505
60.179998	13.118539985997927
60.200052	13.143218219910908
60.22023	13.168083358361235
60.239975	13.192448333008283
60.259962	13.21714660028499
60.279963	13.241898363599441
60.30001	13.266744573267841
60.320204	13.291810898411184
60.339955	13.316363385875988
60.359982	13.341294082103202
60.380013	13.3662641606047
60.400114	13.391356615949318
60.420006	13.416224481636004
60.439958	13.441205300950672
60.460156	13.46653296818873
60.479993	13.491444875306698
60.500274	13.516949367382555
60.520197	13.542034725030582
60.540213	13.567265705305921
60.559983	13.592213804418364
60.580266	13.617838262976171
60.599985	13.642780658676484
60.619989	13.668116374831289
60.63998	13.693468422240777
60.660065	13.718970249507016
60.680353	13.744756946879946
60.700042	13.769805408445539
60.720749	13.796171706443323
60.740609	13.82148149615164
60.760812	13.847251531222266
60.779986	13.871731122138947
60.800001	13.89730681553975
60.819981	13.922859362414638
60.840218	13.94876255118463
60.859981	13.974081772097861
60.880017	13.999775754404668
60.900049	14.025491202141755
60.919945	14.051059070286485
60.93997	14.076819575929111
60.959975	14.102580545198137
60.980002	14.128395660123994
61.00005	14.154263644449028
61.020018	14.180054044037108
61.039969	14.205847438641062
61.060319	14.232180462965571
61.079969	14.25762835342847
61.100249	14.283911331308198
61.11997	14.30948785845342
61.139964	14.335438161906477
61.159987	14.361448928388905
61.18003	14.387511597925435
61.199989	14.413492063716168
61.220213	14.439843359833901
61.23997	14.465608121891432
61.260042	14.491802672629584
61.279994	14.51785811685914
61.299976	14.543971260168082
61.320022	14.570189057331804
61.339957	14.596284856583427
61.360206	14.622816304038244
61.379975	14.64874260684564
61.40002	14.675054094668946
61.420036	14.701349904115762
61.439964	14.727552031202164
61.460093	14.754040613005431
61.48	14.780259179994127
61.499974	14.806588352238299
61.519979	14.832980753283483
61.539978	14.859387275155566
61.560041	14.885899862498343
61.579962	14.912245725617957
61.60004	14.938820234363462
61.620035	14.965306232214113
61.640249	14.992104436776522
61.660261	15.018656625612547
61.680018	15.044890628424678
61.700064	15.071526180851
61.719995	15.09802345031356
61.740137	15.124813179672438
61.760386	15.151755819117499
61.781241	15.179515880572673
61.800135	15.204677146795
61.820121	15.231307198577616
61.83999	15.25779868482532
61.859994	15.284490581078
61.880209	15.311487428359731
61.900015	15.337963372544834
61.91998	15.364679629555033
61.9401	15.391633907320525
61.960007	15.418336419811315
61.980226	15.445495322201541
62.000025	15.472130211550832
62.020032	15.499086653307987
62.040029	15.526070080880778
62.060259	15.553405912665978
62.080212	15.58040213232687
62.100093	15.607334390634556
62.119997	15.634332282969918
62.140005	15.66150798445434
62.160081	15.688814388342482
62.179987	15.715927103204503
62.20008	15.743329726537178
62.220026	15.770562819586766
62.240255	15.7982096178922
62.26001	15.82523242251137
62.280919	15.853857741042447
62.300395	15.88054398961936
62.319981	15.907405527726253
62.340935	15.93617208446232
62.360766	15.963427081456688
62.381034	15.991316626527507
62.399976	16.017416296249284
62.419995	16.045039567841716
62.43997	16.072643641550332
62.459997	16.100361643632247
62.479976	16.128054061882956
62.500049	16.15591597585889
62.519987	16.183628363137345
62.539978	16.211453256529946
62.560007	16.239372970988263
62.579969	16.267245151758516
62.599989	16.295247860505622
62.61997	16.3232473708241
62.639995	16.351360261302272
62.660055	16.37957355692149
62.679983	16.407651721638082
62.700059	16.435989386336825
62.719982	16.464161989744802
62.740037	16.492572676899268
62.759992	16.520892905549587
62.780002	16.54934286085366
62.800082	16.577945384453297
62.820216	16.606680347309048
62.839998	16.634970602649737
62.859968	16.66359107022611
62.879956	16.692300824722082
62.899957	16.72109289725816
62.920202	16.750298399063656
62.939964	16.77886374872081
62.959962	16.80782259596115
62.980042	16.836948366264252
63.000006	16.865950957973606
63.019956	16.894977168456684
63.039986	16.924163908087188
63.060037	16.95342553254155
63.080206	16.982903492875668
63.100234	17.012218432645117
63.119968	17.041145109150655
63.139984	17.070528482145875
63.159991	17.099943488338276
63.179974	17.12936933267364
63.200002	17.15890751267069
63.219956	17.18838025676679
63.240295	17.21846256158557
63.260008	17.247655185070172
63.280268	17.277692849455807
63.29996	17.306921709709833
63.31996	17.336641484837404
63.339964	17.366400503204744
63.359975	17.396202141215767
63.379962	17.425998958044183
63.399949	17.455825873473984
63.420221	17.486108108129503
63.439971	17.515638891695424
63.460029	17.545657088965253
63.47996	17.57550970968583
63.500038	17.605606025893678
63.519973	17.635512458390366
63.539968	17.665536524244917
63.560257	17.696033301877225
63.580204	17.726047868980537
63.6007	17.756919564548056
63.61993	17.785910404175272
63.640015	17.816214860974956
63.65996	17.846332155581194
63.680203	17.876925329578924
63.699991	17.90685778499277
63.71997	17.937106655657928
63.739962	17.967401603097574
63.76007	17.99789744642016
63.779984	18.028123424765717
63.800028	18.058571767437453
63.819971	18.08889219697413
63.840023	18.119403563047904
63.859994	18.149815285813304
63.879991	18.180288865891427
63.900013	18.210823144746353
63.920222	18.241667982342015
63.939965	18.271830015870265
63.959978	18.302436180405362
63.980018	18.33311556872402
64.000059	18.363826018030867
64.019985	18.394386144431053
64.039961	18.425046572428627
64.060291	18.456274542764106
64.080051	18.486652865528526
64.100066	18.517452424363636
64.119957	18.548091709917344
64.139978	18.578960947879743
64.160037	18.609915292785463
64.18023	18.641099107325545
64.200013	18.671668966571456
64.219983	18.70254599396078
64.24001	18.733530038661158
64.259981	18.76444790383001
64.279981	18.795432801326125
64.299981	18.826440837018573
64.319984	18.857476850197546
64.339982	18.888528018646696
64.360257	18.920031906178544
64.380066	18.950833361674984
64.400014	18.981872641773545
64.420023	19.013028772133712
64.439994	19.044147846910256
64.460057	19.07543240554169
64.479964	19.10649495543437
64.499981	19.137749062020706
64.519958	19.168958640336715
64.540082	19.200414001953643
64.560277	19.23199526561242
64.580561	19.263730526006235
64.600604	19.295104219512673
64.620782	19.326706182714066
64.640866	19.358179034583923
64.660344	19.388720636390413
64.680408	19.420200779272754
64.700777	19.4521806207703
64.720874	19.48375595708125
64.739967	19.513776678258107
64.760089	19.545439405444874
64.780013	19.57681205419382
64.800021	19.60833407624567
64.820218	19.640166081432024
64.840588	19.672279477564974
64.861037	19.7045252335754
64.880297	19.73490456582199
64.900019	19.766022824793566
64.920008	19.797572792674995
64.939989	19.829118529708047
64.96003	19.860763959968136
64.980032	19.892349221957843
65.000066	19.923983760728696
65.019969	19.955408560929648
65.039988	19.987012626904104
65.060009	20.01861541846645
65.079985	20.050142857087405
65.099988	20.081709635781348
65.12	20.113289211233603
65.139972	20.144806196614393
65.160332	20.176937159576422
65.180009	20.207991880820092
65.200056	20.239631535191236
65.220033	20.27116117626585
65.239966	20.302621865907074
65.26011	20.33441635794785
65.279971	20.365764909702033
65.300018	20.397407421927216
65.319984	20.428922531428583
65.339963	20.460460048533577
65.360332	20.492618018765697
65.380208	20.524005258431266
65.399983	20.5552415022247
65.419953	20.58679209190801
65.439962	20.6184058818645
65.460054	20.650147610814447
65.479973	20.681610869704084
65.499969	20.713192691864535
65.51995	20.744753104517063
65.539974	20.77638983694413
65.560308	20.80852932624658
65.579993	20.839657029469283
65.600006	20.871316701222703
65.619974	20.902916562719174
65.64024	20.93499801951298
65.660039	20.96634941788971
65.679964	20.997909868787826
65.700051	21.029737271950747
65.72023	21.06172185245189
65.739976	21.093032454198653
65.760068	21.124905477559594
65.780183	21.156829528774804
65.80029	21.18875506439944
65.820091	21.220206932302965
65.839994	21.25183012145131
65.860028	21.283667477169235
65.879962	21.3153491636498
65.900039	21.347259829561338
65.920152	21.37922913908218
65.939988	21.410760216940385
65.959974	21.442532909366953
65.980012	21.474392550250165
66.00024	21.50655927782961
66.019987	21.537965829831773
66.04	21.569798959065615
66.060347	21.602164603673316
66.080056	21.63351381567245
66.100295	21.665701773565498
66.119984	21.69700901709
66.139997	21.728824241174156
66.16008	21.760742626580242
66.179982	21.792364008461913
66.199979	21.82412504675253
66.220061	21.856007730645317
66.240002	21.887652060672952
66.260087	21.919510472733478
66.279983	21.951056158425953
66.300056	21.982870888411934
66.319973	22.014427006347635
66.340008	22.046156669395817
66.359967	22.077748849609293
66.379974	22.10939564749724
66.399969	22.140999066154535
66.419966	22.172580192470715
66.439996	22.20418859874004
66.459989	22.235715121152534
66.480233	22.267614571762007
66.49996	22.298677305090226
66.519975	22.330171163957253
66.540283	22.362103797560366
66.559965	22.393031508789086
66.579973	22.42445164612541
66.600024	22.455919854871798
66.619976	22.487212738058847
66.640045	22.518667790003843
66.659977	22.549885859600167
66.680031	22.581272469539616
66.699953	22.612430968644286
66.720001	22.643766205917302
66.739948	22.674924283373933
66.76026	22.706632912896875
66.780314	22.73791880138805
66.800452	22.769315083238425
66.820971	22.801284616823885
66.840645	22.831919210271863
66.860044	22.862109827681074
66.880218	22.893492660074063
66.89996	22.924191297606917
66.920029	22.95538578450008
66.939966	22.986360427586035
66.960306	23.01794264042875
66.980095	23.048647347161612
67.000021	23.079539249863057
67.019991	23.110472303838463
67.039976	23.141401881657234
67.060236	23.17273195658087
67.079967	23.203221932068402
67.100021	23.23419031790408
67.119978	23.26498863231335
67.139962	23.295807642018147
67.160327	23.327192244670606
67.180001	23.357491180036366
67.200264	23.38867757803612
67.219962	23.418977511486446
67.239955	23.449715710233555
67.260196	23.480819972025046
67.280249	23.511619968296483
67.300225	23.542286280606845
67.319989	23.572612526027456
67.340056	23.603389923905887
67.360247	23.634344057770047
67.379989	23.66459557307472
67.399999	23.6952406399217
67.419986	23.72583028551108
67.440354	23.756980262728916
67.460024	23.787040396529193
67.48002	23.817577344542265
67.500002	23.848073752189517
67.519988	23.87855929513045
67.539965	23.909015836493644
67.560053	23.939627416291383
67.579977	23.969975843895437
67.599954	24.00039243929553
67.619982	24.03087479700701
67.640395	24.06193183204809
67.660284	24.092181683276472
67.680003	24.122164444452423
67.69995	24.15248682963675
67.72001	24.182975529539192
67.739957	24.213288507922538
67.760236	24.24410311807235
67.780041	24.274195218173585
67.800022	24.3045522064605
67.820015	24.334923489375253
67.839963	24.36521994522854
67.859975	24.395604001437814
67.879972	24.42595305568837
67.900022	24.456369098576403
67.919946	24.486581171173174
67.940005	24.516986664362594
67.95997	24.547239986870924
67.979965	24.577529661152873
68.000075	24.60798388326321
68.020166	24.638398603961157
68.039942	24.668324868270133
68.060006	24.698674394044104
68.08022	24.72923755909835
68.100037	24.759187173761912
68.119951	24.78927052454032
68.139982	24.819519534271738
68.159994	24.84973182093887
68.179948	24.879851604679786
68.200591	24.91100781819252
68.219962	24.94023985582693
68.240005	24.970478614757674
68.260239	25.000995350563347
68.280518	25.031569036652254
68.300871	25.06224512047548
68.319995	25.091063113364292
68.340171	25.121462793632528
68.360421	25.151971383905824
68.380071	25.181573527901463
68.399974	25.21155452465578
68.419986	25.241698353514227
68.440065	25.271942511660384
68.459976	25.301932117456676
68.480002	25.332090075090285
68.499981	25.362167564090402
68.520001	25.39229278061965
68.540226	25.42271025243681
68.559981	25.452405175358038
68.58025	25.482857399360533
68.600034	25.51256559117647
68.619995	25.54252206389161
68.639991	25.572511352218275
68.660057	25.60258573777922
68.680006	25.632468236364566
68.699976	25.66237143023253
68.719946	25.692269609103565
68.740076	25.722405224744044
68.760009	25.752242710974546
68.78023	25.782503901546537
68.79997	25.81203369223993
68.820067	25.84208354962278
68.84	25.871875182338947
68.860286	25.902183915229894
68.88001	25.931645012298386
68.900032	25.961543202420746
68.919948	25.991272873264833
68.940065	26.021288922323002
68.960221	26.051346610022122
68.980038	26.08088067626336
69.000036	26.11066475821845
69.019959	26.14031541027838
69.039977	26.170082982530502
69.060013	26.19985107236106
69.079963	26.22946628373449
69.10005	26.259264268543742
69.120002	26.288848573691652
69.139957	26.31843064344768
69.160409	26.348746730366763
69.180295	26.378222010158005
69.200413	26.408039014938222
69.219928	26.436961756117807
69.240348	26.467230757407496
69.26008	26.49649352993394
69.279981	26.526030373641493
69.300038	26.555829735750418
69.319943	26.585436835902847
69.340027	26.61534255228316
69.360002	26.645114538400186
69.380218	26.67527188020997
69.399985	26.704785467950476
69.41995	26.734625257258973
69.440279	26.76504709104545
69.459967	26.794553209069306
69.480003	26.824629763712903
69.499976	26.85466184965582
69.519948	26.884741307747046
69.540027	26.915028904158913
69.56001	26.94521695969762
69.580231	26.975810027726986
69.600252	27.006145687860045
69.619981	27.03608287255504
69.640159	27.066744130213575
69.660244	27.097302724819098
69.679979	27.127361916028303
69.700024	27.1579217573721
69.719968	27.188351236842664
69.740104	27.21909344372041
69.760003	27.249490164433144
69.779986	27.280029400481475
69.799979	27.310597188688295
69.820209	27.34154129042226
69.840032	27.37187831808235
69.859982	27.402427722176796
69.879976	27.433064589914846
69.900029	27.46381258942761
69.919992	27.494441774343944
69.939966	27.525103776009658
69.959977	27.555834472484857
69.980052	27.586671887475646
70.000191	27.61761431718094
70.020399	27.64866985354597
70.039967	27.678750546356504
70.060067	27.709660190980212
70.079944	27.740239268098854
70.099978	27.771072355745556
70.120334	27.80241266881518
70.139949	27.832622071591224
70.159962	27.863453504654693
70.179998	27.894328624466265
70.200233	27.92551781074889
70.220494	27.95675320804851
70.240459	27.987536915650583
70.260686	28.018728366371114
70.280674	28.049555164241855
70.299999	28.079364541413376
70.319977	28.110188475856848
70.340143	28.141311549470842
70.359973	28.17192554350189
70.379988	28.202833840757457
70.400201	28.234054714659234
70.420024	28.264677711934375
70.439945	28.29545507852047
70.460328	28.326948722117194
70.479992	28.35733405637297
70.49999	28.388238269823706
70.520003	28.419167674862027
70.539961	28.450012323539056
70.559973	28.48093867214146
70.579972	28.511842133122677
70.600192	28.54308492154706
70.620039	28.573751199389974
70.639959	28.604532080564297
70.659968	28.63545293815248
70.679979	28.666378165008435
70.70008	28.69744152601217
70.720062	28.728318105150006
70.739956	28.75905510481018
70.760075	28.790136468880977
70.780225	28.821263057162575
70.799984	28.851783049260682
70.820044	28.882764631331277
70.840249	28.913965934781643
70.859967	28.94441067897769
70.879973	28.97529561819677
70.900042	29.00627335113129
70.919927	29.036961922865935
70.940083	29.068061895769574
70.959974	29.098744423175535
70.980031	29.12967334992971
71.000237	29.160822703494777
71.019986	29.191259881633194
71.040333	29.222612200691156
71.060024	29.25294734221526
71.080209	29.284034741504062
71.09999	29.314487290601445
71.120162	29.345524005122265
71.13998	29.375994165668953
71.160237	29.407113344231945
71.179998	29.437442624128444
71.200012	29.468129863993287
71.219968	29.498696550413495
71.240167	29.52960327372327
71.260248	29.560299044523397
71.280158	29.59070646961289
71.299999	29.620985497493635
71.319924	29.651372793237794
71.340285	29.682406289957974
71.359979	29.71240505946001
71.380022	29.742916301829215
71.400047	29.773380608013888
71.419981	29.803687357807675
71.440069	29.834209713881346
71.45998	29.864445140116537
71.479986	29.894806223338247
71.499966	29.92510791741644
71.52021	29.95578821671641
71.539968	29.98570963871533
71.560283	30.016451247944246
71.580415	30.046892874332304
71.599941	30.076395812535633
71.620084	30.10680787554561
71.640011	30.136871523176335
71.66003	30.167054019618746
71.680008	30.197159780042615
71.70006	30.227368975515745
71.720001	30.257409621017842
71.740056	30.28762492800847
71.76001	30.317691594771613
71.779968	30.347765720641238
71.80004	30.378010580159597
71.820035	30.408137631359324
71.839958	30.438155795896115
71.85997	30.468309590004402
71.87996	30.49843207742092
71.899963	30.528573709389732
71.91995	30.558687014510856
71.939969	30.588841508114818
71.959991	30.618993698203777
71.980041	30.649184552972397
72.000036	30.679293704892608
72.020006	30.709369757574432
72.039963	30.73943158313999
72.059984	30.769593622834275
72.079982	30.799722293480546
72.099974	30.829841027174492
72.120001	30.860010129392663
72.1403	30.890585371371376
72.15998	30.920223308135597
72.179973	30.950325874356693
72.200148	30.98069416463111
72.219973	31.010526659557865
72.240232	31.041002837564797
72.259961	31.070672323700133
72.279958	31.10073453476585
72.299983	31.13082724977523
72.319938	31.160802093703502
72.340045	31.190992195040266
72.360206	31.22125105711039
72.380627	31.25188905723704
72.399985	31.280922754841598
72.420028	31.310974145881648
72.44041	31.341523023166555
72.460769	31.372025250560124
72.480998	31.402319589960328
72.500018	31.430790904612294
72.52	31.460689770789173
72.540117	31.490778737302733
72.55999	31.52049085029211
72.58005	31.55046904642481
72.600006	31.58027569757087
72.619973	31.6100794055658
72.639973	31.639910042269012
72.660059	31.66984453089318
72.679994	31.69952881932567
72.700025	31.72933061346164
72.720211	31.759337615719684
72.740237	31.7890820531784
72.760082	31.81853390797886
72.780355	31.8485977289033
72.800066	31.877806443890364
72.819972	31.90728237117233
72.839955	31.936849437732622
72.860306	31.96693562670239
72.880049	31.99609624515351
72.900227	32.02587080871553
72.920037	32.0550743756328
72.939928	32.0843700747891
72.959944	32.11382303452
72.9802	32.14360173117453
73.000001	32.17268374737924
73.01996	32.20196869342597
73.040073	32.23144931644936
73.059985	32.2606042949128
73.080185	32.290147492055375
73.099963	32.31903738552005
73.119971	32.34822227614225
73.140006	32.377401198954765
73.159979	32.406441690918555
73.179969	32.435457890913504
73.200102	32.46463337469842
73.219979	32.49339235182669
73.240037	32.52236961673208
73.260198	32.551453805918946
73.280258	32.580351868702856
73.300231	32.60908482388227
73.319977	32.63745157129805
73.339974	32.66613769288736
73.360206	32.69511773573544
73.380009	32.72343963728513
73.39999	32.75197127684957
73.419968	32.78045374679142
73.44	32.80896857085647
73.460103	32.837539968325814
73.479985	32.86575320653657
73.500017	32.89413468049061
73.52004	32.92245891376696
73.539962	32.95059679301811
73.559971	32.97881518471033
73.579954	33.00695582997905
73.599972	33.03510522919106
73.62018	33.063480857392435
73.639983	33.09124754453444
73.66004	33.11933011792897
73.680025	33.14727317294061
73.700288	33.17556755273046
73.719936	33.202968270605595
73.739993	33.23090389400703
73.760006	33.2587417995004
73.779992	33.286504330309704
73.800215	33.31455693598471
73.819957	33.341904222593605
73.839965	33.36958201492982
73.860056	33.39733667358751
73.88003	33.42489094009632
73.900026	33.4524346257512
73.919946	33.479830577497076
73.940072	33.50746499413709
73.960008	33.53479418052856
73.980242	33.56248797818789
73.999963	33.58943804562449
74.019957	33.61671963019856
74.04005	33.644094561921186
74.060155	33.671444038200576
74.080245	33.69873168148292
74.100573	33.72630122522682
74.120601	33.75342305961784
74.139999	33.779650706185656
74.160375	33.8071544840797
74.180061	33.83367885538117
74.200049	33.860559212348946
74.220011	33.88735427812172
74.239981	33.91411313506825
74.260013	33.94091320021686
74.279983	33.96759398430971
74.299961	33.9942534841999
74.320164	34.0211838968379
74.339952	34.047534129527016
74.360033	34.07424788349607
74.380048	34.100846774545346
74.399988	34.12731692340262
74.420174	34.15408057059079
74.440073	34.180427074081514
74.46027	34.207128138278435
74.480092	34.23329421231213
74.500038	34.25958788822208
74.51998	34.2858461746802
74.540318	34.312602059191825
74.559975	34.33844453119898
74.579997	34.36475217247765
74.600005	34.3910272364774
74.620004	34.417274979751
74.640028	34.44353827959701
74.659991	34.46970356301217
74.679982	34.495888276617116
74.699969	34.52205251718119
74.719926	34.54816448310434
74.740047	34.57447904207668
74.75997	34.60052205933866
74.779985	34.62667031101515
74.800035	34.65284621981437
74.820011	34.67890506916103
74.840096	34.70508433765512
74.860227	34.731301682919025
74.880033	34.757074703323035
74.900018	34.783059791587675
74.919952	34.8089579112598
74.940011	34.83499778346484
74.959997	34.860922777066015
74.980001	34.88685189364005
74.999981	34.91273187880908
75.020034	34.93868940559447
75.039976	34.964486778762854
75.060064	34.99045572202543
75.080047	35.01626949957418
75.100178	35.04225131166297
75.12004	35.06785921130486
75.140253	35.093889693874445
75.159983	35.11926870517831
75.179989	35.14497527408389
75.199984	35.170643892041745
75.219969	35.196278564321204
75.240298	35.222333258122156
75.259976	35.2475310268396
75.279989	35.27313208985865
75.300025	35.29873527768322
75.319976	35.32420275061127
75.339997	35.34973312723929
75.360002	35.37521648237055
75.379999	35.40066123466454
75.399966	35.42603689983722
75.420007	35.451474034834064
75.439961	35.47676898067386
75.46	35.50214238684891
75.480265	35.52777540572055
75.500021	35.55274061421707
75.519954	35.577905602987364
75.54003	35.60322637314007
75.559996	35.62838309357268
75.580718	35.654465871118326
75.600568	35.679425788682224
75.620781	35.70481647209711
75.640002	35.72893671169366
75.660056	35.75407754206506
75.680232	35.77934814887785
75.700089	35.804198955445635
75.720569	35.82981123528343
75.740071	35.854184797343216
75.760402	35.87957865881228
75.779974	35.90400892647066
75.800037	35.929035434821294
75.819978	35.953892745882925
75.840019	35.9788573813356
75.859978	36.00370260348555
75.880229	36.02889416258802
75.900014	36.053490276753855
75.919969	36.07828348186255
75.93999	36.10314621084373
75.959967	36.12794320811604
75.980061	36.152875073704294
76.000137	36.177775206020286
76.019966	36.20236191665935
76.040052	36.2272641943531
76.060209	36.25225648483373
76.079979	36.27677501904928
76.099979	36.30158641608825
76.119979	36.32640366441169
76.140022	36.35127624850853
76.160201	36.37631563209747
76.179975	36.40084830111228
76.199987	36.42567194819234
76.219969	36.4504555133003
76.240053	36.475364557708524
76.259973	36.50007078611947
76.279956	36.524857221842716
76.300061	36.54979897421219
76.320027	36.57457485958837
76.340042	36.59942104205796
76.359978	36.62418067832713
76.37997	36.64902146173072
76.400323	36.67432005826869
76.420273	36.69912235088295
76.440112	36.723786282140935
76.460001	36.74850793153274
76.480307	36.77374075774745
76.50006	36.798278021554445
76.520043	36.8230912080312
76.53996	36.84781085386504
76.560044	36.8727237594853
76.580226	36.89774205551219
76.600324	36.922639045853444
76.619974	36.94696450715792
76.639997	36.97173612306878
76.659981	36.99644567770827
76.680017	37.02120751666131
76.700288	37.04624954670248
76.720245	37.070895861438046
76.740033	37.09532876717269
76.760023	37.12001038666175
76.780078	37.14477615332569
76.800011	37.169399140739415
76.819986	37.19408398187079
76.84022	37.219098265081975
76.860034	37.24359946034529
76.879968	37.26825164155806
76.899965	37.29298251300605
76.920019	37.3177858017404
76.939967	37.34246315169209
76.960024	37.367283445787656
76.980068	37.39209591723706
77.000007	37.416783631600616
77.020305	37.44191688041403
77.040042	37.46635410248653
77.060244	37.49136681726054
77.079969	37.515792614939954
77.099971	37.54056907631393
77.120217	37.56565663993297
77.140257	37.59049522863875
77.15998	37.61494276462099
77.179991	37.63974553487657
77.200008	37.66455283283951
77.220198	37.68957266013379
77.241177	37.71556992720636
77.259992	37.73888572109239
77.279976	37.76364932681034
77.300014	37.78847740278942
77.319994	37.81323009007624
77.33995	37.83794937172204
77.359962	37.86273455751967
77.379978	37.88752087051149
77.399932	37.91222509648767
77.419993	37.937054037355985
77.439973	37.96177239929142
77.460003	37.986540074176496
77.480005	38.01125894101798
77.500286	38.03630681079766
77.520012	38.060652585444366
77.540043	38.08535687053125
77.559986	38.109934557984374
77.579977	38.13455414660938
77.600059	38.159270105577164
77.619968	38.18375908490525
77.640006	38.208393046075905
77.660221	38.23322978425776
77.679996	38.25750937521464
77.700012	38.2820657604097
77.719966	38.30652508378287
77.739991	38.3310489479254
77.759972	38.35549534570168
77.779982	38.37995247306862
77.800058	38.40446438431122
77.820204	38.42903524625985
77.840005	38.45315967058115
77.860192	38.47772966107212
77.879948	38.50175297346247
77.900001	38.52611723635471
77.919978	38.55037094143031
77.939929	38.57457641467412
77.959958	38.598861195977044
77.980018	38.6231697588576
77.999975	38.64734142250273
78.019973	38.67155201716482
78.040057	38.69585654444912
78.05997	38.7199435826979
78.079959	38.744110741524544
78.100004	38.76833251760085
78.119957	38.79242951577106
78.140023	38.81664949644164
78.159968	38.84071041141326
78.180014	38.86487980617925
78.200006	38.88896942009354
78.220035	38.91308702349565
78.240244	38.9374033834995
78.259995	38.96115154328189
78.279987	38.98517437368009
78.300215	39.00946839079321
78.320004	39.033224887764995
78.340356	39.05764653216321
78.359991	39.081195504735504
78.379963	39.105133575364576
78.399987	39.12911706090634
78.420227	39.153341699318794
78.439995	39.176984565202595
78.460046	39.20094869593667
78.48	39.22477837442918
78.500027	39.24867406371369
78.520029	39.27251606948617
78.540295	39.296646989378836
78.559963	39.320041057897335
78.579985	39.34383251435913
78.600148	39.36776940754748
78.620061	39.39138829095186
78.639973	39.41498385074134
78.660323	39.439073986898826
78.680573	39.46302010521349
78.700756	39.486861801786596
78.72088	39.51061084530626
78.739974	39.53312541824261
78.759999	39.55672043531873
78.779976	39.58024296066166
78.800005	39.60381140227131
78.81999	39.62731383780268
78.840293	39.65117790294303
78.859987	39.67431668817417
78.879981	39.69779977183102
78.899959	39.72125480287661
78.919973	39.74473913349645
78.940281	39.76855046086274
78.960219	39.79190673107262
78.980046	39.815111017737784
79.000017	39.83846367470216
79.019959	39.861765813652454
79.04	39.88517042660291
79.059986	39.90849990007098
79.079974	39.93182149001412
79.100015	39.955194042450294
79.120057	39.978555469493
79.140287	40.0021220518413
79.160214	40.02532079910293
79.179965	40.04829969434798
79.20002	40.0716176768717
79.219959	40.09478712915328
79.240034	40.118101213136406
79.259994	40.141267724389955
79.280018	40.1644927849154
79.300224	40.18791101190739
79.319959	40.21076424309127
79.339989	40.233938949374014
79.360314	40.257434769758206
79.38023	40.280438930030016
79.400217	40.303507558391736
79.419977	40.32629849471196
79.440039	40.34942375492354
79.460227	40.37268233215221
79.480005	40.39545906473963
79.499995	40.41847245029091
79.52007	40.44157805002398
79.540086	40.46461191880979
79.559975	40.48749792929432
79.580033	40.510579450075895
79.600259	40.53385880518985
79.62002	40.55661086943921
79.640046	40.57967886751713
79.659978	40.60265076872066
79.680014	40.62575482388212
79.700294	40.64915207468906
79.719983	40.67187859607325
79.740087	40.69509563238513
79.760429	40.7185992744162
79.780002	40.7412249258535
79.800206	40.76458879863381
79.819968	40.78744773033855
79.840304	40.81097569944586
79.861131	40.835078139722796
79.880013	40.85693852650943
79.900057	40.88015682438773
79.91998	40.903248205674906
79.940061	40.92653285987996
79.959999	40.94965556171888
79.980017	40.9728682447361
80.000231	40.996300902765185
80.019972	41.019176984843824
80.040089	41.042481474812135
80.060324	41.06591655207681
80.079977	41.08867146316968
80.100008	41.11185631047392
80.119974	41.13495697847208
80.14017	41.158315257783975
80.160003	41.18124795322596
80.179974	41.20433783253961
80.199977	41.22746450885524
80.219969	41.25057787849021
80.24013	41.27388319758519
80.260248	41.29713155364684
80.280074	41.32003227088476
80.300327	41.34341426885619
80.319966	41.36607545563192
80.340077	41.38926844809202
80.359987	41.41221496770805
80.380005	41.43526768099181
80.400007	41.45827967590204
80.419958	41.481207848637034
80.439998	41.5042124295373
80.459985	41.52713215460169
80.47998	41.550040274243166
80.500008	41.57296879492858
80.51998	41.59581850802461
80.540051	41.6187684631125
80.559996	41.64156247711842
80.580042	41.66446063545721
80.600048	41.6873020473632
80.619947	41.710009988308876
80.639997	41.7328781518203
80.659979	41.75565600373393
80.680218	41.77871357446219
80.699956	41.80118763129527
80.719947	41.8239373119558
80.74002	41.846768293632216
80.759978	41.86945699156684
80.779972	41.89217581588427
80.799937	41.91485224003596
80.820998	41.93876593652483
80.839987	41.96032327879393
80.860297	41.98338055857782
80.879999	42.005752448945024
80.900004	42.02847793059842
80.920092	42.051311168282695
80.940382	42.074390266634275
80.960221	42.09697337242453
80.980072	42.119586947000194
81.00005	42.1423610460606
81.020017	42.165137089433316
81.040018	42.18796532087326
81.060348	42.21118231289581
81.080029	42.2336716819686
81.10001	42.25651944271414
81.119969	42.27936014381467
81.140061	42.3023736819536
81.159981	42.325212070315295
81.179968	42.34814920055056
81.199997	42.371155397546225
81.219962	42.39410761612039
81.240137	42.41732061433412
81.259964	42.44015339134161
81.280199	42.46347934921701
81.299976	42.486303754941595
81.320353	42.50985166527509
81.339953	42.532534634743705
81.35997	42.55573602123468
81.380006	42.57899637979575
81.399996	42.60224043249165
81.420047	42.62559228924416
81.439956	42.648814676757716
81.460284	42.67256134935377
81.479954	42.69557211500396
81.499965	42.71901258135889
81.519995	42.742502555162325
81.540238	42.76626533451494
81.560351	42.78989342420797
81.580299	42.81334085805831
81.600076	42.836596957120044
81.620246	42.86032327689444
81.640103	42.88368921598444
81.659991	42.90710013742213
81.680167	42.930859151710976
81.700069	42.95430384811054
81.720238	42.97806980746436
81.739959	43.00131253726599
81.760053	43.02499869008345
81.780109	43.048644800991866
81.799968	43.072066032894384
81.819918	43.09560527720738
81.840099	43.11943010926733
81.859981	43.14291464897192
81.880245	43.166860698302564
81.90001	43.190223183330076
81.919997	43.21385066270819
81.940099	43.237614941394064
81.9602	43.261379336221346
81.980004	43.28479550195145
81.999983	43.308422580630655
82.019969	43.33206093977443
82.03998	43.35572847504764
82.060041	43.379449971935394
82.080006	43.40304844838734
82.100278	43.42699757987312
82.119949	43.45022436687596
82.139988	43.47387366768798
82.159986	43.49746273993812
82.179945	43.52099291267599
82.200208	43.54486644660078
82.219962	43.568124112765425
82.240019	43.591721972083754
82.259981	43.61519285305041
82.279974	43.6386865136434
82.300039	43.6622516039697
82.319979	43.68565587543262
82.34012	43.70928042250469
82.360209	43.732827993298855
82.380243	43.75629704952757
82.399967	43.77939290785321
82.420023	43.802871356626866
82.440267	43.82656585277306
82.459963	43.849614265230066
82.479952	43.872997684573726
82.499982	43.89641739921769
82.52064	43.92055638670463
82.539968	43.943125780271046
82.559961	43.966454906679964
82.579954	43.98976612251645
82.59999	44.013107494077246
82.620195	44.03662291914618
82.64025	44.05993866342878
82.6602	44.0831059352162
82.679974	44.106042623917794
82.699966	44.12920701121302
82.719957	44.152347435298836
82.74035	44.17593295950883
82.759977	44.198616142228296
82.779996	44.22173845067017
82.799929	44.24474996791272
82.820008	44.26792062083784
82.839934	44.2909075279688
82.859994	44.31404416932271
82.87994	44.33704692039831
82.900092	44.36028686951031
82.920209	44.38348742455684
82.940129	44.40646240234497
82.959967	44.42934477717078
82.97996	44.45240837023963
82.999954	44.47547616278017
83.019958	44.4985591380187
83.041004	44.52284876855668
83.060496	44.54534921018522
83.081062	44.56909468756429
83.099931	44.59088685455061
83.120011	44.61408566286861
83.140023	44.637215070792806
83.160002	44.66031540778789
83.179977	44.68341866698124
83.200036	44.706624275735024
83.219961	44.72967783931144
83.24004	44.75291133823318
83.25998	44.77598542812668
83.279973	44.79912213367198
83.299987	44.82228361057595
83.319976	44.84541493967641
83.340288	44.868916906050245
83.360735	44.89257094924659
83.380002	44.91485672283088
83.399988	44.93797296177849
83.419966	44.96108104896413
83.440022	44.98428142813549
83.459972	45.00736006054443
83.479981	45.03050490428003
83.500033	45.05369431738613
83.519965	45.076738240908206
83.540009	45.09990571591554
83.559968	45.122971610920054
83.579976	45.146093349800594
83.599972	45.16920118977164
83.619963	45.19230164735039
83.640318	45.2158183322066
83.65997	45.238516893407635
83.679975	45.26161796188311
83.700023	45.284766673663995
83.720028	45.30786764332377
83.740032	45.330972113016784
83.759992	45.354031376109056
83.779969	45.37711612338359
83.800063	45.40034309027494
83.819981	45.42337634236163
83.839957	45.44648994368321
83.859983	45.46967713621457
83.879988	45.492855755614656
83.90002	45.51607933091211
83.920038	45.539297795677236
83.940036	45.562502956660225
83.959964	45.585637577453355
83.980017	45.608930332799716
84.000049	45.63221410438468
84.020273	45.65573806402803
84.039982	45.678679662684054
84.060057	45.702063162868996
84.080026	45.725337135295916
84.100352	45.74903930098304
84.119967	45.77192243473641
84.140112	45.79543353932391
84.160235	45.818929310993056
84.179996	45.84201454385281
84.200222	45.865658339763
84.219992	45.888787178359095
84.23998	45.91219213987908
84.259962	45.93561311989911
84.279972	45.95909079999229
84.299973	45.9825812644456
84.320203	46.00636252310995
84.340009	46.029664232187876
84.360002	46.05320237512273
84.380239	46.07704231243866
84.399981	46.100312220774484
84.419953	46.12386652335891
84.440065	46.147600383003606
84.459972	46.171108327471835
84.479965	46.19473567763615
84.500788	46.21936369183289
84.519959	46.24205609975828
84.540006	46.265803601291886
84.559972	46.28947217018788
84.579993	46.313222727393025
84.600024	46.3370030533163
84.619983	46.36071798539365
84.640073	46.38461133667607
84.659976	46.40830682748672
84.679988	46.43215785010812
84.700001	46.45603610473416
84.719972	46.479889908583814
84.740165	46.50403391400386
84.760236	46.528055389912986
84.779995	46.5517244009817
84.800014	46.57572397670262
84.820009	46.59971232025786
84.840316	46.624092088106195
84.859999	46.64773925332176
84.880219	46.67204860413492
84.899928	46.69575981974003
84.920032	46.719961856551485
84.940021	46.74403987791126
84.960255	46.76842679806572
84.979987	46.79222172571917
84.999969	46.81633089982351
85.020067	46.84059156826767
85.039998	46.864659234516694
85.060278	46.889152619186696
85.079983	46.912950797089294
85.100062	46.93719571955882
85.119978	46.96123656012992
85.140119	46.98554096435416
85.16	47.0095235217581
85.179998	47.03363802981192
85.200233	47.05802649851797
85.220235	47.0821190950426
85.240027	47.1059409692894
85.260222	47.130228282792174
85.28003	47.154031019819264
85.300057	47.17807857996047
85.320267	47.20232877538298
85.340027	47.226024088983976
85.359974	47.24993134161594
85.379989	47.27391169502809
85.399997	47.29787971351926
85.419983	47.32182095496063
85.440009	47.34581097291266
85.460881	47.370814074597035
85.480896	47.39478754156649
85.499985	47.41764681468138
85.520218	47.441870202314526
85.540102	47.4656716526786
85.560261	47.48980101276368
85.580282	47.513766604728765
85.59999	47.53736019646947
85.61992	47.5612217818409
85.640057	47.58533155020395
85.659963	47.60916255500252
85.679988	47.63313131365608
85.700029	47.65711242070766
85.720016	47.68102046781951
85.740038	47.70496045258266
85.759976	47.728788583557794
85.779973	47.752674106336265
85.800059	47.776651180384135
85.820282	47.80077594693244
85.840326	47.82467157377653
85.859993	47.8481037398436
85.880245	47.87222052532087
85.899972	47.89570175131502
85.91997	47.91949532467712
85.940058	47.94338407943404
85.960202	47.9673244682389
85.979981	47.9908133576607
85.999926	48.014479834024975
86.020032	48.03831795704035
86.040087	48.06207812857257
86.060016	48.085673835537854
86.079987	48.109305457355156
86.099961	48.13292703354284
86.120035	48.156652660857226
86.140028	48.1802678962281
86.159997	48.20384031305193
86.180359	48.22786295756334
86.199961	48.25097755669341
86.219959	48.274549805263625
86.240006	48.2981731291529
86.259985	48.32171234077778
86.280241	48.345576236266304
86.300005	48.36886043654723
86.319948	48.39235611722347
86.340055	48.41604542796379
86.359981	48.43952106127781
86.379999	48.46310321680744
86.40001	48.48667311237648
86.419999	48.5102101551771
86.440066	48.53382869718005
86.459969	48.55724109025614
86.47998	48.580766134812066
86.50005	48.60434739201428
86.520435	48.628289062237855
86.540009	48.651273511613944
86.560244	48.675033394315896
86.579976	48.69820412388588
86.599981	48.72169703165845
86.619977	48.74517988867122
86.640199	48.76892781015235
86.659971	48.79214736031777
86.679982	48.81564955198209
86.69999	48.83915280586634
86.719975	48.86263602744941
86.739985	48.88615726452104
86.760002	48.909696327671156
86.779975	48.93319388990851
86.799965	48.95672230255636
86.819958	48.98026543920567
86.83998	49.003853615668426
86.860094	49.027559998050926
86.879975	49.05099999161506
86.899968	49.07457928345343
86.919961	49.09816606331684
86.940043	49.121867177295314
86.960221	49.14569403534951
86.98001	49.16907716137389
87.000053	49.19277912285519
87.020009	49.216398350798684
87.04003	49.24011454992617
87.059975	49.26375906966217
87.079983	49.28749444710409
87.100034	49.311295263185315
87.120047	49.335064808700096
87.140326	49.359164929078865
87.16	49.382561224415355
87.180254	49.40666314307982
87.200289	49.43051908227788
87.220035	49.45404310740948
87.239961	49.477791307070575
87.260084	49.50178200960201
87.279992	49.52552280317974
87.300029	49.54942353612928
87.319989	49.573238971296796
87.339979	49.597098220968746
87.360224	49.62127262848278
87.380013	49.644916635329885
87.400076	49.66890591622204
87.420012	49.69276339105901
87.440274	49.717031415696304
87.459967	49.74063580075587
87.479976	49.76463420049851
87.500021	49.78868885225877
87.519986	49.81266003311749
87.539956	49.83665095856302
87.560049	49.860805570220585
87.579989	49.88479400677646
87.600283	49.90922759031775
87.619951	49.93292639221345
87.640047	49.95715954281604
87.659959	49.981187715989584
87.680317	50.005768986539444
87.700026	50.02957842606979
87.720062	50.053792800086796
87.73995	50.07783762973026
87.759981	50.10206634066472
87.77996	50.12624642762251
87.799958	50.150467580006456
87.819955	50.174708450240075
87.84005	50.19909035934232
87.860206	50.22356846318802
87.879952	50.24757003833402
87.899956	50.27190746319011
87.919956	50.29626424592163
87.939987	50.32068602324308
87.95996	50.345067234057886
87.979982	50.369540539529766
87.999953	50.3939844098875
88.019939	50.418479158063214
88.039995	50.443091436216996
88.059983	50.46765113139911
88.080274	50.492614040843065
88.099979	50.516885743564764
88.119974	50.54154412193513
88.140149	50.5664527873901
88.160047	50.59104539044969
88.18076	50.616670314082
88.200016	50.64051518610487
88.220198	50.66553114760865
88.239971	50.6900665039453
88.260085	50.715054938565444
88.28029	50.74018889957631
88.299992	50.76472927004803
88.320089	50.78979263021661
88.34076	50.81560028846482
88.359953	50.83958564673256
88.379973	50.864625801786474
88.399981	50.889671105602346
88.420158	50.9149486484566
88.440606	50.940588146649944
88.459985	50.964910617316335
88.480035	50.99010216918282
88.500291	51.015582911170966
88.520233	51.040701753993254
88.540358	51.066087159569314
88.560319	51.09130284014561
88.581184	51.11769909316598
88.600011	51.14155050806553
88.620526	51.16757499633708
88.64037	51.19278083275991
88.660276	51.21809886151031
88.681155	51.24469217445083
88.700297	51.269111116149105
88.720378	51.29477118829872
88.740605	51.32066355009108
88.75997	51.34549673307691
88.781056	51.372584366885434
88.800248	51.397281235769775
88.820173	51.42296477731979
88.840558	51.44928565515252
88.860957	51.475668967880175
88.88095	51.5015700725863
88.900068	51.526377610926275
88.920291	51.552660280531896
88.940032	51.57835630558162
88.959971	51.60435007570822
88.980058	51.63057660544883
89.000028	51.65668859064202
89.020024	51.68287083417817
89.039971	51.70902346034122
89.060055	51.73539024776081
89.079996	51.76160505092888
89.100031	51.78798198687046
89.120031	51.81435438557617
89.139983	51.84070804112692
89.160207	51.86746948977076
89.179981	51.89368657370931
89.200001	51.92028531750985
89.220214	51.94719961557455
89.240086	51.9737195763129
89.260262	52.000705697161834
89.279988	52.02714743012662
89.300024	52.054060663708896
89.319997	52.080942552385245
89.340114	52.10806999641683
89.360212	52.13522265081168
89.379967	52.161962087727126
89.400062	52.189213559966916
89.420283	52.21668855828983
89.43998	52.2435024497104
89.460044	52.27086645049527
89.479986	52.29811273967009
89.499974	52.32546963190461
89.519987	52.3529081616385
89.539989	52.380378809184194
89.559972	52.40787005624617
89.57996	52.43541431770009
89.600004	52.46308210853594
89.620016	52.49075344639845
89.640007	52.51844594970359
89.659996	52.54618829207
89.68036	52.574505602357725
89.699965	52.60181889273172
89.719942	52.62970060298417
89.740018	52.65776902754902
89.759971	52.685713281836044
89.779954	52.713748172864356
89.80003	52.741963088913565
89.820215	52.77038024745674
89.840011	52.798294948934966
89.859975	52.82648722176559
89.879968	52.854755182444265
89.899963	52.883054721835904
89.919969	52.9113936248321
89.939995	52.93978149040219
89.959951	52.96808965287121
89.979956	52.9964877653508
89.99994	53.02487841473539
90.019953	53.05333450573473
90.039988	53.0818470685065
90.059953	53.110284863615156
90.081755	53.1413652355254
90.099972	53.16735540194319
90.119956	53.19588751856706
90.140038	53.22457866912855
90.159966	53.253065856199946
90.179959	53.28165798510986
90.200041	53.31038460129837
90.219932	53.33884041865107
90.240081	53.36766401381395
90.259965	53.396105011836404
90.280054	53.424834902545854
90.300062	53.45344480146278
90.319924	53.481842258962445
90.340012	53.51055935286418
90.359965	53.539079753522884
90.379996	53.567707215371584
90.399988	53.596273470916444
90.420043	53.62492302072728
90.440002	53.65342739729962
90.460214	53.68228352053413
90.48484	53.71742793397436
90.499949	53.738981134455564
90.520011	53.767586709825856
90.540023	53.79610782071872
90.56018	53.82482322484533
90.580015	53.853069295892944
90.600099	53.881660631767076
90.619981	53.909955404904494
90.639989	53.938418753797045
90.660039	53.966927615638404
90.680372	53.995820253842254
90.700284	54.02409333368639
90.720581	54.05289050188938
90.739994	54.08041351834112
90.76001	54.108774223498784
90.780114	54.13724588216584
90.800372	54.16592430793182
90.819956	54.19363825242532
90.842493	54.22551752664512
90.859995	54.25026105824667
90.879992	54.27851153950715
90.900015	54.30677348750725
90.920045	54.335016931704594
90.940037	54.363178437713046
90.960241	54.391612906691506
90.980006	54.41940861276383
90.999986	54.447488671454465
91.019983	54.47557525821587
91.040026	54.50370768218947
91.060232	54.53204852143556
91.079997	54.55975129847887
91.099983	54.587746846632015
91.119985	54.61575179266027
91.140057	54.64384528065729
91.160353	54.67224514814558
91.180036	54.69978211340913
91.200067	54.72780328486921
91.219979	54.75565958997345
91.240005	54.783682701970044
91.259966	54.81162810071983
91.280205	54.839981029623495
91.300222	54.8680440474193
91.320204	54.89608015299578
91.340308	54.92430956743184
91.359976	54.95194778601706
91.380054	54.98018314642837
91.400231	55.00857892820185
91.42026	55.03678811910986
91.439973	55.06457435984958
91.460759	55.093896594632405
91.480036	55.121111235773434
91.499964	55.14926508037606
91.519949	55.177517723314246
91.539993	55.205870842787256
91.560866	55.235414462583094
91.579978	55.262483253680735
91.600034	55.29090988631482
91.620296	55.31965205195656
91.640124	55.34780391414998
91.659984	55.37602864683605
91.680033	55.404551607117874
91.700057	55.43307031133823
91.720013	55.461524644422134
91.739976	55.490022005752934
91.759987	55.51862086660012
91.780007	55.54726514803948
91.799982	55.575877490737454
91.819966	55.60453612271683
91.840005	55.63330917172109
91.860049	55.66212773222595
91.879993	55.69084342828643
91.900209	55.719994270298244
91.919952	55.74850624669702
91.940023	55.77753490907947
91.959979	55.806437644098736
91.979998	55.83546891074986
92.000014	55.86453001003492
92.019983	55.8935551106526
92.040041	55.92274198750979
92.060006	55.951827584529575
92.079984	55.98096887910802
92.099996	56.01019918010252
92.120525	56.04022703166988
92.139982	56.06872834095417
92.160348	56.0986057144024
92.18028	56.12789094576064
92.199976	56.15687393957127
92.220416	56.18699746339162
92.240006	56.21591067450176
92.259954	56.245393521740226
92.279976	56.27502569698509
92.300008	56.304712120612734
92.32021	56.33469031715461
92.339951	56.36402311147786
92.360026	56.39389032836958
92.380096	56.42378637906359
92.399998	56.45346684303933
92.420695	56.48436943748598
92.44075	56.514351303606496
92.460891	56.54450297211678
92.480715	56.57422262145503
92.499976	56.603138871686
92.519933	56.63313890148149
92.540047	56.66341021309629
92.559987	56.693452402002656
92.579997	56.72363361515447
92.600015	56.75386343662041
92.620055	56.78416615909165
92.640019	56.814394559783324
92.659969	56.844640707453145
92.680013	56.875065335972884
92.70027	56.90584705094441
92.720961	56.937322377117184
92.740298	56.966771600357866
92.760375	56.99738519101401
92.780145	57.02756892401759
92.80021	57.058241578809024
92.819976	57.08849372719667
92.839965	57.11912305423116
92.859948	57.14977936716446
92.880032	57.180628755656905
92.900054	57.211423046398075
92.919961	57.2420813520634
92.939981	57.27295365469763
92.959957	57.303794806580825
92.980015	57.33479537008996
92.999969	57.36566458480811
93.019934	57.396578813553546
93.039956	57.427609690679
93.059953	57.458630955286814
93.079926	57.489643850944184
93.100189	57.5211344431245
93.119952	57.55187207011557
93.14211	57.58635959815754
93.159985	57.614201126734635
93.179979	57.64536760913998
93.199988	57.6765839484703
93.21998	57.7078006314945
93.240284	57.73953009346834
93.260206	57.770685125889855
93.279951	57.801584002870875
93.299984	57.8329548084628
93.319962	57.86426244352946
93.342616	57.899791483960136
93.360227	57.92743294881798
93.379969	57.95844126141346
93.399975	57.98988377959996
93.419971	58.02132786940182
93.441663	58.055456711757344
93.459999	58.0843205472607
93.48039	58.11643652901838
93.500027	58.14738197154659
93.520181	58.179160289205825
93.542137	58.21380112433908
93.559979	58.241969812797656
93.580037	58.27365926668157
93.599986	58.3051984683538
93.620146	58.33709195479691
93.642361	58.37225694838149
93.660263	58.4006096469709
93.68028	58.432327754739305
93.700285	58.46404199285249
93.719921	58.495185148264156
93.74224	58.530597459619486
93.759974	58.55874428335669
93.780214	58.59087800819929
93.799979	58.62226721909146
93.820011	58.654091640384785
93.841755	58.688649278196074
93.860051	58.717737999390906
93.87997	58.74941724010414
93.89997	58.7812334581787
93.920201	58.81342496412176
93.942925	58.8495942892199
93.960004	58.87678980473622
93.979983	58.908619475541535
93.999979	58.940494245822926
94.019975	58.97238710753899
94.040003	59.00434919836724
94.060264	59.036703543502576
94.080037	59.06830335371283
94.099956	59.100168394672
94.119927	59.1321555791624
94.141074	59.16607242158934
94.168353	59.20988481298806
94.180279	59.22906424908406
94.200141	59.26104540539875
94.220232	59.29343273051022
94.240516	59.32616882860855
94.260536	59.35851709532816
94.281026	59.391665185671386
94.301256	59.42443367652432
94.320592	59.455794929935806
94.34002	59.487349390486244
94.35997	59.51980091379806
94.379973	59.55239197562081
94.400078	59.58520558232942
94.420028	59.61782351771413
94.440001	59.65053693961876
94.459984	59.68332434863209
94.479992	59.71620853027587
94.499967	59.749089726690734
94.519978	59.78207499604447
94.54003	59.81516606335848
94.559993	59.84814386907292
94.581689	59.88401979039021
94.599989	59.914311079668025
94.620028	59.947516308959834
94.639975	59.98060483416536
94.660066	60.01396746276135
94.682916	60.0519504400065
94.699967	60.08032232222338
94.720051	60.113774299486565
94.740095	60.14719272580878
94.760015	60.180436447712516
94.782692	60.218315926606465
94.800094	60.24740892505184
94.819997	60.2807091272595
94.839995	60.31419142008274
94.859958	60.347634450415704
94.880143	60.381464260178426
94.89996	60.414686935556986
94.919971	60.44824004142725
94.939991	60.48181017731129
94.959982	60.51533185127552
94.980017	60.54892667920271
94.999955	60.58235760008043
95.01998	60.61593217362676
95.039993	60.649483371698125
95.059984	60.682994095856884
95.080005	60.716552428479815
95.099985	60.75004126440605
95.120043	60.783661880229396
95.140014	60.8171382988868
95.159969	60.85058860671102
95.179984	60.88413861063637
95.20001	60.91770524240012
95.220014	60.95123363380696
95.240045	60.98480715325694
95.259959	61.01818502114617
95.279993	61.05176326325956
95.300562	61.08623459274336
95.319963	61.118742457870965
95.340035	61.152367530059074
95.359989	61.18578950376147
95.380245	61.21971504168774
95.399941	61.2527032801952
95.420026	61.28634472450995
95.440089	61.31995005229057
95.459983	61.35327105741545
95.48004	61.386862000127145
95.500062	61.42039025345741
95.520024	61.45381362558853
95.540044	61.487329429216075
95.559985	61.5207076561808
95.579968	61.55414958892962
95.59999	61.58764831551193
95.620029	61.62116465316495
95.639959	61.65448534518082
95.660017	61.688004260698214
95.68007	61.72149745169194
95.700021	61.7548024985501
95.720021	61.788172018295725
95.740062	61.8215936199848
95.759981	61.85479654503357
95.779986	61.8881281603887
95.799993	61.9214486254615
95.82019	61.95507080389336
95.840003	61.988039183173356
95.860198	62.02162855254514
95.879959	62.054482436749474
95.899965	62.0877310987278
95.92011	62.12119960235168
95.939951	62.15415312268039
95.960633	62.18849337147823
95.98004	62.22070672272535
96.000023	62.2538654832074
96.019967	62.28694918865404
96.040151	62.32042209544052
96.060514	62.354185267694845
96.080415	62.387178273124334
96.099999	62.4196430487765
96.119987	62.4527749995929
96.140296	62.48643561791756
96.160455	62.519842752884095
96.180542	62.55312390721338
96.200615	62.58637327636627
96.220672	62.61958580063082
96.240942	62.653139360217025
96.260246	62.68508237182641
96.280656	62.718843677210494
96.300015	62.75085578370621
96.320056	62.78398501722918
96.340044	62.81701633358351
96.36023	62.850365053817946
96.380005	62.883026414260556
96.400229	62.91642247701241
96.419992	62.94905156727261
96.440075	62.98220246667526
96.460041	63.01515102673049
96.479991	63.04806017986322
96.499997	63.081045533398594
96.52025	63.11442073345445
96.54004	63.147017246341115
96.559987	63.179859066661685
96.580232	63.21318030804474
96.599972	63.24566044514456
96.619941	63.27850736612474
96.640065	63.31159909816094
96.659999	63.34436896691087
96.680039	63.37730493116075
96.699985	63.41007957562363
96.720009	63.442975918133406
96.740329	63.4763509632994
96.760083	63.50878681053368
96.780213	63.541827494708315
96.799972	63.57424431168156
96.819977	63.60704761153768
96.840043	63.63993244606154
96.85998	63.672586520045925
96.880227	63.70572758758885
96.899955	63.73799755191997
96.920052	63.770847638578275
96.940077	63.80355572162289
96.959969	63.8360227199361
96.980026	63.868736883507594
96.999968	63.90124472053631
97.020042	63.93395277769124
97.040141	63.96669020690668
97.06033	63.99956527355093
97.080076	64.03171096495959
97.099999	64.06413570472918
97.119969	64.0966253041891
97.140097	64.12935682120882
97.160131	64.16191696091921
97.1802	64.19451276469982
97.199966	64.22659437307657
97.220128	64.25929692731927
97.24008	64.29163997264385
97.259984	64.32389066622437
97.279997	64.35630859424937
97.300012	64.38872545049445
97.32085	64.42247460939231
97.340168	64.45376269762646
97.360001	64.48588442694792
97.380045	64.51834415348512
97.4001	64.5508137540118
97.419985	64.58299636204299
97.440098	64.6155332994305
97.459992	64.64770020880667
97.479964	64.67997773520794
97.500061	64.71244339960485
97.520224	64.74500457062712
97.540209	64.77727051696192
97.559974	64.80917631789454
97.579982	64.8414707088219
97.600078	64.87390290250718
97.620079	64.90617554142105
97.640122	64.93850733797507
97.660067	64.97067109200026
97.679978	65.00277039209716
97.700265	65.03546792328682
97.720065	65.06737523690323
97.740075	65.09961764885632
97.759993	65.13170949764495
97.779979	65.16390855528506
97.799974	65.19611933918289
97.820041	65.22844328430048
97.840109	65.26076691069726
97.859981	65.29277486218969
97.879982	65.32499325271208
97.899966	65.35718952130473
97.920001	65.38947499275027
97.940106	65.42188058069065
97.95997	65.45390346446193
97.979992	65.48618388637384
98.000166	65.51870843981882
98.01999	65.55066410493443
98.043628	65.5887585891707
98.060214	65.61547981477906
98.079982	65.64731596834275
98.100028	65.67958755910183
98.119986	65.7117056133504
98.140127	65.74410738782689
98.159967	65.77601558812393
98.179964	65.80816700777076
98.199992	65.84035692619986
98.220024	65.87253785391589
98.240052	65.904692553819
98.260207	65.93702897465671
98.279991	65.96874992156746
98.300046	66.00088973723305
98.319997	66.03285316229073
98.340166	66.06516015823465
98.360331	66.09745606549257
98.37999	66.12893562953397
98.400062	66.16106869255219
98.419955	66.1929072207393
98.440134	66.22519741853488
98.460244	66.25737482474482
98.479971	66.28894117390085
98.499975	66.32095619618518
98.519965	66.35295666458583
98.540129	66.38524446898703
98.56023	66.41743941279336
98.579991	66.44909569249589
98.599963	66.48109334282341
98.619968	66.51314466361863
98.640221	66.54559185092214
98.659969	66.57722647242892
98.680434	66.61000382397351
98.699963	66.6412744775276
98.719954	66.67327577144601
98.740172	66.70563096099482
98.759979	66.7373199490073
98.780011	66.76936161468016
98.799987	66.80130746481953
98.819959	66.83324129868988
98.840204	66.86560654272148
98.860231	66.89761931483302
98.880153	66.92946206486886
98.89997	66.96113704248775
98.919957	66.99308624828109
98.940265	67.02555370517018
98.964295	67.06398090901857
98.980379	67.08970938086354
99.000045	67.12117871933408
99.020068	67.15323002669851
99.040224	67.18550286961765
99.060725	67.21833418431015
99.080268	67.24963551957717
99.100057	67.28133551804875
99.120085	67.31342520280498
99.140452	67.34606754274027
99.159972	67.3773629471885
99.179972	67.40943876102557
99.199995	67.44156158914129
99.219985	67.47364120373433
99.240144	67.50600233516661
99.25997	67.53783983195152
99.280021	67.57004953831928
99.299963	67.60209292528863
99.31996	67.63422967122064
99.340397	67.66707421720837
99.359972	67.69853093176101
99.380063	67.73081303419431
99.400009	67.76285877180695
99.42006	67.79507059169093
99.440412	67.82776311769986
99.460197	67.85954042047602
99.479974	67.89129804320905
99.500038	67.92350786142215
99.520024	67.95558409606866
99.540184	67.9879336016568
99.559968	68.01967725174715
99.579977	68.05178182819009
99.600211	68.08424737780598
99.619982	68.11596767945787
99.640125	68.14827918451935
99.660209	68.18048854507646
99.679983	68.21219420606057
99.70022	68.24463897694353
99.719988	68.27633286967469
99.74018	68.3087107871254
99.760291	68.34096378855426
99.780265	68.37300048062463
99.79999	68.40463847372645
99.819948	68.43664822073448
99.840254	68.4692122211913
99.859976	68.50083492367219
99.880044	68.53300710649155
99.900052	68.56507752113781
99.920005	68.59705383537344
99.940144	68.62932154816427
99.959968	68.66107679721226
99.97997	68.69310756272405
99.999968	68.7251201549825
100.020015	68.75719751763378
100.040144	68.78939165460869
100.059952	68.82105928170168
100.080026	68.8531418297516
100.100094	68.88520844349239
100.119955	68.91694177867235
100.140076	68.94909051871493
100.159968	68.9808742396195
100.179978	69.01284725749012
100.200844	69.04618896182825
100.220654	69.07784574488795
100.241199	69.11068320589844
100.259967	69.1406904995383
100.279979	69.17270202661149
100.299966	69.20469169880559
100.319967	69.2367224815774
100.340178	69.26910708335473
100.360025	69.30092360268776
100.380019	69.33298971085867
100.400052	69.36513252598343
100.419957	69.39708577173619
100.440161	69.42953775586976
100.459963	69.46136524874206
100.479965	69.49353804966506
100.500068	69.52589901580917
100.520032	69.55806276369277
100.540261	69.59068077184074
100.559964	69.62247727709914
100.579961	69.65477498820712
100.600034	69.68722156849627
100.620073	69.71963780517405
100.640234	69.7522738524669
100.660115	69.78447610696507
100.679983	69.81667460716714
100.699984	69.84910531561414
100.720038	69.8816393185493
100.740212	69.91438627368679
100.760087	69.9466650016743
100.780267	69.97945263651239
100.800376	70.01213218100297
100.820271	70.04446456421088
100.840399	70.07717152444575
100.860012	70.10903608478404
100.88006	70.14160244259007
100.90004	70.17405456272651
100.919975	70.20642961867044
100.940143	70.23917711003145
100.959974	70.27136901407762
100.980045	70.30394052654702
101.000041	70.3363809678795
101.020022	70.3687900854669
101.04058	70.4021307549722
101.059992	70.43361037992662
101.080222	70.46641378767585
101.099978	70.49844438217399
101.120112	70.53108164809144
101.140326	70.56384113270059
101.160006	70.59572754257286
101.180236	70.62849710110798
101.199983	70.66047588303266
101.219978	70.6928463511656
101.240176	70.72553347158834
101.259963	70.75754203473244
101.279964	70.78988241240518
101.299983	70.82223784936858
101.320016	70.85460319226408
101.340445	70.8875975124207
101.359998	70.91916941640038
101.380043	70.95153120584382
101.400039	70.98381260824782
101.419966	71.0159838173653
101.440167	71.0485996742503
101.459948	71.08053924233188
101.47999	71.11290092249457
101.499954	71.14513655288623
101.520037	71.17756461558108
101.540358	71.21037878591068
101.560398	71.24274271412813
101.57996	71.27433896828038
101.600025	71.30675145031998
101.620251	71.33942588662596
101.640046	71.37140328791536
101.660875	71.40504727764123
101.679971	71.43588576279406
101.700124	71.4684212447953
101.720024	71.50053467373398
101.74004	71.53281772731788
101.759975	71.56494940101848
101.779972	71.5971583203874
101.800022	71.62942966566781
101.820005	71.66157160528975
101.840327	71.69423914685376
101.860208	71.72618101602298
101.880115	71.75814999079627
101.900055	71.79015855594193
101.92022	71.82251498169641
101.940033	71.85429293162422
101.959971	71.88625697665468
101.980007	71.91836395093185
102.000026	71.9504313870147
102.02003	71.98246582767358
102.040075	72.01456073914458
102.060221	72.04681514863944
102.079999	72.07847944750144
