145.660079	-8.509466482455556E-5
145.680042	-2.8347492987673435E-4
145.700016	-4.119526330562728E-4
145.72005	-2.2546547792230953E-4
145.740216	3.112648614058691E-4
145.760035	6.851921020166288E-4
145.779989	1.6100587502542677E-4
145.799986	-0.0012508600929750883
145.819985	-0.002186519429788884
145.840054	-9.647181924235233E-4
145.86032	0.002220581985680547
145.879986	0.004292937749778528
145.899985	0.0016197618054480415
145.920028	-0.005474111951356678
145.940224	-0.010349095142882181
145.960265	-0.003273893777162319
145.980128	0.021135791923406984
146.000398	0.058367752331536044
146.019976	0.09565242195347778
146.040037	0.12014737395702274
146.060046	0.1272043796067778
146.079978	0.12217786432074879
146.100095	0.11495920809635339
146.120297	0.11241683306341298
146.139957	0.11491495748857983
146.160001	0.11852102223421736
146.179981	0.11969826609834304
146.200216	0.11808417479705378
146.219987	0.11582633483589524
146.240012	0.11519568579904167
146.260307	0.1167788298190943
146.280227	0.11925344069157029
146.300248	0.12019751481534398
146.319964	0.11724469638101488
146.340056	0.10909081885968151
146.360234	0.09612725758238452
146.380088	0.08009045328722798
146.402772	0.06310518287457809
146.420054	0.046703311249315475
146.440048	0.03140845293447191
146.460086	0.017247949473715468
146.480067	0.00443350184356294
146.500171	-0.006507257341458851
146.52004	-0.015207676990229589
146.539994	-0.021954762578243543
146.56029	-0.027574694088218242
146.579996	-0.03271945897065575
146.600195	-0.037218786950059514
146.620029	-0.04019291781594388
146.640253	-0.04092203144007997
146.660024	-0.03966923526722931
146.679981	-0.037531570453742
146.70026	-0.03520645563196389
146.72063	-0.0317055818207184
146.740885	-0.02444005553091058
146.759973	-0.011172362186254248
146.780058	0.007379940008831736
146.799997	0.026532765937209966
146.820206	0.039632792185027514
146.840017	0.04210867177016516
146.859975	0.03458254036779332
146.879954	0.02229739285817452
146.899953	0.010854170659741995
146.920009	0.001427475440404324
146.940014	-0.010540284758738815
146.959974	-0.031686125694924475
146.979978	-0.06465640816792989
147.000004	-0.10437435913417359
147.020066	-0.13984522459022083
147.039988	-0.160528173558886
147.060318	-0.16278939248740515
147.079997	-0.15182234960885377
147.100068	-0.13766493491480492
147.120007	-0.12809196477579138
147.139967	-0.12323510682951071
147.160291	-0.11555151373335745
147.179993	-0.09520863433368096
147.199988	-0.057419199279756486
147.220005	-0.006979551838944376
147.239976	0.04303690669636343
147.260287	0.07778586346306253
147.279997	0.08832836650449674
147.300254	0.07565481428059931
147.319965	0.048688414187977244
147.339974	0.017967272141794357
147.360049	-0.010526779390239677
147.379992	-0.03747198483816426
147.400055	-0.0676277374313188
147.420111	-0.10530758076896783
147.440168	-0.15146399168561062
147.460032	-0.20392449981894842
147.479991	-0.25951335683164617
147.500178	-0.3156535763153943
147.520002	-0.3702158600023689
147.539985	-0.42042110657700893
147.560099	-0.4624986933773419
147.579999	-0.49288620443643344
147.600006	-0.5101086009009504
147.620034	-0.5157207868469168
147.63999	-0.513463470294499
147.660041	-0.5072651599278117
147.679997	-0.4995942363262505
147.70001	-0.4912433211465956
147.720242	-0.48239741496716254
147.740171	-0.47386043218716106
147.760024	-0.46734106711930445
147.779993	-0.4645948237209057
147.800247	-0.46619562605528925
147.820043	-0.4709648522099474
147.839984	-0.4764776528766279
147.860086	-0.4801544692596257
147.879983	-0.48002026752257515
147.900028	-0.47466487545450137
147.920073	-0.46281418668400126
147.940036	-0.44340210853441825
147.959971	-0.41657614926071235
147.980104	-0.38499462981217136
147.999979	-0.3540867916992037
148.020052	-0.33041416714588434
148.039989	-0.3187040750462564
148.060305	-0.31938655103657526
148.079995	-0.3284003330487447
148.099965	-0.3395226864720676
148.119966	-0.347671398849621
148.140186	-0.3510020522532915
148.159998	-0.3507011120578817
148.180074	-0.3492272090117364
148.199974	-0.34875075021272567
148.22001	-0.35088493423814887
148.239964	-0.35723434420529787
148.259982	-0.3694405367108077
148.280334	-0.3881463553825081
148.299961	-0.4118639855707027
148.320363	-0.4373802292621115
148.340432	-0.46212268381831456
148.360725	-0.4868231405661057
148.379959	-0.5159316977390792
148.399974	-0.5547415630177356
148.420296	-0.6050200814250526
148.440541	-0.6625760460875297
148.460689	-0.7189730857760164
148.480049	-0.7663200059530371
148.500071	-0.8015258287492467
148.52013	-0.8267998354647168
148.540022	-0.8462252493159985
148.560331	-0.8613498455952526
148.580029	-0.8693485135455145
148.600254	-0.8650224479899851
148.620054	-0.8447461421672998
148.640085	-0.8091083792894211
148.659961	-0.7623923196992269
148.680073	-0.7098222044336914
148.700274	-0.6552276853335239
148.720336	-0.6010457808493731
148.739985	-0.5501893730930966
148.760106	-0.5074516244536151
148.779995	-0.4784579004317448
148.799999	-0.46640096244135393
148.819985	-0.4689410173665463
148.839995	-0.47784117799062226
148.860045	-0.4819717780972547
148.880173	-0.47190380516000846
148.899993	-0.4433904572977526
148.920287	-0.39817548143720455
148.940306	-0.3425444407447385
148.960146	-0.28512808821119895
148.98074	-0.23502268596208356
148.999978	-0.20023452039992884
149.020169	-0.18603016979558343
149.040056	-0.19338857579074412
149.06015	-0.21845695950028876
149.079986	-0.25371285594602866
149.099993	-0.2904736971934353
149.12005	-0.321512674583292
149.140092	-0.3427316613381817
149.160047	-0.3537801562472205
149.180229	-0.35809454203306207
149.200637	-0.36238445153180265
149.220407	-0.3748730248884774
149.240018	-0.4019210593820589
149.26005	-0.44429315419835796
149.27999	-0.49577521316378403
149.299997	-0.5461548452258639
149.319996	-0.5875336687031869
149.33997	-0.6197903278709744
149.36028	-0.6508098130442447
149.380005	-0.6906490739421879
149.400233	-0.7435953452861689
149.419962	-0.8040745926836763
149.44006	-0.8596455084244667
149.459984	-0.8988953400826017
149.480035	-0.9182999535022061
149.500145	-0.923099515087937
149.520053	-0.9220120756097634
149.540154	-0.9202338106954031
149.560007	-0.9160191262182843
149.579994	-0.9028928367019649
149.600358	-0.8751392005615509
149.620062	-0.8321510710155402
149.6401	-0.7787474514176534
149.660135	-0.7219735623159439
149.679981	-0.6673256346351686
149.699959	-0.6171248532501957
149.719974	-0.5715859049219848
149.740457	-0.5309535764034723
149.760036	-0.4965804931009834
149.780002	-0.4700511815706001
149.800216	-0.4511794703338146
149.820079	-0.43660194319678747
149.84036	-0.4202856926995124
149.860777	-0.3960087664897319
149.880906	-0.3606397646240599
149.900079	-0.3164793880909205
149.919969	-0.27120939686801543
149.940013	-0.2350336219582106
149.960806	-0.21602046899028765
149.98003	-0.2158271492306252
149.999987	-0.22813443200869896
150.019975	-0.2408947102509745
150.040033	-0.2413917508326018
150.060044	-0.2214145137462152
150.079992	-0.17982029183082862
150.100041	-0.1214863077242686
150.120078	-0.05396034639774892
150.139953	0.01569238846734257
150.160277	0.08205539036569853
150.179985	0.140651055451143
150.200441	0.18696538226227863
150.219981	0.21674644290163517
150.239986	0.22767165779883575
150.259993	0.22097608321694895
150.28	0.20136746927906107
150.299998	0.17476165195966176
150.320014	0.14511366652828403
150.340236	0.11251104414921975
150.360365	0.0739976268771838
150.379988	0.026739170912209287
150.400041	-0.028571150000292932
150.419984	-0.08650256859016198
150.44022	-0.1389056507088633
150.460056	-0.17895143359647295
150.479992	-0.20445078583183296
150.499966	-0.21809011396379088
150.520076	-0.22439272553845213
150.539997	-0.2256934052812367
150.56031	-0.22035164628093803
150.580015	-0.20487465433881208
150.600761	-0.17857761939272318
150.620021	-0.1471301379968408
150.640023	-0.12177930740176357
150.660056	-0.11408784417931965
150.679982	-0.12946758083316307
150.700006	-0.16399366271307367
150.720063	-0.2067786875552557
150.740017	-0.24629069257214367
150.760056	-0.27628379853235535
150.779992	-0.29750253570241336
150.800996	-0.31449764252510143
150.820258	-0.3302717199939476
150.839988	-0.34263278532694363
150.860287	-0.3445318935221609
150.880273	-0.3277779195280625
150.900042	-0.2874977778146847
150.919967	-0.22469956347792733
150.939966	-0.145869750074311
150.959977	-0.06038232182779323
150.98004	0.02257590317497192
151.000037	0.09613183868817672
151.020003	0.1564361700464141
151.039962	0.2023832670926957
151.06003	0.2350587305153301
151.08044	0.2573204218604302
151.100019	0.27336304071269274
151.120038	0.2878693711766535
151.140259	0.30459177595201276
151.159965	0.32478753163673607
151.180041	0.3463617644636494
151.200004	0.3644154978421689
151.220272	0.3732290740855285
151.239952	0.3688952633920943
151.259977	0.351379499314228
151.280236	0.32494013568965807
151.299972	0.29654925182249514
151.320021	0.272838090235687
151.339973	0.256920281241503
151.360247	0.24671421986302935
151.379979	0.23588736143777256
151.399971	0.21728073671950526
151.419973	0.18714849515172352
151.439963	0.14782089227340567
151.460294	0.10710645626491531
151.480211	0.07470807448856466
151.500063	0.057829000153053846
151.51994	0.05862957693592782
151.539945	0.07486440816508047
151.560697	0.10286197162291796
151.580518	0.14059438852010217
151.600847	0.1888549682079393
151.621002	0.2500827219312944
151.640029	0.32593729069647853
151.660131	0.4153310352284958
151.679961	0.5140539529487331
151.699965	0.6160409785860721
151.720066	0.7154061505795287
151.740289	0.808036596268126
151.760057	0.8918516014536634
151.780011	0.9656225069662617
151.799996	1.0271773057855365
151.819937	1.0723617301587958
151.839952	1.0958763980646988
151.859959	1.093955644936762
151.880262	1.0674758226609913
151.900067	1.0234147107930118
151.919983	0.97326841859852
151.940126	0.9287743486740305
151.960034	0.8970075590677875
151.979992	0.8774778700756254
152.000004	0.8628111015541865
152.020032	0.8426203480626847
152.040256	0.8084380906953381
152.059961	0.7571702372989697
152.08007	0.691579034409462
152.100063	0.6180902121272116
152.120028	0.54359110875301
152.139949	0.47307033806873794
152.160282	0.4089759530562015
152.180006	0.35181026468960586
152.200117	0.30079764254382413
152.219949	0.25388369699640045
152.240104	0.20744832326251303
152.259979	0.15686354376138573
152.280286	0.09852222027974603
152.30021	0.03243388763423949
152.320165	-0.036732818183894206
152.339937	-0.1017869009967203
152.360204	-0.15766309896242087
152.379955	-0.20545618143746158
152.400014	-0.25243048115442274
152.42098	-0.307224093226179
152.439987	-0.3732509097454961
152.460166	-0.44520428425166864
152.479973	-0.5115432945515661
152.499962	-0.5613071564947919
152.520029	-0.5901974987892111
152.539975	-0.6014343586026618
152.560055	-0.6011296246897662
152.579994	-0.5922237299406016
152.599976	-0.5718581224245155
152.619972	-0.5338659970828922
152.639925	-0.4738264850119233
152.660249	-0.3924509353265257
152.679985	-0.2951169477486728
152.700222	-0.18884574377865632
152.720004	-0.07974012113080456
152.739982	0.027382691743058605
152.76003	0.1280585885942826
152.780198	0.21800719758160875
152.799969	0.29455924260464716
152.819957	0.35831875601915525
152.839987	0.4129816307510475
152.859965	0.46277711087200074
152.880055	0.509300444398142
152.900072	0.5502450816396312
152.919951	0.5809714426548662
152.940028	0.5974528237887236
152.960302	0.5981210470891786
152.980209	0.5834229599326
152.999977	0.5541279968259103
153.019981	0.5104838830089488
153.039959	0.4532417883991727
153.060073	0.38549523713624206
153.079989	0.3132476966551899
153.100263	0.2436703000797242
153.120064	0.18214416409923156
153.139939	0.1303591165461469
153.160376	0.08688034203863063
153.179949	0.049345988029270274
153.199952	0.01611536711291198
153.22	-0.014064599881785576
153.239975	-0.04365848711254132
153.260262	-0.07700624420835468
153.279968	-0.11866755445322873
153.299977	-0.17047237778232432
153.319963	-0.22999275884754122
153.339957	-0.2922780443748127
153.360027	-0.35382353458117194
153.379959	-0.4154550070719371
153.399987	-0.4814383742098032
153.42003	-0.5552948954481485
153.439961	-0.6357858597445855
153.460758	-0.7165347125132169
153.479958	-0.7896451479182891
153.499983	-0.850295234501784
153.520045	-0.8985495732298857
153.540014	-0.9371643474609214
153.559956	-0.9676232693027617
153.579996	-0.9878432425628976
153.60053	-0.993175719922363
153.620836	-0.979336879464183
153.63996	-0.9445233355616665
153.660254	-0.8891886380107612
153.680649	-0.8144009796245879
153.700759	-0.7208859936495576
153.720212	-0.6098187695133365
153.739974	-0.4843516167190957
153.76003	-0.349896842826388
153.77997	-0.21237143625980787
153.799973	-0.07578690623905125
153.819927	0.05838638864256739
153.840006	0.18899163625276139
153.86	0.3116792897072577
153.879979	0.4173231882879916
153.89999	0.49443922931867634
153.92017	0.5345806750842139
153.939995	0.5370930749954635
153.960213	0.5097453433204445
153.980222	0.4646460068569175
153.999939	0.4121654725841517
154.023369	0.3568226953349196
154.040287	0.297337703602019
154.060058	0.23008406910039586
154.079952	0.15309465821504026
154.100179	0.06795391385248693
154.120022	-0.021082771607118987
154.140003	-0.1095786517770125
154.16	-0.19506312926827804
154.179969	-0.2776089824712496
154.199979	-0.3588175576611896
154.219973	-0.44027224199737697
154.24025	-0.5225890035227915
154.260288	-0.6054887281059222
154.279987	-0.6884259353992994
154.299968	-0.7709457243452027
154.319993	-0.8524811741109064
154.340868	-0.9321203990961703
154.360067	-1.0092015459635642
154.379989	-1.0848460186172582
154.39996	-1.1633477449292018
154.419955	-1.25177958432546
154.439991	-1.3570872817285327
154.460821	-1.4818437910541349
154.47998	-1.6212939119467402
154.499984	-1.7640388070766788
154.519984	-1.8964550643445517
154.539982	-2.0083956829370053
154.560269	-2.096736251841196
154.579997	-2.1647038577443056
154.600244	-2.217781240909805
154.62004	-2.2590673669892305
154.639985	-2.2869819732763386
154.660029	-2.2962646233692956
154.680244	-2.2810597603705296
154.699973	-2.237976342355917
154.719967	-2.1676580674648416
154.740216	-2.0744970236500206
154.760333	-1.9650056239993656
154.781177	-1.845552679902668
154.800004	-1.7203551670028727
154.819972	-1.5907955483332248
154.839971	-1.4566112060670533
154.860181	-1.3183220528667647
154.879973	-1.1790872705576823
154.900023	-1.0443495762182284
154.920164	-0.9193821089635534
154.940346	-0.806789910726378
154.960681	-0.7061985146848427
154.980894	-0.6163935027649403
154.999962	-0.5378385482039464
155.020064	-0.4730994118028887
155.040343	-0.42476753762472885
155.060179	-0.39304003825175776
155.0801	-0.3755322058433879
155.100074	-0.36976223410798653
155.120043	-0.3759788676049579
155.140224	-0.397405535806316
155.160146	-0.4371984376343189
155.18	-0.4944374899895896
155.199986	-0.5624759817656441
155.219979	-0.631181735447201
155.239997	-0.6915374067318101
155.259976	-0.7393886526062943
155.280183	-0.7761073715663976
155.300008	-0.8063493404083345
155.32001	-0.8349650760672158
155.339967	-0.8651046178146922
155.36004	-0.8981342544481286
155.379977	-0.9345783036944337
155.40007	-0.974951454398988
155.419966	-1.0200085048319985
155.43998	-1.0707462557213359
155.460283	-1.1286437551092856
155.47998	-1.1960675884176728
155.500231	-1.2761285701696083
155.519998	-1.3712698728310715
155.539974	-1.4807663884880604
155.559973	-1.5985535739634493
155.57998	-1.7132612753034977
155.599974	-1.811335008615449
155.619955	-1.882031934992761
155.639971	-1.9214419605812973
155.660363	-1.9329677586054315
155.679965	-1.9240033124287272
155.699977	-1.9012182131956317
155.719961	-1.8676993333860439
155.739956	-1.8234275541954494
155.760808	-1.7677225429322339
155.779974	-1.7008541817277043
155.799998	-1.6233154276449395
155.820007	-1.5339998328036408
155.839958	-1.4299945959118274
155.860035	-1.3093230604215473
155.879974	-1.1749007072288689
155.900031	-1.0361721535077903
155.920091	-0.9062817395205631
155.939926	-0.796186896201613
155.959982	-0.7096991008786468
155.979959	-0.6427666955031394
155.999983	-0.5870295697784432
156.019975	-0.5347204757878531
156.039962	-0.48176394347352824
156.060271	-0.42813733060836895
156.079977	-0.37680803241451155
156.099973	-0.332803788991723
156.119956	-0.3025335912650505
156.139964	-0.29236513793499774
156.159997	-0.30610443022190736
156.18023	-0.3427125673961079
156.199992	-0.3962598645548721
156.220004	-0.45870685588688764
156.239961	-0.523694143204848
156.260263	-0.5884992848241316
156.280225	-0.6527948322796272
156.299979	-0.7156219843767437
156.31999	-0.7735645548153706
156.340029	-0.8220291979013787
156.360287	-0.8587548957472398
156.379987	-0.8866480421814706
156.399973	-0.9134624283130842
156.420021	-0.9482771602690606
156.439963	-0.9970838075321334
156.460002	-1.0602691452453032
156.479979	-1.1332583942619294
156.499995	-1.209422585996798
156.519945	-1.2831941901892074
156.539984	-1.3516855149977107
156.560202	-1.4143741647648935
156.580198	-1.471596349444337
156.600053	-1.5230368524371996
156.620001	-1.5671061473154133
156.639963	-1.601385302306945
156.66001	-1.6236137031540236
156.679981	-1.632334753931858
156.699973	-1.626583521784498
156.719966	-1.6048253541813986
156.739995	-1.5641965961127697
156.760031	-1.50119348998422
156.77996	-1.4139496048265339
156.800203	-1.3047476416387738
156.819995	-1.1806928589975731
156.839937	-1.0514344898629246
156.86028	-0.9250155018217571
156.879964	-0.8046710080447602
156.899975	-0.6890113532981591
156.919945	-0.5755831986358104
156.939909	-0.4650953921444135
156.96	-0.36295786076216185
156.979955	-0.2769216139445464
157.0	-0.21279629728646535
157.019935	-0.1717736048338373
157.039938	-0.1514282105868835
157.059967	-0.1492890736593818
157.07998	-0.1657335801411367
157.10027	-0.2036809495570427
157.120268	-0.26540536862496633
157.139982	-0.34919060105423105
157.159988	-0.44851090138853517
157.179959	-0.554237469359637
157.19997	-0.65807823687162
157.220719	-0.7549543689614496
157.239981	-0.8433628435811833
157.259943	-0.9243705121083533
157.28004	-1.0004169308913815
157.300556	-1.0744821359854728
157.320504	-1.1494451534629826
157.340718	-1.2274960113568092
157.360925	-1.3099066151841563
157.380195	-1.3975374761222843
157.40007	-1.4917958048000801
157.419975	-1.5950275552933166
157.440199	-1.709475334123498
157.459998	-1.835140321973194
157.480145	-1.9681324697565499
157.500006	-2.10115536348214
157.519975	-2.2262883197070154
157.539973	-2.3383032526728225
157.560032	-2.4360331037762974
157.579974	-2.5206363545412684
157.599965	-2.5920480398014574
157.619969	-2.646444433302105
157.63997	-2.676842739071224
157.659988	-2.676522836184944
157.679968	-2.642797332204447
157.699963	-2.578570183206021
157.719927	-2.491012656773879
157.740008	-2.3888071542348803
157.760013	-2.2799613665369853
157.779962	-2.17102137556539
157.799983	-2.0670623833347244
157.819991	-1.971562822140876
157.840242	-1.886204529459652
157.860035	-1.8114228999922966
157.879974	-1.7480417688144037
157.899955	-1.6990187176816725
157.920034	-1.6696728880538603
157.940004	-1.665714727158581
157.960001	-1.690288602511552
157.979967	-1.7422021050774248
158.000269	-1.816641605156997
158.02	-1.9076760870386038
158.04	-2.010494906074697
158.06031	-2.1217823876743473
158.080301	-2.238372068336892
158.100075	-2.35572481598236
158.119985	-2.4678037161027895
158.140065	-2.5686786898323213
158.160032	-2.6548764615649896
158.179949	-2.727040152912493
158.200008	-2.7899529912110324
158.220053	-2.8508246166517335
158.240334	-2.916440299916771
158.260031	-2.9902460970547664
158.28009	-3.0706862723659554
158.299985	-3.1519095663073844
158.320019	-3.226992333612456
158.340019	-3.292282764020482
158.360011	-3.350314327261911
158.379978	-3.4091130190560137
158.399982	-3.477822306878836
158.419997	-3.5611364618339683
158.440213	-3.656100307186683
158.460034	-3.7533496255806527
158.48007	-3.84178105676243
158.499952	-3.9132905458404643
158.519978	-3.964497666996046
158.540219	-3.9950465173186123
158.560043	-4.004824052545051
158.579967	-3.9929703342519676
158.599957	-3.959431898438891
158.619985	-3.907077497294454
158.640228	-3.8416371840238437
158.660037	-3.7687298193763215
158.679976	-3.6902330115424533
158.699985	-3.6033720571306156
158.719961	-3.5038760555612405
158.740008	-3.3909758062935307
158.760286	-3.2700662812516197
158.78019	-3.1504698710073917
158.800045	-3.0397630710255137
158.819979	-2.939143057984459
158.840204	-2.843644863031708
158.860042	-2.7471152006941293
158.879981	-2.6479773748483937
158.899984	-2.5512698489687704
158.920031	-2.4656375384683886
158.940137	-2.3980869250200967
158.960542	-2.3508260191525143
158.979968	-2.3222496240236663
159.000441	-2.3102930437075377
159.020044	-2.314476235225598
159.040052	-2.3346078705930795
159.06031	-2.367614424516275
159.08044	-2.4059768004316635
159.100419	-2.4398717037764768
159.120927	-2.461692191228411
159.140017	-2.469384835831844
159.160272	-2.4660731727687075
159.179991	-2.456751347266172
159.200002	-2.4452852976642734
159.220014	-2.4342168011047223
159.240008	-2.4267617465971183
159.260306	-2.427956821350557
159.280024	-2.442656800701839
159.299994	-2.4714603896504443
159.320007	-2.5083953574494564
159.339981	-2.5434421304324792
159.36031	-2.5690273295983936
159.380221	-2.5858024530418846
159.400061	-2.602930334344493
159.419967	-2.632114675721777
159.439978	-2.6795075412201337
159.460272	-2.741350748703695
159.479991	-2.8062716003384165
159.500159	-2.8620802885809495
159.519988	-2.901823738004073
159.539985	-2.9250746121240483
159.560282	-2.934591370394386
159.57997	-2.9319217059090734
159.599987	-2.915626573648357
159.619971	-2.8829257067622205
159.640119	-2.832558851866247
159.660304	-2.7660454188909163
159.680007	-2.686479899228945
159.699969	-2.5964331349476275
159.720221	-2.497171672438726
159.74001	-2.389892484371823
159.759982	-2.2775635407325843
159.780025	-2.165337757407142
159.79999	-2.0588465757047345
159.820043	-1.9616614172265814
159.839929	-1.8739792040636143
159.860022	-1.7935689616985384
159.879978	-1.7182013492300037
159.899982	-1.6478518161853108
159.920013	-1.5854818457833895
159.94003	-1.5363562195177045
159.959974	-1.5065319830100004
159.980079	-1.5009934767427304
160.000018	-1.521652538680858
160.020041	-1.5657226131809336
160.039989	-1.6255061631656915
160.060048	-1.6904322074742233
160.083323	-1.750850935172231
160.100439	-1.8015804809758442
160.119971	-1.8429873520344777
160.139998	-1.8790205150127257
160.160053	-1.9138359849628666
160.180262	-1.9495157253032425
160.200388	-1.9861291002399568
160.220048	-2.023189110106639
160.239998	-2.0605002420515075
160.260296	-2.0974278976126373
160.279989	-2.1316495182415545
160.300002	-2.1593125160467386
160.319989	-2.1772763509062627
160.339984	-2.1858630824628116
160.360004	-2.189558809585567
160.380218	-2.194538657311914
160.400041	-2.2045935369762963
160.42005	-2.218596188538341
160.44003	-2.2315461642048064
160.460018	-2.2383637311426616
160.479987	-2.237398894229977
160.500239	-2.230936123121491
160.52024	-2.2224636425660096
160.539989	-2.212969663101288
160.560086	-2.1990830315883674
160.579982	-2.1742771949817934
160.600015	-2.1321553643719824
160.619992	-2.069706668443605
160.640243	-1.9888790320069205
160.660274	-1.896058550979438
160.680124	-1.8000111811096553
160.700086	-1.709181860194952
160.720054	-1.6292463307037137
160.740006	-1.5617651012285212
160.760293	-1.5045451989940766
160.779984	-1.453634166552008
160.800295	-1.4059314840623678
160.819995	-1.360972712927585
160.840001	-1.3209705847968078
160.860002	-1.2894207092221626
160.879975	-1.2694970882416035
160.900022	-1.2632681841898221
160.920308	-1.2717832935208562
160.940035	-1.2952789822504651
160.960209	-1.3329073747442326
160.980215	-1.3822245997247034
160.999975	-1.4392124716911303
161.020029	-1.499235610929418
161.039996	-1.5584316669775413
161.061478	-1.6145587098171275
161.080317	-1.6668212926007735
161.100562	-1.71508245473313
161.120074	-1.759287815420724
161.140065	-1.7994751473155148
161.160031	-1.8359569080787959
161.179978	-1.8691302091098545
161.200086	-1.8989314295735265
161.220067	-1.9246280988847704
161.239971	-1.9455179133670655
161.260015	-1.962248083275025
161.279968	-1.977668936174792
161.299988	-1.9962995544289208
161.320013	-2.0225577863518436
161.34026	-2.0589680747659127
161.360869	-2.10561029606178
161.380864	-2.1610176884349936
161.400018	-2.2235347198891167
161.420032	-2.291843774685593
161.44004	-2.3642403715211744
161.460266	-2.437485357159889
161.480663	-2.5065581867856257
161.499993	-2.56593612746772
161.520051	-2.6117247156531262
161.540696	-2.643155040508927
161.560063	-2.6623046016308876
161.579986	-2.672163898939263
161.6	-2.6743554720565914
161.620088	-2.668038178648695
161.640059	-2.65063341785989
161.660001	-2.6197232677049813
161.680011	-2.574799568734143
161.700119	-2.517902059909185
161.720266	-2.4531371998614393
161.739992	-2.3856975105261404
161.760059	-2.3209008573779717
161.779963	-2.2632914140165705
161.800014	-2.2157927792624963
161.820024	-2.1792961417328396
161.840047	-2.1533757893834347
161.860227	-2.138212486258351
161.880193	-2.1365184471865644
161.899957	-2.1535969491695024
161.920092	-2.1946578825246505
161.939912	-2.260756990447069
161.960286	-2.346333485812257
161.979997	-2.440638955405022
161.999985	-2.532607072060385
162.020009	-2.6160643899757807
162.039993	-2.691834495029853
162.060339	-2.765525814553068
162.079994	-2.8428026032512954
162.099992	-2.9253907265983337
162.119977	-3.010159882403318
162.14011	-3.0913765374544435
162.159962	-3.164329822744565
162.180238	-3.2280665371137007
162.200077	-3.2857713587259667
162.220259	-3.3426789521130384
162.240049	-3.40271819421708
162.260106	-3.4658657530925674
162.280227	-3.5280042633322632
162.300299	-3.5837253271521576
162.319972	-3.6305006158713953
162.339972	-3.671312027377274
162.360028	-3.713435205859518
162.380244	-3.7636205370723115
162.400056	-3.822732496958002
162.419985	-3.8837609524858463
162.440009	-3.935053136411407
162.460095	-3.96696610788565
162.480207	-3.977615860195488
162.499983	-3.9739593638565296
162.519999	-3.9676717417066887
162.540003	-3.968719159862714
162.560302	-3.980710122129927
162.579994	-4.0004216169721225
162.599996	-4.020905683699413
162.619971	-4.035546015451246
162.639941	-4.040520171512135
162.66035	-4.034827661751295
162.679994	-4.018791623170843
162.699993	-3.9926474954467963
162.720213	-3.9562615087048387
162.739978	-3.9098681968441347
162.760385	-3.854863315475983
162.779984	-3.793653233087472
162.800206	-3.728415472472311
162.820027	-3.6597269443619074
162.839976	-3.586467288428366
162.86024	-3.5075759934969644
162.880253	-3.424561813342373
162.899982	-3.342511944646057
162.92024	-3.2680649122695398
162.939975	-3.205237212912593
162.960352	-3.152240320362164
162.979973	-3.1023225780613135
162.999974	-3.048795204469937
163.019971	-2.990884324037027
163.040162	-2.935893473748393
163.060123	-2.895601589141327
163.079969	-2.8790944015506432
163.099991	-2.8869412150848834
163.120206	-2.9106810516047465
163.139976	-2.937806820467099
163.160103	-2.9587866696267398
163.180226	-2.971674209930264
163.199973	-2.9818671014391755
163.219965	-2.9977829864657703
163.239951	-3.0255232503613882
163.260094	-3.0657527258545354
163.280227	-3.1143302513642883
163.299949	-3.1658432795351694
163.319976	-3.2175015260688387
163.339956	-3.270805045188512
163.360094	-3.330068578040637
163.380838	-3.399193674072826
163.400189	-3.47926862598532
163.419965	-3.5686906645553935
163.439993	-3.6651497535347595
163.460106	-3.767095395868936
163.481096	-3.8729339463972097
163.499978	-3.978639966533412
163.520028	-4.076508635919606
163.540322	-4.157187348465926
163.56039	-4.2142165087013685
163.580536	-4.247715623705245
163.600793	-4.2640148418677235
163.620225	-4.271142055536532
163.640084	-4.273429523883225
163.660185	-4.269200306572054
163.679965	-4.252935146730992
163.699983	-4.2198499292523595
163.719988	-4.16924849154152
163.740045	-4.104489532643177
163.760037	-4.030306443829368
163.779991	-3.9500542248162662
163.800203	-3.864993553680123
163.819974	-3.7756968093626972
163.839959	-3.6839398667250105
163.86005	-3.5932936169032326
163.879985	-3.507921330051873
163.899967	-3.430646642380537
163.920011	-3.361981813854141
163.940249	-3.301009934026368
163.960195	-3.2474967074085437
163.980229	-3.203546870190297
164.00023	-3.1733789673976602
164.020058	-3.161269969243111
164.039951	-3.169176464051267
164.060162	-3.1957771495730087
164.080249	-3.237471418955428
164.100425	-3.2902847353211686
164.120241	-3.3510960189038665
164.140823	-3.417537409221996
164.160087	-3.4872924466036115
164.180266	-3.55790521497688
164.199986	-3.6273976472931193
164.220221	-3.6948661338983633
164.239969	-3.76023487811349
164.26014	-3.823447531649645
164.280002	-3.884273785876416
164.300232	-3.9434590620763728
164.319985	-4.004241017124631
164.339996	-4.072164685107062
164.360111	-4.152119638000974
164.380225	-4.244168611315457
164.400051	-4.341647801651347
164.420225	-4.434053287528148
164.440006	-4.513558774452945
164.460165	-4.58058429562946
164.480208	-4.643834555261248
164.500151	-4.7141597763592324
164.520008	-4.796509418194115
164.539921	-4.885992462315782
164.560432	-4.970996417602793
164.579968	-5.040828677950513
164.599979	-5.091976697725455
164.619923	-5.1284900322500295
164.640049	-5.156850809349298
164.66025	-5.179879284250224
164.679963	-5.194388878345011
164.699959	-5.193797087737765
164.720218	-5.1729249743330366
164.740213	-5.13103858757287
164.760214	-5.071290624583457
164.77996	-4.997901988585317
164.79999	-4.913945410807848
164.82005	-4.8214843059724055
164.839973	-4.723445861726442
164.86038	-4.62506291274746
164.879959	-4.533233417747555
164.899953	-4.453957370513312
164.91995	-4.3896637553517195
164.939943	-4.338399061444487
164.960247	-4.29553869298891
164.979964	-4.256990436825631
165.000101	-4.221925639920334
165.019963	-4.193490942272653
165.039919	-4.177247569072339
165.060178	-4.178379411656327
165.079949	-4.199231244025709
165.100723	-4.238345384737278
165.120513	-4.291257216615337
165.140775	-4.3524261226128615
165.160125	-4.417207190101093
165.179953	-4.48285599411188
165.199961	-4.54818361585541
165.220203	-4.612385203233322
165.240694	-4.674205231259476
165.260705	-4.732400382749898
165.280959	-4.787296001059
165.299968	-4.841934501573427
165.319972	-4.901141993100783
165.340007	-4.968380611053468
165.360224	-5.042471182350559
165.379971	-5.117156539896775
165.399987	-5.184731645856854
165.419975	-5.241588612769718
165.439952	-5.291381350773294
165.460155	-5.342834227478449
165.479999	-5.403402977642548
165.499979	-5.473609820541971
165.519984	-5.546639709532942
165.539988	-5.613573072840725
165.560122	-5.669938169503167
165.580194	-5.7181636926574635
165.599961	-5.764040366139265
165.61997	-5.810393144225282
165.639985	-5.8533978372383135
165.660309	-5.884560954116208
165.679954	-5.896539713207008
165.69998	-5.8879832283739955
165.719993	-5.8637543633596
165.739978	-5.83089715168875
165.76006	-5.793973649213888
165.779962	-5.753303698781267
165.800217	-5.706805573151966
165.819986	-5.65319581038927
165.83997	-5.593707610409024
165.860162	-5.531252106602543
165.879966	-5.468255786231769
165.899977	-5.405251119373404
165.919975	-5.3412874227491
165.940209	-5.275564884428164
165.96093	-5.2088577698862215
165.980198	-5.1438410911993735
166.000247	-5.084516879702167
166.0202	-5.035488721389114
166.040215	-5.001417340143619
166.060173	-4.986297078034108
166.080213	-4.992160576269519
166.099956	-5.017581728494998
166.119968	-5.057161522609993
166.139931	-5.102991429498487
166.160305	-5.147770050618941
166.180207	-5.187798973048554
166.200051	-5.223840521843158
166.220025	-5.259232610480117
166.240203	-5.296710341889725
166.260294	-5.336370601559209
166.279983	-5.376205119762109
166.299974	-5.414365064130799
166.319982	-5.450730116451869
166.33998	-5.485981242998059
166.360393	-5.518846459207557
166.380086	-5.544385086313584
166.399952	-5.555903540551245
166.420205	-5.550113551327341
166.439955	-5.531743834266826
166.460663	-5.513175973646891
166.479982	-5.507922002338519
166.499963	-5.521758587168982
166.519972	-5.547917851236008
166.539974	-5.570354869952952
166.56017	-5.573288929573895
166.579971	-5.550440916676279
166.599961	-5.507643285347529
166.620253	-5.457528505291392
166.639948	-5.41072959442168
166.660154	-5.369928830143736
166.679961	-5.330094364350938
166.700207	-5.283329123956228
166.72071	-5.224015292467108
166.740514	-5.151050877127384
166.760819	-5.0671301177109696
166.779936	-4.977082298543597
166.799943	-4.8868370724112244
166.820025	-4.8028622815498165
166.839991	-4.731066058766084
166.86024	-4.674955709796243
166.879942	-4.634137253585558
166.899954	-4.604376736759839
166.919954	-4.5792467179969325
166.939901	-4.552180147733908
166.960539	-4.517867403501492
166.979993	-4.473077301102276
166.99999	-4.417700423938979
167.019974	-4.356107631522654
167.039966	-4.297529491721734
167.060236	-4.253878402607089
167.080208	-4.235068755645977
167.100008	-4.244206557181568
167.120091	-4.275783101742756
167.140042	-4.3182264416021425
167.160174	-4.359167909860132
167.17996	-4.390154396064919
167.199965	-4.408458934088294
167.219985	-4.41609294309723
167.240212	-4.417747676112799
167.260323	-4.419023030219864
167.279998	-4.424954337462648
167.299975	-4.438275696994588
167.319953	-4.457750835373023
167.339964	-4.478006210366092
167.360088	-4.491944786895007
167.379988	-4.494891552177617
167.399986	-4.487777469589701
167.419966	-4.476889040539198
167.439954	-4.470127027181843
167.460294	-4.472397470242561
167.479969	-4.483411473718687
167.500001	-4.499220791058809
167.519976	-4.515923256807793
167.539966	-4.5325619280152125
167.560296	-4.551292507596761
167.579957	-4.575246954505063
167.599979	-4.606124064678445
167.619986	-4.643200025783826
167.6402	-4.683853849148343
167.660336	-4.724484666602751
167.679957	-4.760876096708394
167.699958	-4.788210476503333
167.720009	-4.801702451730235
167.740052	-4.798358021451025
167.760372	-4.779066707555259
167.78021	-4.749377760257083
167.799973	-4.717824962815281
167.819991	-4.692311000798967
167.840209	-4.676579027043948
167.86001	-4.66894450381377
167.879972	-4.6640413896198085
167.899959	-4.656359853253506
167.92001	-4.643258375277807
167.939974	-4.625705498020339
167.960317	-4.606786312570465
167.980214	-4.589585958685787
168.000236	-4.576236130595159
168.019981	-4.568631519138655
168.040234	-4.5697401001909315
168.060292	-4.5838951364100975
168.079982	-4.615396477869357
168.099993	-4.6662811064798495
168.12007	-4.734916863395877
168.13997	-4.81643790022071
168.16004	-4.904631097301446
168.180004	-4.9939613606402515
168.199974	-5.080712102431083
168.219976	-5.16327328698617
168.24023	-5.2422831752276045
168.260213	-5.320901035018911
168.280141	-5.4044788482235715
168.300005	-5.498573905832715
168.319971	-5.605388780854487
168.339946	-5.720643725749263
168.359992	-5.833739611675784
168.379978	-5.932485646792858
168.399982	-6.010266225265207
168.420009	-6.070879816684555
168.440969	-6.12697988865453
168.460112	-6.192234548749429
168.479972	-6.272154484214534
168.499997	-6.360046414032028
168.52002	-6.441145040994154
168.540005	-6.502065485453995
168.560377	-6.538840714038597
168.580188	-6.558111215245149
168.600005	-6.5713098662380895
168.620029	-6.5866557665391054
168.640068	-6.604595198926836
168.659995	-6.618944329433393
168.679981	-6.621611981789409
168.699964	-6.606983078213576
168.720006	-6.573549497694396
168.739973	-6.523138063822678
168.760056	-6.459505936173206
168.780012	-6.387431768620209
168.800068	-6.31209743045165
168.820067	-6.2381434198499734
168.840014	-6.168563977100726
168.860017	-6.104374014438097
168.879978	-6.045631636225723
168.899969	-5.993142450608114
168.919989	-5.94929475802481
168.940015	-5.917029386213021
168.960504	-5.897583390330948
168.980212	-5.888946512214811
169.000026	-5.886653470116287
169.020274	-5.886753652094299
169.039947	-5.888976840733817
169.059999	-5.897728167068494
169.079953	-5.920012028743388
169.099998	-5.961536585493894
169.120038	-6.023458956585442
169.139996	-6.1016316177242365
169.160019	-6.188407886017346
169.179973	-6.275482051542194
169.200216	-6.356095084487757
169.220022	-6.42601420347038
169.240091	-6.483834132618267
169.260037	-6.53129315118996
169.279956	-6.573362568224139
169.300079	-6.617025548522613
169.320003	-6.668143983047313
169.339978	-6.727594366383483
169.360003	-6.789448870736189
169.379959	-6.843537806566155
169.400002	-6.881865611997996
169.420401	-6.904960708404869
169.439934	-6.923263858185378
169.46002	-6.951578178223786
169.479965	-6.999686382914186
169.499989	-7.065589884394606
169.519973	-7.136433980770179
169.539983	-7.19671383855925
169.560006	-7.237943857863955
169.579974	-7.262902866980399
169.599979	-7.281741721031197
169.620227	-7.303320577027188
169.639971	-7.328381553256015
169.660003	-7.3492339314229955
169.679965	-7.355410352520191
169.699975	-7.340523617997661
169.719982	-7.30540612874767
169.739958	-7.256132864601231
169.759982	-7.199513432533024
169.78033	-7.139902732195318
169.799966	-7.079188851074146
169.820017	-7.018722728335751
169.839979	-6.960563163165004
169.860466	-6.906721198351539
169.880197	-6.8575441512297886
169.899982	-6.811486052553958
169.919966	-6.767138444542667
169.939967	-6.725904381248193
169.959974	-6.6925801064213015
169.979959	-6.672692009686891
169.999994	-6.668416624605229
170.020204	-6.676539226611455
170.039925	-6.690509400573614
170.06044	-6.705275610620347
170.080382	-6.721141195939753
170.100651	-6.7435213252589215
170.120035	-6.77870428713122
170.140082	-6.8288469617835075
170.160008	-6.889933617532702
170.180016	-6.954080229081408
170.200031	-7.014315857165831
170.219983	-7.06838031025007
170.239996	-7.119097031668168
170.260363	-7.171515065160367
170.279974	-7.229190114570692
170.300298	-7.292238241374943
170.320026	-7.358167408490533
170.340242	-7.424362264832275
170.360248	-7.490047560467203
170.379961	-7.556280265479491
170.399995	-7.624309433066425
170.419952	-7.693964505984144
170.440027	-7.763534178391092
170.460078	-7.831092023207088
170.479987	-7.8958338015796095
170.500255	-7.957986910618386
170.520052	-8.017272655396589
170.540294	-8.07140851084839
170.559974	-8.116299396512984
170.580004	-8.14815288626756
170.599984	-8.165994177324112
170.619963	-8.17255144899464
170.639984	-8.172708220132305
170.660947	-8.170644611306237
170.679977	-8.167773109511359
170.69996	-8.16285679803628
170.720001	-8.153975800576745
170.740265	-8.140698764776925
170.76059	-8.124900844714038
170.780039	-8.10982442295058
170.799958	-8.098234472515436
170.820028	-8.09093077501205
170.840027	-8.086424315612966
170.859942	-8.081786156674704
170.880088	-8.074098637015426
170.900039	-8.0617806181765
170.919986	-8.045203901322886
170.940202	-8.02638436270608
170.959998	-8.007993751361344
170.980242	-7.9923100122318145
171.000268	-7.980677849942276
171.019959	-7.973522713322571
171.039953	-7.970386900098567
171.060004	-7.969486237585788
171.080218	-7.967067988849173
171.099965	-7.95764203888554
171.119995	-7.935935528939623
171.13999	-7.899987311817815
171.159998	-7.853312014230477
171.179955	-7.804097137322249
171.199961	-7.761356336444768
171.220017	-7.730407782785296
171.240002	-7.710813289384896
171.260392	-7.698150639896953
171.280247	-7.6880553499377715
171.300091	-7.679346968044192
171.320053	-7.6740442820919
171.340187	-7.674700250682791
171.359996	-7.681464855987633
171.379962	-7.691097969045863
171.399964	-7.698326843537619
171.420019	-7.6982407526768615
171.440023	-7.688111935243571
171.460509	-7.667908199727659
171.481074	-7.639725283929391
171.500577	-7.606648320781902
171.520806	-7.57137729223619
171.540881	-7.534984491552964
171.559959	-7.4964650032050155
171.580112	-7.453716557982698
171.60051	-7.405804402754076
171.620743	-7.355139677595477
171.640827	-7.30773555440117
171.659994	-7.270821196399209
171.679972	-7.249184512019494
171.700212	-7.242985598273888
171.720219	-7.248975531856269
171.739963	-7.264376795195375
171.760466	-7.29026875724574
171.779994	-7.331373381951639
171.800009	-7.391957413685785
171.819991	-7.470959777895537
171.839937	-7.5604544633286315
171.860129	-7.649088697018657
171.88005	-7.728099566263755
171.900027	-7.795348426595991
171.919979	-7.854413992669903
171.940247	-7.909806134809894
171.959986	-7.962344541255751
171.98001	-8.008250765376731
172.000002	-8.042155119586626
172.02006	-8.06107351559704
172.040016	-8.06607370457348
172.060094	-8.060726853521793
172.080245	-8.048188179466697
172.10055	-8.029492359012728
172.120026	-8.004103564878632
172.139984	-7.9716434065872255
172.160038	-7.932954730474338
172.179989	-7.889634807218311
172.200159	-7.842721241669791
172.219977	-7.791896584635159
172.240236	-7.735933515762261
172.260437	-7.673977557067229
172.280064	-7.6066555592503775
172.300302	-7.536282278515864
172.320274	-7.4662422081099855
172.341453	-7.400159602522761
172.360054	-7.341364078885055
172.380012	-7.292670912018893
172.400277	-7.256130706305415
172.419934	-7.232522314489091
172.439983	-7.220830823995513
172.460336	-7.218243276782887
172.479987	-7.220960023066755
172.500028	-7.225451624421727
172.520248	-7.229338927086984
172.539963	-7.231316395876559
172.560003	-7.230357229794848
172.580004	-7.225133485898936
172.600061	-7.214412391130534
172.620105	-7.198250114466015
172.640304	-7.178919194996343
172.660026	-7.160560330918387
172.680231	-7.147552152933252
172.700048	-7.142688744347364
172.719965	-7.1464090586849265
172.740215	-7.1574130965164535
172.759993	-7.17390292736313
172.779947	-7.194368544453141
172.800505	-7.217544170458362
172.820041	-7.242089866642897
172.840261	-7.266792419816473
172.860034	-7.291403095892319
172.879948	-7.317368011263752
172.900746	-7.34755167767346
172.920647	-7.384798230729484
172.940751	-7.43018008663906
172.960012	-7.482103665215969
172.980013	-7.536805782778985
172.999998	-7.589734374818787
173.020216	-7.636789188124296
173.039935	-7.674792303000984
173.060057	-7.701411905042955
173.079961	-7.715213764179261
173.099995	-7.716136558380618
173.11997	-7.705943613032342
173.140131	-7.6879295987973535
173.160032	-7.665744412485925
173.180051	-7.642065165981761
173.199974	-7.6180958670242305
173.220028	-7.594162835439281
173.240062	-7.570697487176846
173.26002	-7.548651207371177
173.279971	-7.529083942677931
173.299964	-7.512563457531881
173.31997	-7.499103333959928
173.33998	-7.488611876117727
173.359994	-7.481132268290298
173.379977	-7.4764137805039335
173.399985	-7.473325853105794
173.419966	-7.470177965402976
173.439977	-7.466308769570557
173.45999	-7.463868716028264
173.479977	-7.468025993681935
173.499985	-7.48477018024723
173.519954	-7.517447584360245
173.539955	-7.56440773719687
173.560719	-7.619508066413262
173.579952	-7.675176077266309
173.599976	-7.7259181281871605
173.619983	-7.7700802403310565
173.639951	-7.8091960669982745
173.659993	-7.846036392392698
173.67996	-7.883093410226975
173.699993	-7.922302203185968
173.71999	-7.965380914588606
173.740055	-8.01360752422086
173.760036	-8.06669339874207
173.779963	-8.121802342614004
173.799984	-8.174257958599703
173.819969	-8.220312163281248
173.840027	-8.260342931444582
173.860244	-8.299825729007631
173.879968	-8.34660918901791
173.899986	-8.405822642634787
173.920024	-8.475899850665844
173.940015	-8.548769969895902
173.960004	-8.614316951021088
173.98	-8.665992833288612
173.999967	-8.70361882302993
174.020072	-8.73162938352912
174.040033	-8.754494711223595
174.059999	-8.772984930749558
174.08024	-8.783914301890517
174.099972	-8.78303856445406
174.119971	-8.768404548928956
174.139964	-8.741459742752763
174.160037	-8.705374329851427
174.180228	-8.66239935904951
174.200204	-8.612717545488804
174.220137	-8.555755351347416
174.239933	-8.492633615595137
174.260002	-8.427324964502391
174.279963	-8.365122971713424
174.299989	-8.309444702133094
174.320024	-8.259678952511534
174.339966	-8.212236164265555
174.360202	-8.164363577923211
174.380076	-8.117724723006658
174.400011	-8.078550183118875
174.420191	-8.053757301273537
174.439991	-8.045843157564109
174.460265	-8.050661813280259
174.479962	-8.060105516076781
174.499972	-8.06780754491444
174.520039	-8.07350625813333
174.539985	-8.082755236335805
174.560196	-8.102344787304759
174.579953	-8.135042513582679
174.599965	-8.17747484596095
174.620709	-8.222258388675616
174.640564	-8.262290141508
174.659973	-8.293987045381236
174.680457	-8.317713179004537
174.700684	-8.336005339163167
174.719974	-8.351467806335174
174.739961	-8.365706295035322
174.759993	-8.379381699407784
174.779968	-8.392662146870455
174.799962	-8.405460934062026
174.820011	-8.41733662477905
174.840215	-8.427219575519253
174.860277	-8.433200399814721
174.880003	-8.43273640724747
174.900225	-8.42369602801491
174.920017	-8.406216450011987
174.940236	-8.38437517079538
174.96002	-8.366009766416349
174.980008	-8.359751287452744
175.000002	-8.370427717064194
175.020027	-8.395835205334679
175.039979	-8.427576228851397
175.060051	-8.45592461195448
175.079979	-8.475515663992343
175.100012	-8.487779467713779
175.119974	-8.49839520693615
175.139969	-8.511818422431885
175.159997	-8.527073740471602
175.180228	-8.537823275535171
175.200013	-8.536349491500378
175.220096	-8.518306942822795
175.240285	-8.48492602659337
175.25997	-8.441580706867967
175.280055	-8.39427297422617
175.300046	-8.346708018264636
175.319991	-8.299741739315724
175.340043	-8.253032218014845
175.360284	-8.207183976723398
175.379972	-8.164518740033662
175.400222	-8.127799928577783
175.420018	-8.097918912836008
175.440239	-8.072499835150978
175.460022	-8.046811217564704
175.480005	-8.016625567306376
175.499981	-7.981025020406152
175.519973	-7.94301961965384
175.539942	-7.907483779965552
175.560041	-7.878053268384288
175.579976	-7.855444281421077
175.600001	-7.838398207360486
175.620041	-7.8261868221961315
175.640003	-7.820306165211229
175.660008	-7.823785287041475
175.680005	-7.83867859701125
175.700216	-7.863890149877282
175.71999	-7.8951555248872305
175.740215	-7.927167696916435
175.75998	-7.956157497689995
175.779969	-7.981104895771995
175.79996	-8.003109368509453
175.819987	-8.023972090594096
175.840218	-8.045388768380796
175.860001	-8.06916174106991
175.879961	-8.097551281018319
175.899972	-8.132606576188962
175.920017	-8.174394778329923
175.939976	-8.219529649079345
175.95999	-8.26179364329084
175.980009	-8.29527948752998
175.999958	-8.318270686426613
176.020234	-8.33492854661822
176.040463	-8.353035963422048
176.059968	-8.378941263358753
176.079961	-8.413201366215048
176.100259	-8.45016423610323
176.119965	-8.481861097120785
176.140738	-8.503336610805002
176.16076	-8.515482377338046
176.180916	-8.523458047526486
176.199951	-8.532156119315971
176.219974	-8.542196131680612
176.23999	-8.549199538108086
176.260217	-8.54643864324149
176.2809	-8.528628792532052
176.299955	-8.494247516445553
176.319965	-8.445290360013882
176.339987	-8.38529973215853
176.359989	-8.317439945220714
176.379971	-8.243876308339257
176.400206	-8.166437264808614
176.419993	-8.087551835931302
176.439929	-8.010411117024116
176.460321	-7.9381117133873556
176.47997	-7.872476642094305
176.500222	-7.813540779190971
176.519988	-7.760096483401061
176.540279	-7.710781103512046
176.560011	-7.664804191173586
176.580056	-7.62196155730701
176.600059	-7.582471379146963
176.620288	-7.547364281252192
176.63994	-7.519325419144922
176.660224	-7.502831074741718
176.679975	-7.502489070713306
176.699964	-7.519976438593686
176.72024	-7.5516452955806805
176.740214	-7.588997820145758
176.759989	-7.622297761406136
176.779981	-7.645105388194129
176.799952	-7.656686299445505
176.820003	-7.660893209786141
176.840183	-7.662839253577193
176.859981	-7.666160387525286
176.879987	-7.672618565904202
176.899955	-7.683403655542938
176.919965	-7.700001576056666
176.939976	-7.72325357678233
176.959946	-7.751429023556475
176.980426	-7.7795832124817785
177.000041	-7.801695798345574
177.02001	-7.814620550415292
177.039981	-7.820918509688989
177.059955	-7.828021122470987
177.079997	-7.843797613985227
177.10007	-7.8714177342045
177.119997	-7.907094082538481
177.14	-7.942245063108303
177.159982	-7.96842994562769
177.179969	-7.981575274017935
177.199992	-7.982864654064554
177.219972	-7.976312357847421
177.239983	-7.96530832191269
177.259994	-7.950659673787629
177.279977	-7.931046846606033
177.299983	-7.904920876823911
177.319951	-7.872146967529475
177.340022	-7.8343690335265
177.360001	-7.794240768085444
177.379968	-7.754339191739652
177.400207	-7.716468369292022
177.419965	-7.681555383069475
177.439978	-7.649938737642291
177.460005	-7.621745588294955
177.479994	-7.597134097444602
177.500001	-7.576293831965681
177.519974	-7.559222994003767
177.539944	-7.5454063983732595
177.559983	-7.53358153136728
177.579975	-7.521772859655137
177.600298	-7.507703806988632
177.620053	-7.48958600643794
177.64004	-7.467109009379009
177.659992	-7.4422243098176155
177.680007	-7.419170228597894
177.700003	-7.403365269936264
177.719985	-7.399371252447979
177.739975	-7.408827070309259
177.759968	-7.429511712544176
177.779965	-7.456172739529325
177.799974	-7.482712616145377
177.82001	-7.504484589764284
177.839965	-7.519480565080323
177.860315	-7.528072832456921
177.879963	-7.531980670566522
177.900275	-7.533437120494155
177.919978	-7.53494148305896
177.940308	-7.539125583254204
177.960861	-7.5480433373839535
177.979952	-7.561925317374318
178.000207	-7.5784357924690315
178.020154	-7.593621457712135
178.040557	-7.6045801073020405
178.061146	-7.612212278253063
178.079945	-7.621764603358438
178.099965	-7.640160807563918
178.12023	-7.6715323520877154
178.140477	-7.714016212751509
178.160781	-7.760255729386245
178.180001	-7.801411014131476
178.200251	-7.831928869844217
178.221043	-7.851809978471157
178.23998	-7.865037383684799
178.259986	-7.875620824220164
178.280206	-7.884215837549302
178.299987	-7.887549307996196
178.320019	-7.880719437656672
178.340223	-7.860524114815149
178.35999	-7.827561696731785
178.380197	-7.785941034904859
178.399999	-7.741041087949831
178.419969	-7.696866831795493
178.440249	-7.654616869867361
178.459977	-7.613222832210823
178.479951	-7.571378278124999
178.499969	-7.529591436121272
178.519997	-7.490705281938747
178.540033	-7.458320071332809
178.560234	-7.434106757003796
178.579958	-7.416013838546204
178.599979	-7.398942559310238
178.62004	-7.377677542777689
178.640056	-7.3500335965213175
178.659984	-7.31784517658532
178.679961	-7.285017075364903
178.700011	-7.254200479672988
178.72004	-7.224802182531696
178.74002	-7.193962265565388
178.760226	-7.159694084328011
178.780183	-7.123597694594761
178.799971	-7.090891770379704
178.820055	-7.06766932183602
178.840035	-7.057403194017032
178.860015	-7.059146549553705
178.88002	-7.068427541641747
178.900081	-7.079801985230324
178.920051	-7.089084951175166
178.939955	-7.093983495552355
178.959989	-7.093412406885458
178.980101	-7.086830140401597
178.999968	-7.0745973071985
179.020034	-7.059039172425808
179.040053	-7.044834125965574
179.059999	-7.0375933303704
179.079957	-7.04101320292686
179.099958	-7.054550059178904
179.121078	-7.073680584449351
179.140265	-7.0930964068299245
179.160247	-7.110808944055381
179.179977	-7.130102277244248
179.200067	-7.157649654378812
179.220047	-7.198967177261351
179.240024	-7.254484510613569
179.260131	-7.319070866677227
179.279974	-7.3851979680914495
179.299961	-7.447224912746353
179.320004	-7.503719144528126
179.340202	-7.556573127849271
179.360039	-7.60822772717252
179.380292	-7.659434953661081
179.399995	-7.709000732085714
179.419955	-7.755030151924227
179.439978	-7.796109220801259
179.460025	-7.8313628150210475
179.480191	-7.859685489840746
179.499965	-7.879255142142434
179.519987	-7.8880586925299765
179.539971	-7.885059360084035
179.560233	-7.870922715205638
179.579955	-7.847530508188333
179.600203	-7.816560468514523
179.619976	-7.778289762654089
179.639955	-7.731726434845721
179.659998	-7.676157364354057
179.680173	-7.6129747074520715
179.699974	-7.546199089882095
179.720201	-7.480931507648009
179.740247	-7.420572463803654
179.760232	-7.364835249089607
179.7806	-7.310295567500507
179.799965	-7.253464122212595
179.820025	-7.19437841282783
179.839969	-7.138068610166895
179.860051	-7.092612077215219
179.880656	-7.0648914529849725
179.899977	-7.056826316231502
179.920019	-7.064477134485256
179.94016	-7.0803522393233855
179.960303	-7.097126220979292
179.980441	-7.110364650941631
180.000504	-7.11900581848161
180.02083	-7.1241513795342835
180.040233	-7.127652487517715
180.060044	-7.131487829410811
180.080255	-7.137713971541654
180.099978	-7.148109395630623
180.119994	-7.1631531807425075
180.139996	-7.18110440460733
180.160253	-7.198435921537784
180.180785	-7.21198061061355
180.201004	-7.22149831991838
180.219992	-7.230473779717049
180.24031	-7.243939891200997
180.260024	-7.264451949414546
180.28001	-7.289180379870932
180.300071	-7.31068931792561
180.320011	-7.32131341584761
180.340095	-7.318190940265326
180.360076	-7.3052523556426925
180.380104	-7.290587912212079
180.400011	-7.281004256261958
180.420001	-7.277588960126236
180.440046	-7.275221503099333
180.459948	-7.266024034030692
180.480071	-7.244092530667195
180.499983	-7.208387252372068
180.519981	-7.162418846779775
180.539931	-7.111676533763491
180.560022	-7.060890770843357
180.579997	-7.012675650164931
180.600058	-6.967703656404445
180.620054	-6.92557159660672
180.640314	-6.885474348353394
180.659981	-6.846412120102712
180.679968	-6.807197964108504
180.699969	-6.766592561312716
180.719965	-6.723585695615267
180.739982	-6.6775943720335835
180.760319	-6.628397302565367
180.779961	-6.575941279573235
180.800254	-6.520367026811134
180.819995	-6.462456116678689
180.839932	-6.4042296947694854
180.86025	-6.349025845180594
180.879966	-6.300551742511069
180.9001	-6.261136334900648
180.920031	-6.230273442720012
180.940024	-6.204683151602827
180.959952	-6.180238917661206
180.980048	-6.154712721795274
181.000061	-6.12952762489502
181.019971	-6.1093168077529585
181.039924	-6.099642808470831
181.060302	-6.1045268965592125
181.079954	-6.125371238669009
181.09997	-6.161579769613205
181.119989	-6.211861764572959
181.140239	-6.274954189553264
181.160009	-6.349356813650359
181.179984	-6.432725892731251
181.200278	-6.52185532941466
181.220305	-6.613565855547234
181.239976	-6.705980879562026
181.260111	-6.799316204346541
181.279979	-6.895583982048014
181.300019	-6.997182762890126
181.320289	-7.104930194377567
181.341083	-7.2165369739388305
181.360208	-7.32661611768712
181.380069	-7.428750937695628
181.400028	-7.518923222881994
181.41997	-7.598361022052651
181.43994	-7.6736560189729515
181.46002	-7.7534924953295565
181.479959	-7.84364815442165
181.49998	-7.943421686295382
181.520238	-8.045935505652547
181.539989	-8.14223450074562
181.560239	-8.226531741458437
181.579973	-8.299277108717202
181.599969	-8.366378598432615
181.62003	-8.435495998409953
181.639985	-8.511992264400657
181.660033	-8.596827497281474
181.680017	-8.687015780591778
181.700342	-8.777655627650534
181.720024	-8.864036941614271
181.739952	-8.942883480015109
181.759959	-9.012627112418201
181.779948	-9.073048391357363
181.799953	-9.124631401648491
181.819974	-9.16784921101618
181.840027	-9.202628930813992
181.860197	-9.22827638814285
181.879935	-9.243903883803247
181.899956	-9.248989924654852
181.919975	-9.243513733832838
181.94	-9.227469879414029
181.960002	-9.200246028700453
181.97999	-9.160651557674347
182.000158	-9.107928560107265
182.02022	-9.0431103399894
182.039962	-8.969538406986207
182.060028	-8.891817132920261
182.07997	-8.813747888791267
182.100968	-8.736727993203651
182.120448	-8.659925382999013
182.140965	-8.582216600837304
182.160038	-8.504435675446231
182.180668	-8.430153542357571
182.201203	-8.364298565983677
182.220098	-8.310623318753796
182.240048	-8.269894411345184
182.260311	-8.240125091017012
182.279978	-8.218562383049953
182.300251	-8.203848498754981
182.320024	-8.196805889940572
182.34027	-8.19946564010567
182.360047	-8.213271163493664
182.379959	-8.237843225520502
182.399964	-8.271055081201457
182.419993	-8.310131249362684
182.439975	-8.352839160172525
182.46004	-8.3980059637585
182.480266	-8.445260216283673
182.499971	-8.494499753799579
182.519993	-8.545692154209439
182.540035	-8.599219349964082
182.560254	-8.656368581047499
182.579968	-8.719258408514106
182.600063	-8.789798793625597
182.619986	-8.868132048031406
182.639996	-8.951761349739767
182.660075	-9.036464667949776
182.680003	-9.118890646202114
182.69996	-9.199175046110815
182.719984	-9.281398658195338
182.739992	-9.370968231944893
182.760251	-9.470380862779932
182.779967	-9.576384108591533
182.79996	-9.680825542566042
182.820038	-9.774789281721
182.840018	-9.853068527905227
182.860016	-9.915746812779062
182.880044	-9.965956857931475
182.90001	-10.005858115787081
182.920076	-10.03408004565783
182.940176	-10.046441578771535
182.960093	-10.038978189260655
182.979982	-10.010636835989896
183.000043	-9.963643294295343
183.020076	-9.901677402844525
183.040081	-9.827770716535468
183.060397	-9.74380294095691
183.079998	-9.6519271854157
183.099987	-9.556558075938991
183.120206	-9.465026663943918
183.140033	-9.385949763657054
183.160296	-9.325983766820633
183.179992	-9.286868658217806
183.199985	-9.26465906287099
183.220024	-9.251807845334039
183.240041	-9.241025248005664
183.260127	-9.228703103812192
183.279978	-9.215965670999745
183.300005	-9.20694971274505
183.320079	-9.205720147604454
183.340054	-9.21399898889613
183.360246	-9.231083888546358
183.379985	-9.255588251956448
183.399989	-9.287312570561314
183.420005	-9.327647664955041
183.439997	-9.378257131925126
183.459982	-9.439221141934574
183.479945	-9.50821232011253
183.500225	-9.581355082348583
183.520097	-9.65506835651788
183.539981	-9.727505646923651
183.560169	-9.798693839215089
183.579996	-9.86961892523664
183.599985	-9.94122976229094
183.620057	-10.014059349535826
183.640275	-10.088261030060409
183.660036	-10.163336365932075
183.679999	-10.237354314627938
183.700096	-10.306547044011381
183.720042	-10.366533492633868
183.740075	-10.415261190271929
183.760439	-10.45579202013274
183.779974	-10.49619305380349
183.800316	-10.545418512124163
183.819986	-10.60730386999593
183.840024	-10.677021581095476
183.860132	-10.74322095110744
183.879987	-10.794938833789248
183.899982	-10.828531910508515
183.920236	-10.849545724832346
183.940028	-10.868188500685338
183.960244	-10.891889827633614
183.980058	-10.92033382831598
184.000085	-10.94599406635876
184.020064	-10.958832699926049
184.04024	-10.95116293200438
184.059971	-10.919633963993894
184.080142	-10.864351774169567
184.100004	-10.787290302606769
184.120005	-10.691696093950409
184.13999	-10.58222077264106
184.160193	-10.464406722179481
184.180112	-10.343014656680454
184.19997	-10.22040342837645
184.219974	-10.096689613871016
184.240064	-9.97200716210345
184.260267	-9.849150135538522
184.280002	-9.734288620102545
184.300071	-9.634988429585533
184.320005	-9.557053711478973
184.340074	-9.50268182951426
184.360158	-9.471199112877871
184.380215	-9.461378151648692
184.400032	-9.473064383261006
184.420103	-9.506619517027877
184.440015	-9.560739517084265
184.460127	-9.63066238751632
184.480014	-9.708441166731024
184.49997	-9.785216297046547
184.520051	-9.853926702959594
184.540238	-9.910829720490074
184.560168	-9.955474731138716
184.579973	-9.990014657652909
184.600209	-10.018737236871562
184.619957	-10.047651990514638
184.639956	-10.083159895588569
184.660089	-10.129432441632371
184.679966	-10.185828841709625
184.699983	-10.246676117503354
184.719966	-10.304576679206265
184.74016	-10.355565561854233
184.760358	-10.402297855979548
184.780532	-10.452322063798057
184.799963	-10.51217249975358
184.820072	-10.581621063991065
184.84002	-10.652670146759135
184.860012	-10.714246157548411
184.879956	-10.758974366289948
184.899976	-10.786771908652405
184.91997	-10.802757705312876
184.939984	-10.81166307374053
184.959979	-10.813511036625027
184.980112	-10.803750415382689
185.000103	-10.777024976425306
185.019971	-10.730975229809893
185.039935	-10.667149532708224
185.060208	-10.589125806162363
185.079955	-10.500286946789538
185.100004	-10.403351630512777
185.120221	-10.301498547126116
185.139989	-10.199233473047489
185.160202	-10.101645557630203
185.179975	-10.012659845441023
185.200266	-9.93411522590272
185.219964	-9.866658232947682
185.240033	-9.811414875883845
185.260304	-9.770357053345446
185.279979	-9.744486169477739
185.300379	-9.73136358919559
185.320012	-9.724768087049716
185.340131	-9.717804949392463
185.360126	-9.707689895551134
185.379965	-9.698442584754506
185.40079	-9.698872890573469
185.419984	-9.716881861128668
185.439993	-9.754150071557552
185.459992	-9.805115002136658
185.479968	-9.860742486993967
185.500203	-9.913862092669568
185.520087	-9.96193891240138
185.540055	-10.005772152613373
185.560225	-10.046264215853673
185.579972	-10.082807139400263
185.600026	-10.114800332430718
185.620234	-10.144334685337725
185.63999	-10.176598241838002
185.660014	-10.216620583393654
185.679985	-10.264791449927053
185.700418	-10.31548249773738
185.720048	-10.360907539793232
185.739977	-10.397682287046475
185.760202	-10.430521027719704
185.779983	-10.46923081335642
185.800101	-10.520635034304101
185.820303	-10.581682844165485
185.840216	-10.639610083466067
185.860023	-10.679596813678963
185.88	-10.694288277606539
185.900052	-10.68797711918967
185.920001	-10.672507315106445
185.940051	-10.658424705166459
185.960262	-10.648198904493647
185.980022	-10.636015365758492
186.00004	-10.613109701778312
186.020266	-10.573727146211475
186.040279	-10.51746418152583
186.06002	-10.447640570455473
186.07999	-10.368563226320425
186.100003	-10.284426580458648
186.120354	-10.199926560221371
186.139984	-10.120554096174178
186.160031	-10.051046954814215
186.180001	-9.992875297696763
186.200062	-9.943231919171701
186.219991	-9.896988605970597
186.240129	-9.850430765179807
186.259977	-9.803843289500643
186.27999	-9.760934095824773
186.300049	-9.725809859758927
186.320133	-9.700215723045726
186.340003	-9.68324645364838
186.360051	-9.673334041420215
186.379969	-9.670336690055274
186.400023	-9.67574126757299
186.419963	-9.690971426645236
186.439997	-9.715541665170003
186.459974	-9.746732527812357
186.479954	-9.780840190963897
186.499977	-9.814601586915659
186.520036	-9.845569979862702
186.540021	-9.871652372735728
186.560872	-9.891121161735315
186.580546	-9.903908812155796
186.600809	-9.913288598833196
186.620068	-9.92590511741687
186.640105	-9.948982761986857
186.659994	-9.985968130734204
186.679968	-10.033774769351734
186.700041	-10.084248411775901
186.719997	-10.129460082065409
186.740024	-10.167242848581434
186.75998	-10.202708579608014
186.779956	-10.24421646754843
186.799969	-10.296465742487507
186.81996	-10.355762514980338
186.839932	-10.411055966498438
186.860333	-10.450086437962792
186.879976	-10.466226075201936
186.899989	-10.461261108452874
186.919967	-10.44258330957698
186.939968	-10.417351559138407
186.959939	-10.387989353914175
186.980082	-10.35173850717953
187.000013	-10.30363312573962
187.020012	-10.240018657530552
187.039996	-10.160158604491794
187.060247	-10.065674814054766
187.079981	-9.959355546997115
187.100031	-9.844797642737934
187.119999	-9.726884866578988
187.140231	-9.611920109961435
187.160333	-9.506497878280145
187.179975	-9.415550560469011
187.200196	-9.340976627076799
187.219989	-9.281877062241387
187.240299	-9.236056984542353
187.260346	-9.20144519824208
187.280186	-9.176403944708971
187.299964	-9.159153493165105
187.320019	-9.14747337447579
187.340082	-9.139503481572149
187.360024	-9.13521838333912
187.379957	-9.137202567241081
187.399974	-9.149689467810427
187.420221	-9.176174789779271
187.439974	-9.217081460033087
187.4604	-9.268945728902969
187.479975	-9.325499821223115
187.499978	-9.379828055104438
187.520225	-9.426409807690314
187.539986	-9.462388964216808
187.560309	-9.48805270890762
187.579951	-9.506713701137656
187.599975	-9.523924066669558
187.620045	-9.545866478205948
187.640013	-9.577190460189797
187.660037	-9.619203013110132
187.679961	-9.669514171076191
187.699959	-9.723576373337565
187.719971	-9.777412631638226
187.739946	-9.829989833196297
187.760414	-9.883805116045727
187.77995	-9.943235445621978
187.799944	-10.011512363043275
187.819953	-10.087988128340683
187.839968	-10.167247285054039
187.860217	-10.240667010892569
187.88016	-10.2996921436123
187.900238	-10.3391624246709
187.919987	-10.358963281887961
187.940288	-10.363186379347043
187.959988	-10.357321977981012
187.980214	-10.345050057457117
188.000244	-10.326346098251609
188.020281	-10.297828039044633
188.03995	-10.255044181401958
188.059966	-10.19539756615597
188.079961	-10.120181506699462
188.099964	-10.034753360897652
188.119975	-9.946874227787566
188.139929	-9.86410041485473
188.159978	-9.791445325956582
188.179974	-9.730264864355972
188.200078	-9.678730884182384
188.220032	-9.633615961896266
188.240054	-9.592614249497972
188.260079	-9.556185987798484
188.280247	-9.527963674789158
188.29998	-9.513319567970221
188.319993	-9.51664006004275
188.339981	-9.538741258341027
188.359976	-9.576029582398629
188.379985	-9.622081105981124
188.400277	-9.670793707084359
188.420231	-9.71918028348232
188.440006	-9.768103790916797
188.460565	-9.820659532499096
188.4802	-9.879467296354429
188.500035	-9.944631716365333
188.519957	-10.01340635545986
188.540011	-10.081363427443701
188.559982	-10.144136145111814
188.580092	-10.198971998413173
188.600248	-10.245785057708803
188.620011	-10.287517443213222
188.64039	-10.329382669669291
188.660894	-10.376693166674515
188.680782	-10.431903956650252
188.700981	-10.492664011121223
188.719998	-10.552741263571034
188.740267	-10.605974136458544
188.760517	-10.650886876389418
188.780227	-10.692450889882686
188.80004	-10.739151482570346
188.820061	-10.797048652806987
188.840045	-10.865143389476515
188.859987	-10.935665334868336
188.88019	-10.999172271139726
188.900232	-11.050566691727115
188.919984	-11.091452534810681
188.940016	-11.12725417863555
188.959978	-11.161665766192579
188.980003	-11.19289770448876
189.00025	-11.214399065456414
189.01998	-11.218997608592705
189.040009	-11.202888384532645
189.059988	-11.16654037510769
189.079976	-11.112513464912197
189.100279	-11.042716288815297
189.120213	-10.957728710785016
189.140034	-10.858627429718053
189.160396	-10.749389845668157
189.179961	-10.637452843042219
189.200044	-10.531674189801311
189.22001	-10.439151087499583
189.240245	-10.36318175791659
189.260375	-10.303514885794192
189.279988	-10.258111515555726
189.300031	-10.224718418739378
189.31999	-10.201287105677531
189.339952	-10.185725134931419
189.36005	-10.176078170756288
189.379955	-10.171471453207802
189.400039	-10.172908728441408
189.42001	-10.182767668176947
189.439991	-10.202918856911898
189.459988	-10.2327776033465
189.480207	-10.268825609797767
189.499955	-10.305947512467664
189.519973	-10.339467291248715
189.539972	-10.366416763577393
189.559955	-10.38556987061282
189.579989	-10.39700669291072
189.599987	-10.402179158582173
189.620288	-10.404467803528108
189.640371	-10.409217841884855
189.659994	-10.422385944086253
189.680008	-10.44822840189857
189.700238	-10.487677674687687
189.720058	-10.538882000484884
189.739978	-10.59972309855033
189.760372	-10.670314137897638
189.779961	-10.753150167079161
189.800003	-10.850270898036337
189.820244	-10.959283808097698
189.840034	-11.07138804777476
189.860433	-11.173463836981355
189.880202	-11.253423557015816
189.899977	-11.305575514374942
189.919958	-11.33257462542512
189.940027	-11.342806098116613
189.960369	-11.345058047869825
189.979962	-11.34383665612556
189.999974	-11.337803688557113
190.019995	-11.321530723883644
190.040012	-11.288927389103208
190.06023	-11.236393199882263
190.079953	-11.164597402954495
190.099969	-11.078675381918229
190.119975	-10.986927584525965
190.140008	-10.898182220174725
190.159987	-10.818457192485596
190.179968	-10.74841014078154
190.199966	-10.683338822301495
190.220227	-10.616413775218618
190.23998	-10.543693586867269
190.26	-10.467867439917475
190.279974	-10.398069075209348
190.300905	-10.345570524875761
190.319965	-10.318050165169955
190.339997	-10.316205690782773
190.360425	-10.334838198045588
190.380183	-10.367285739059103
190.400479	-10.409681288291003
190.419954	-10.461866929837054
190.440009	-10.524577983820679
190.460252	-10.595570694845764
190.480346	-10.6682270399473
190.500479	-10.73410619726302
190.520661	-10.78767155868919
190.540056	-10.829575767297753
190.560268	-10.865914235119504
190.579983	-10.903977465890321
190.600246	-10.947607179909477
190.620323	-10.99537421279816
190.64002	-11.04256145093802
190.660232	-11.085162122079703
190.679967	-11.123043149147161
190.699967	-11.16044716221003
190.71997	-11.204039358860973
190.740037	-11.260075154271252
190.760276	-11.332255748871264
190.779967	-11.420970559535133
190.800199	-11.523808956572708
190.819997	-11.636867584313428
190.840011	-11.756298463124676
190.860148	-11.879485344348765
190.879989	-12.005248419658129
190.900029	-12.132893387866455
190.919989	-12.260642295847358
190.939973	-12.384517015437215
190.959986	-12.498576117578597
190.980013	-12.596513052188989
191.000008	-12.673696866101105
191.019984	-12.728458102590828
191.039991	-12.762014245080978
191.060434	-12.777328904622454
191.080102	-12.777757577598273
191.100002	-12.766205047717918
191.120226	-12.744897792069603
191.139975	-12.715391806911263
191.159973	-12.678410631514343
191.180012	-12.63349397135392
191.199994	-12.578846521224603
191.220005	-12.511841663673708
191.23997	-12.430274774336118
191.260591	-12.333967116773788
191.2803	-12.225938597955725
191.30013	-12.112410673758934
191.320004	-12.001290552769019
191.340055	-11.899470594274081
191.360911	-11.810043200201918
191.379967	-11.73092281249122
191.400016	-11.655981271802919
191.419965	-11.578508681229614
191.43997	-11.495251203323969
191.459977	-11.408576570318042
191.480231	-11.325308786934103
191.499986	-11.252961934322563
191.519993	-11.195949537795164
191.540023	-11.154314205745091
191.560234	-11.125564287484707
191.580346	-11.107836584400491
191.600269	-11.10176281178679
191.620017	-11.109703732953493
191.640049	-11.133223384497152
191.660587	-11.170942710848587
191.679998	-11.218328279975283
191.700051	-11.269310006552367
191.719975	-11.318426805317973
191.74006	-11.362284367864444
191.760082	-11.399990401553541
191.780177	-11.432900841869074
191.799945	-11.46395939519097
191.819958	-11.496644906294986
191.83997	-11.533631503150069
191.860128	-11.575674766811826
191.879943	-11.621392424313145
191.900082	-11.668078358903406
191.920252	-11.712947250973771
191.939938	-11.754058832485507
191.959941	-11.790752863040899
191.979963	-11.82400827382928
191.999989	-11.856885919757216
192.020004	-11.89434835039016
192.040279	-11.941469732909704
192.060641	-12.00020779283229
192.080049	-12.066725678299445
192.100236	-12.131849718635928
192.119983	-12.185376033977219
192.139989	-12.22181714466731
192.159981	-12.243486619544091
192.180038	-12.258372866107598
192.200009	-12.2741520098664
192.220054	-12.292728485996163
192.240248	-12.309293223259864
192.260048	-12.316335980202652
192.279982	-12.309282447535562
192.299972	-12.289435277845296
192.31996	-12.262305060317962
192.340018	-12.233072858228505
192.359938	-12.202938605049626
192.379963	-12.169113251721365
192.400006	-12.128238013802926
192.420014	-12.08040207952159
192.440235	-12.030566966516924
192.46022	-11.986212835597385
192.480207	-11.952850344025723
192.499953	-11.930646768392503
192.51996	-11.914622257010558
192.540049	-11.898257367178754
192.559979	-11.87786891297699
192.580056	-11.854633505696212
192.600007	-11.833047214684596
192.620003	-11.81735186435964
192.640234	-11.808850143375604
192.660003	-11.806015897402178
192.679981	-11.806859978806687
192.700016	-11.811268540965248
192.719976	-11.821336545712166
192.740038	-11.839587521870069
192.760278	-11.866659601254904
192.779977	-11.900222411103213
192.800035	-11.935708001446024
192.820043	-11.968173024220027
192.839946	-11.99419754117147
192.859997	-12.01314156054019
192.879956	-12.027587732099226
192.899987	-12.042855927106096
192.920327	-12.065380588008884
192.940029	-12.100033535202003
192.959927	-12.14729758717814
192.980028	-12.201929398839809
192.999974	-12.254541623946775
193.020171	-12.296074730966337
193.040044	-12.323104119272461
193.060219	-12.340752118156468
193.080039	-12.360774055666178
193.100225	-12.395134901412014
193.120223	-12.448510968253082
193.140049	-12.514421732049883
193.160234	-12.577854896995335
193.18	-12.623136094131512
193.20008	-12.642214671247173
193.220034	-12.638116588989453
193.240076	-12.621552215710212
193.259971	-12.60326513257629
193.280332	-12.587331891161913
193.299995	-12.569506504221486
193.319995	-12.540958185856374
193.340091	-12.494296800030801
193.360054	-12.427910271531236
193.379967	-12.346469317655213
193.399973	-12.258129269160932
193.419986	-12.170623608698195
193.440036	-12.088406809641423
193.460032	-12.011912134309641
193.479978	-11.938803033126533
193.500041	-11.866314440269715
193.520103	-11.793451515646534
193.539968	-11.721939225383593
193.56003	-11.655472232328846
193.580089	-11.59782701702255
193.599966	-11.551212112720219
193.620012	-11.516125430576059
193.63998	-11.492852128958237
193.659984	-11.483324850009225
193.679993	-11.49154261078629
193.700044	-11.521716517907432
193.719967	-11.575130490134187
193.73998	-11.647962046544631
193.759992	-11.731848007071882
193.779975	-11.817052692186326
193.79997	-11.89615797893477
193.819975	-11.965865181015355
193.840029	-12.026086202554831
193.860238	-12.077703904799057
193.879973	-12.121326387503279
193.900078	-12.158147548264955
193.920059	-12.19175486584829
193.940032	-12.22846835977981
193.960022	-12.27488939859544
193.979982	-12.333986232563532
193.99999	-12.402863403845922
194.020035	-12.474480845439071
194.039965	-12.542462983389068
194.059978	-12.60536168424139
194.079993	-12.666853171178657
194.100072	-12.731531330358582
194.120043	-12.79963405128258
194.140037	-12.865063442289218
194.159987	-12.918452546143966
194.179995	-12.952925740500307
194.200278	-12.968036914169618
194.219988	-12.968913203905311
194.240207	-12.961521639990526
194.260016	-12.947911049989056
194.279993	-12.924960136251425
194.300086	-12.887129609475458
194.31998	-12.830669242126506
194.340006	-12.756092046745884
194.35996	-12.667643283964884
194.380002	-12.570961769452461
194.399978	-12.471043300514308
194.419971	-12.371586580453213
194.441091	-12.275211395816106
194.459954	-12.183572672549227
194.48	-12.0972192171117
194.500102	-12.01605696348231
194.52036	-11.94106992093202
194.540764	-11.876487261240243
194.560695	-11.83042994621038
194.579968	-11.81254999616654
194.600236	-11.829380807288581
194.620321	-11.880292955913616
194.640789	-11.95709084077508
194.660971	-12.047909845683918
194.680965	-12.142922682260068
194.69997	-12.237944037713206
194.720017	-12.33365072805056
194.739976	-12.431570296792067
194.75997	-12.53039115136974
194.779973	-12.625570176671385
194.799979	-12.712222940241437
194.819997	-12.788508759135333
194.840029	-12.856573953992967
194.859992	-12.920532837212347
194.87998	-12.983618738466264
194.90022	-13.04706736566699
194.920038	-13.111275970614619
194.940366	-13.17739863792858
194.96021	-13.247238255063351
194.980005	-13.321308432616455
195.000237	-13.397205926675378
195.019976	-13.470516112343292
195.039988	-13.538071416841609
195.059983	-13.60074901931777
195.079981	-13.662809730981632
195.100222	-13.72759587397874
195.120237	-13.79283707462039
195.140215	-13.849769397171421
195.159958	-13.887555508812163
195.17998	-13.900258539743053
195.199953	-13.891246883210915
195.220283	-13.871552652740657
195.23996	-13.853110517321886
195.259972	-13.841484018217704
195.279973	-13.83293593634926
195.300072	-13.817442585654703
195.32006	-13.785147370613648
195.340046	-13.731835488301863
195.359934	-13.660316083438786
195.379997	-13.577722030705862
195.399978	-13.491222647846566
195.420004	-13.404975999051612
195.440018	-13.319657719799473
195.459979	-13.234107732923572
195.479988	-13.1477062343641
195.500097	-13.062193289391942
195.520214	-12.982200656548958
195.540237	-12.914266177486613
195.559972	-12.864578814604211
195.579964	-12.836342280825528
195.600975	-12.82820231954006
195.619973	-12.834997552933947
195.63999	-12.85079479268753
195.659989	-12.872455587258354
195.680207	-12.901238016649407
195.700085	-12.941067413940395
195.720028	-12.994561991379934
195.740033	-13.059684125013407
195.760016	-13.12950548862454
195.780052	-13.195218065536691
195.800075	-13.250171857707699
195.820063	-13.29230253393332
195.840298	-13.323937430088977
195.859983	-13.349964988043839
195.879997	-13.375906631274432
195.900619	-13.406434833689863
195.920066	-13.443862465356863
195.940051	-13.486535542161498
195.960352	-13.528421476512767
195.979997	-13.561572818499219
196.000019	-13.581284961330782
196.020069	-13.590801769027516
196.040058	-13.601358631749513
196.059966	-13.626042845228096
196.079987	-13.670857850570624
196.10007	-13.729414662553733
196.120246	-13.785738998000602
196.140409	-13.82375885328056
196.159963	-13.836804088596715
196.17998	-13.83033090022494
196.200027	-13.816271930858465
196.219999	-13.803700956764523
196.240001	-13.792797222769654
196.259961	-13.77586597218936
196.279974	-13.74351852318353
196.299998	-13.690757131739444
196.32005	-13.61890466007322
196.339963	-13.533312142718772
196.360256	-13.439796642239756
196.379945	-13.342669798540149
196.39996	-13.244887684888594
196.42043	-13.148879365324367
196.439962	-13.056693316937876
196.460957	-12.969548590131037
196.480756	-12.887894735059906
196.500901	-12.81254246103153
196.519967	-12.746039533888938
196.540313	-12.69283840599035
196.560019	-12.65767422774667
196.579967	-12.64318343122143
196.600064	-12.648571941970074
196.62006	-12.67033862399436
196.640204	-12.704375298396588
196.660087	-12.747747572311136
196.67999	-12.798927005566041
196.700057	-12.856664765776783
196.720037	-12.918755447061567
196.739969	-12.98175606178003
196.760037	-13.041699873182473
196.77998	-13.09506517802554
196.800048	-13.13937830593437
196.819968	-13.173495340211804
196.840261	-13.197944057524886
196.859995	-13.215305222274766
196.879964	-13.229998310755164
196.900058	-13.246888606274979
196.920234	-13.269042050980401
196.939956	-13.295983824260151
196.959988	-13.323883498150078
196.979999	-13.347877300729317
197.000232	-13.36510585032407
197.020273	-13.376362180249817
197.04029	-13.385168183205865
197.059979	-13.394994408975096
197.07998	-13.406722918384274
197.1002	-13.418237515537506
197.120231	-13.426363709544576
197.140021	-13.429575004587141
197.15998	-13.429316132882175
197.180249	-13.42881149371756
197.200024	-13.43011381243151
197.220089	-13.431496621010993
197.240019	-13.427189625509335
197.259978	-13.409980531638439
197.280018	-13.375287075614283
197.300025	-13.324182358731301
197.320756	-13.263322358010868
197.340245	-13.201607710524396
197.360051	-13.145542263108158
197.37998	-13.09620999342141
197.399976	-13.049793951757787
197.420265	-13.001162585070324
197.439986	-12.947955852673795
197.460013	-12.89233131978082
197.479978	-12.839345785850108
197.500012	-12.793478106248
197.52005	-12.75610108286036
197.540031	-12.725800350608779
197.560188	-12.701073087054171
197.580046	-12.683026464259525
197.600001	-12.675740720190861
197.619994	-12.68387493134365
197.64006	-12.709296706937206
197.660216	-12.749265579003298
197.680233	-12.797467009056168
197.700202	-12.847022158429768
197.720014	-12.893243249736491
197.73999	-12.934369007904461
197.759951	-12.970316697467085
197.780303	-13.001050562815152
197.800002	-13.026184333509459
197.820036	-13.045955209787342
197.840001	-13.062151871120138
197.859993	-13.077484105695184
197.879975	-13.09346354635649
197.900026	-13.108697130552846
197.919985	-13.119666829919428
197.940013	-13.124079980690167
197.959941	-13.124257707731859
197.98011	-13.127298968429475
197.999987	-13.141001113723462
198.020012	-13.168180491652663
198.040194	-13.203931112961257
198.060779	-13.2385133573055
198.080629	-13.264137865438398
198.10024	-13.280554952819774
198.120055	-13.295053026078355
198.140235	-13.316774483671658
198.159972	-13.349686746062565
198.179973	-13.389404244982707
198.200011	-13.425789713662912
198.219988	-13.448779740838168
198.239969	-13.452917980226486
198.259958	-13.437923504423063
198.27997	-13.40624648580162
198.300074	-13.36064818899916
198.320314	-13.30383165195814
198.340037	-13.239457967434573
198.360055	-13.172323360264395
198.380004	-13.106530355199824
198.400001	-13.042977179397132
198.420012	-12.978785807587169
198.439994	-12.909922565756018
198.459992	-12.835355712563151
198.48034	-12.759368621114291
198.500017	-12.689856012789303
198.520041	-12.633678409327187
198.539987	-12.59263389269025
198.559991	-12.563148709948246
198.580061	-12.539765611681894
198.599998	-12.519524241541097
198.619995	-12.503842750131271
198.640639	-12.496752240390244
198.659989	-12.501252268239714
198.680202	-12.516714005659523
198.700072	-12.539024067501815
198.720362	-12.562870748948383
198.740036	-12.58424689711486
198.760229	-12.6016841071147
198.780123	-12.616110764087766
198.799982	-12.630126865547139
198.82001	-12.64725356858644
198.840015	-12.671012463288172
198.860005	-12.703487426987072
198.879946	-12.743761102100208
198.899963	-12.78749701682945
198.920003	-12.828812977686344
198.93999	-12.864085790260267
198.959967	-12.895471537223592
198.980012	-12.931380008637683
198.999996	-12.982786534690122
199.019992	-13.057191711922064
199.040003	-13.154015490155226
199.059995	-13.264537988335736
199.080017	-13.376446299667894
199.099985	-13.479889558182279
199.119981	-13.571089055257296
199.140037	-13.651585743247471
199.159989	-13.724433868988552
199.179999	-13.790505742187124
199.199964	-13.847330839264576
199.219994	-13.890504565998024
199.239975	-13.915843588600056
199.260202	-13.920541077016146
199.279975	-13.90312142345967
199.299983	-13.863313322761405
199.320009	-13.802761121943295
199.339977	-13.726127918714475
199.359964	-13.64110866594633
199.379995	-13.556408361184893
199.399967	-13.478476869820838
199.419997	-13.409192015762738
199.440016	-13.346267689738513
199.459959	-13.286122427679619
199.479969	-13.226950660659808
199.49998	-13.169584688045143
199.519984	-13.115647682141073
199.540033	-13.064855495115854
199.559928	-13.014120091486156
199.58002	-12.959578456604781
199.599964	-12.900117819519062
199.619963	-12.839545257635956
199.640005	-12.785465644979643
199.659989	-12.7454584086002
199.679984	-12.72322526655532
199.700931	-12.717380020752142
199.720349	-12.723514851494812
199.740011	-12.73773116968499
199.759949	-12.758936137831672
199.779957	-12.788503847493711
199.799968	-12.82818148243838
199.819993	-12.87843651848143
199.840141	-12.93860848471113
199.859989	-13.008124266637633
199.879957	-13.08677492929911
199.900221	-13.173073460413356
199.920275	-13.262138558459172
199.940862	-13.345882890995528
199.959965	-13.416722755981459
199.980067	-13.47263687714025
200.000009	-13.519324818753669
200.020227	-13.566871765729502
200.040037	-13.6227492156601
200.059975	-13.686313020754191
200.080192	-13.749087216713258
200.099982	-13.800507802412703
200.119998	-13.83447111140457
200.139971	-13.851707042677797
200.15998	-13.856845463633016
200.179996	-13.853452805774799
200.200003	-13.84142835041534
200.219988	-13.818383284626291
200.239973	-13.782891882404167
200.259954	-13.736276542298118
200.279986	-13.681584398674815
200.300278	-13.621305283890106
200.32013	-13.556328827096953
200.340259	-13.486994922357407
200.360196	-13.414809782183445
200.380006	-13.342789605152182
200.400045	-13.273914371036216
200.420065	-13.209173469116733
200.440036	-13.147198155442139
200.459995	-13.086043287651977
200.479979	-13.025784164667874
200.500033	-12.969946396319477
200.51999	-12.924802248305179
200.539971	-12.897211176819832
200.559981	-12.892479411545033
200.580037	-12.913224109449573
200.599981	-12.959171479995524
200.620026	-13.02727935241308
200.640036	-13.111868454338575
200.66101	-13.205055154423583
200.680252	-13.297896755125882
200.699984	-13.382188157916863
200.719977	-13.452243571539826
200.740005	-13.505904516026408
200.759983	-13.544498799945499
200.780064	-13.571988793421452
200.799999	-13.593662961505183
200.820006	-13.614513876062087
200.840075	-13.63744798811275
200.859986	-13.661890835990107
200.87999	-13.683744681545742
200.899992	-13.697299030505402
200.920226	-13.698462950529677
200.940004	-13.687461260776725
200.960041	-13.669114335029862
200.980033	-13.650339150315348
201.000063	-13.636516843025587
201.020227	-13.629208816515048
201.040075	-13.626626458705129
201.060011	-13.626095990440811
201.080207	-13.626363224590285
201.100315	-13.628058676183525
201.119955	-13.632434771422547
201.139957	-13.63994428929411
201.159952	-13.650081899484418
201.17995	-13.662461117032292
201.200029	-13.677828049098624
201.220192	-13.69782136704428
201.240281	-13.723589617036422
201.259988	-13.754562829339815
201.280061	-13.788584172984216
201.299977	-13.823346892197323
201.319981	-13.857854051249088
201.340019	-13.892584376847278
201.360213	-13.928234257677264
201.379953	-13.964223291166128
201.400268	-13.998408689842508
201.420033	-14.028400130321403
201.440043	-14.05344257265547
201.459994	-14.075257934291432
201.479965	-14.097020686056155
201.499963	-14.12115984843983
201.520212	-14.147637727156969
201.539982	-14.173983954592726
201.559953	-14.196942769768816
201.580179	-14.214304048346134
201.599962	-14.22539797411289
201.620027	-14.2299534899387
201.639963	-14.226488811258847
201.659964	-14.211870253747383
201.679954	-14.182663897804561
201.700031	-14.13725966397174
201.719988	-14.076930801927363
201.739952	-14.004804687212074
201.759942	-13.923575728803026
201.77994	-13.834065493109259
201.800169	-13.736203660171487
201.820904	-13.631961331546467
201.839954	-13.527873717946688
201.859943	-13.434655268132005
201.880044	-13.363432521730378
201.900438	-13.320768268454433
201.920389	-13.305834260203117
201.940499	-13.311890443055942
201.961111	-13.331317538071458
201.981132	-13.361016546044322
201.999987	-13.404694068167542
202.020213	-13.470614399022892
202.039988	-13.566316548682769
202.059972	-13.693568299433178
202.080274	-13.846440091018117
202.099992	-14.013318220952256
202.119982	-14.181356590071816
202.140006	-14.340760057081477
202.15995	-14.486918829559079
202.180051	-14.620037203347813
202.200018	-14.743300920959935
202.220022	-14.86091287537409
202.240256	-14.976609632340432
202.259966	-15.092490552467828
202.280345	-15.208009888415065
202.299968	-15.319628770757284
202.31997	-15.421981915207196
202.34004	-15.510632567882539
202.359965	-15.584888030147985
202.380024	-15.648311317722694
202.399974	-15.705695790554191
202.419967	-15.758063020447121
202.440095	-15.79947067199285
202.45997	-15.818800218177875
202.479983	-15.806162992967437
202.500015	-15.759692929570804
202.520037	-15.687620732739344
202.540052	-15.603752081931935
202.560025	-15.519490607050292
202.580157	-15.438189551998933
202.600216	-15.355783603066087
202.619958	-15.266702499780603
202.639958	-15.170071747849548
202.660102	-15.071404310058625
202.679989	-14.978975841994366
202.700112	-14.898369321877405
202.719981	-14.829719686943266
202.740051	-14.769377795416068
202.759983	-14.713854692795106
202.780002	-14.662339904245922
202.799972	-14.615904359977993
202.820005	-14.574817560053761
202.840019	-14.537048247295056
202.859975	-14.499740925749487
202.880049	-14.462607712241061
202.899996	-14.430385969558708
202.919974	-14.41224387534826
202.93995	-14.418424407201178
202.960019	-14.456354349645535
202.979955	-14.528430552397783
202.99997	-14.63214729831917
203.020012	-14.761617624581225
203.039981	-14.90915709835095
203.05997	-15.066302557239245
203.079994	-15.224455111855136
203.10025	-15.375536669876608
203.120058	-15.512686935870128
203.140221	-15.63075465912446
203.159926	-15.726500964556173
203.179999	-15.798733080177604
203.199962	-15.84852762355651
203.219994	-15.879250059889573
203.239966	-15.895767953109752
203.259963	-15.902683013130275
203.279978	-15.902387464072406
203.300035	-15.894391955175303
203.320004	-15.876827691009547
203.340007	-15.849443238479681
203.360237	-15.81601962416202
203.380072	-15.784206584356397
203.399965	-15.7625228795996
203.419986	-15.756345399513467
203.439963	-15.765516851555736
203.459954	-15.785037952778703
203.479958	-15.808155100916046
203.499966	-15.829699034677141
203.519964	-15.847750174416252
203.540005	-15.863161366554804
203.559977	-15.877835105817663
203.580017	-15.8930206046256
203.599987	-15.908364796360805
203.620242	-15.921793582878548
203.639967	-15.930025355064828
203.660004	-15.929540121905696
203.679969	-15.917759760800692
203.700236	-15.893972091588921
203.719979	-15.859480726073242
203.740012	-15.816822711793076
203.759971	-15.7685002745145
203.780031	-15.71600562763305
203.79995	-15.659689652115299
203.820012	-15.599400746422663
203.840054	-15.53532718837401
203.86053	-15.468432008855846
203.880517	-15.40024348717444
203.899996	-15.332221182979332
203.92006	-15.265179202724031
203.940048	-15.199203487314033
203.96	-15.134176400193185
203.980291	-15.070585296456914
203.999993	-15.01000240851961
204.020199	-14.954743435401324
204.039931	-14.906777974416823
204.06027	-14.866607620275294
204.080171	-14.832999220156063
204.099964	-14.80390424993202
204.119989	-14.777982001087253
204.14024	-14.755622863705069
204.159957	-14.738712887449678
204.179992	-14.72933972998715
204.199975	-14.7284171950434
204.219982	-14.735172810614017
204.240041	-14.747685663061729
204.260007	-14.76388463148028
204.279983	-14.782224437455012
204.299971	-14.801714273227892
204.320003	-14.82156462315039
204.340064	-14.8409485655088
204.360008	-14.859133265816725
204.379945	-14.875861171634375
204.399956	-14.891666224716118
204.419962	-14.907891371675317
204.440018	-14.926368117321152
204.460043	-14.948861235698601
204.480024	-14.97644957626027
204.499972	-15.009060312518617
204.519977	-15.045394216803631
204.540002	-15.083374968412768
204.5602	-15.12099119724203
204.580049	-15.157117140318883
204.600253	-15.191835350620288
204.61997	-15.226062779852008
204.640085	-15.260735366806033
204.659986	-15.296099643304933
204.679951	-15.331555615047685
204.70016	-15.366070740884737
204.720029	-15.398796378574305
204.740067	-15.42944066331389
204.759982	-15.458220664663507
204.780047	-15.485552070351678
204.799982	-15.511769729543847
204.820016	-15.537042352868147
204.839987	-15.561422938402323
204.860249	-15.58488015236286
204.879974	-15.60723817461522
204.900064	-15.628095262786516
204.920391	-15.646849415350053
204.93995	-15.662884122702502
204.960262	-15.675838350788794
204.979993	-15.685809675850223
204.999987	-15.693374541255036
205.019974	-15.699413547406866
205.039979	-15.704820985177445
205.059948	-15.710209725986084
205.080016	-15.715689480333879
205.099996	-15.720757176719612
205.120257	-15.724335213876884
205.139958	-15.725008985775608
205.159989	-15.721478239608638
205.180043	-15.713105490757464
205.200206	-15.700282990990244
205.220208	-15.684325912916867
205.240022	-15.666824764084486
205.260185	-15.6487711714827
205.280013	-15.630005730686696
205.300196	-15.609394955682077
205.319977	-15.58565686589687
205.34001	-15.558285654280635
205.360206	-15.527944917225591
205.379962	-15.496080123215519
205.399958	-15.464061426614958
205.420034	-15.43246436015008
205.439953	-15.400945565783722
205.460713	-15.368720699745829
205.479964	-15.335254822719413
205.499962	-15.30070095011173
205.520335	-15.265859515399498
205.540518	-15.231769067925157
205.560685	-15.199245839956971
205.58114	-15.168655580001
205.599984	-15.139993106686166
205.62021	-15.113128026500567
205.639997	-15.087994180824937
