42.100028	1.963051452504112E-6
42.120033	6.54164000249625E-6
42.140013	9.513760625510602E-6
42.160371	5.224789248295907E-6
42.180023	-7.15304845887848E-6
42.200002	-1.580450988125094E-5
42.221081	-3.7613037916084057E-6
42.240019	2.8795038571039352E-5
42.260031	5.047873172475563E-5
42.280265	2.2483799994072338E-5
42.300239	-5.092019521783412E-5
42.320314	-9.901401689679478E-5
42.339983	-3.792502185507329E-5
42.360048	1.2547717989710506E-4
42.380185	2.3876333398073073E-4
42.400215	7.722240691568832E-5
42.420131	-4.8523657451124576E-4
42.440211	-0.0013470636334586778
42.460116	-0.0022142063436117933
42.480082	-0.002786886880403532
42.499978	-0.002952009161323693
42.520079	-0.0028305788563563897
42.540035	-0.0026566321671305675
42.559989	-0.002600657284743234
42.579983	-0.002678522992831814
42.599967	-0.0027910783075320114
42.619973	-0.002833450892234367
42.640187	-0.002777699063084564
42.660011	-0.0026815262017281707
42.679968	-0.002639156731288759
42.699969	-0.0027118335492731177
42.720252	-0.0028718500715057154
42.739964	-0.002983196176881042
42.760243	-0.0028386345165938875
42.779965	-0.0022465801794481865
42.799975	-0.0011268790542219656
42.819967	4.522373205648497E-4
42.840055	0.0023194672267354785
42.859993	0.004299202579665083
42.879959	0.006297182218641179
42.899953	0.008313062236157616
42.920235	0.010385311284642306
42.94028	0.012519810780486564
42.959984	0.014658445200600282
42.979956	0.01670688239304777
43.000378	0.018594714411672826
43.020624	0.02032046556335396
43.040869	0.021949831142566194
43.059981	0.023571640052851683
43.08019	0.025243909671155303
43.099964	0.026965677249446453
43.119986	0.028689499662446893
43.139974	0.030361285194087383
43.159972	0.031957816476297446
43.179986	0.033496503768288506
43.199988	0.03501403976554358
43.220015	0.03653382555078192
43.239979	0.0380496009957506
43.260156	0.039537930408654914
43.280479	0.040987371995959795
43.300001	0.042417665658809674
43.320102	0.043871202097223325
43.340027	0.045383920952655685
43.360079	0.04696067484651186
43.379991	0.048575606253768104
43.400213	0.05019479116339403
43.420184	0.051798724966081164
43.439989	0.05338382288092811
43.460006	0.05494323571505345
43.479991	0.056447699187951395
43.500005	0.057848202680307305
43.52005	0.05910315959897014
43.540012	0.06021063581419441
43.559977	0.06122047683474797
43.580014	0.06221528479999893
43.599972	0.06327193091351488
43.620113	0.06442851299807201
43.640135	0.06567671582957448
43.660119	0.06698128627341866
43.680072	0.06831001815939561
43.700264	0.06965288800535652
43.720057	0.07102025807775236
43.739976	0.07242856088660025
43.759976	0.07389199803120812
43.780003	0.07543196388615798
43.800743	0.07709525224255555
43.820021	0.07895804267679901
43.839972	0.08109766445273438
43.859966	0.08354077012188253
43.880068	0.0862241942687367
43.900068	0.0890060107965737
43.920351	0.0917337405214341
43.939987	0.09433155056913306
43.960241	0.09684626422895075
43.979979	0.09941584164571822
44.000005	0.10217917865289661
44.019993	0.10518908651195044
44.039974	0.10838662392802302
44.060015	0.11164638304214552
44.080065	0.11485173465938497
44.100225	0.11794560618477189
44.120029	0.12093227281849148
44.139983	0.12384668233812693
44.159981	0.1267242915717363
44.180061	0.12958933663484173
44.200052	0.13245594091763213
44.219984	0.13532915785684668
44.239973	0.13820292569520395
44.260234	0.14106212833308995
44.279958	0.14389224468150252
44.299925	0.14668868626496415
44.320049	0.1494556914379145
44.339954	0.1521950030080058
44.360005	0.15489613189156312
44.380049	0.15753886715951662
44.399974	0.1601055292322539
44.419993	0.16259061108969697
44.43995	0.1650001103389124
44.459995	0.16734498349826682
44.479996	0.16963843201891157
44.499989	0.1718993126638113
44.519994	0.17415229756697012
44.539968	0.17641709679341222
44.559999	0.17869141359186913
44.580026	0.18094476792584227
44.599989	0.1831360542555752
44.619992	0.18524718033813103
44.639959	0.18730731493982267
44.659964	0.18938521771942673
44.679962	0.19155022187380114
44.700011	0.19382882892978046
44.719972	0.19618968210887167
44.739959	0.19856889792179847
44.761075	0.20091672130381227
44.780265	0.20322971324667494
44.800082	0.20554317559109295
44.819997	0.20788967582201812
44.840194	0.2102569987577926
44.860529	0.21257976690261
44.880279	0.21477507476704158
44.900052	0.216798563223814
44.920016	0.21868133242032764
44.939962	0.22052131766849462
44.960036	0.22243521064544608
44.980023	0.22450323780219844
44.999984	0.22674022401062288
45.02	0.22910364831947017
45.040197	0.23152476508521874
45.05997	0.23394083461846948
45.080083	0.23631463493358945
45.100226	0.2386405155746161
45.11997	0.2409407186154476
45.139965	0.2432532786375123
45.16	0.24561374619796092
45.180004	0.24803833052655153
45.20003	0.2505191859691968
45.219952	0.2530357276321552
45.23997	0.25557233021368503
45.259972	0.2581260746291998
45.280004	0.26069749360486
45.299971	0.2632742634464652
45.319962	0.265826255588089
45.339959	0.2683205136627651
45.359973	0.27074555478998247
45.379992	0.27312509062207635
45.399961	0.27550971913102384
45.420861	0.2779531936344727
45.440188	0.280490663487838
45.460196	0.28313078417479853
45.479977	0.2858604996434026
45.500215	0.28865445321300776
45.520913	0.2914818127394094
45.539963	0.2943116018744484
45.559981	0.29711982331726466
45.579983	0.29989800599034583
45.599977	0.3026579627923342
45.620245	0.3054266178490363
45.63997	0.30823081214792925
45.659963	0.31107855991583927
45.679976	0.3139467209725793
45.699965	0.3167838989595912
45.719989	0.3195311047359517
45.739947	0.322152107477531
45.75997	0.32465596135984137
45.779951	0.3270938652635228
45.799995	0.32952747922474673
45.81999	0.33198869510548223
45.839989	0.3344619381071558
45.859978	0.33690507977170686
45.879986	0.3392925748402224
45.899987	0.34164303259483547
45.920224	0.3440049944893356
45.939963	0.34641333531366336
45.959981	0.3488577972008736
45.980376	0.3512961685691013
45.999969	0.3537028353789583
46.020015	0.35610639838337566
46.039968	0.3585769718716809
46.059971	0.36116840499124164
46.080594	0.3638638628927731
46.099985	0.36657387965272487
46.120244	0.36919123006591664
46.139975	0.37165844061490505
46.160214	0.373994893215705
46.180084	0.3762668126788717
46.199983	0.37853249005196427
46.22004	0.3808113739933449
46.239966	0.38309732892851744
46.260054	0.385393739365533
46.280642	0.38772991580526095
46.300077	0.39014086479473215
46.320032	0.3926303173229622
46.339956	0.395152943766437
46.359971	0.39763410177163794
46.380314	0.4000105839550495
46.400442	0.402260132705612
46.421121	0.40440116648421065
46.43996	0.4064724399646574
46.459986	0.40851630194237737
46.479985	0.4105796690970177
46.499997	0.4127252352413147
46.520032	0.41503205084003
46.539977	0.41757407735982327
46.559971	0.4203842806832107
46.579973	0.4234270852072584
46.600019	0.42660043791209135
46.620236	0.4297726194043088
46.639968	0.43283779529959293
46.660243	0.4357617276026131
46.679994	0.4385929794540724
46.700218	0.441433758752687
46.719989	0.4443879160387134
46.739991	0.44751494689190263
46.760056	0.4508127293972772
46.780064	0.4542331156300239
46.800264	0.4577154430906626
46.820011	0.461217810252159
46.839976	0.46473100007400925
46.860048	0.4682725545609128
46.879976	0.4718675671054624
46.899954	0.4755263374721966
46.920226	0.4792280511248159
46.939968	0.4829172356998261
46.959986	0.48651608278689545
46.979976	0.48995095108377873
47.000051	0.4931843476533787
47.020263	0.4962369764733546
47.040222	0.4991842436462092
47.060212	0.5021224031077515
47.080013	0.5051200751344632
47.10028	0.508184491005151
47.120251	0.5112672259765795
47.139977	0.5143061727509405
47.160307	0.5172712404607671
47.179972	0.5201752802450289
47.199984	0.523040488274011
47.219973	0.5258525575810498
47.240614	0.5285491506301305
47.260244	0.5310613019647463
47.280236	0.5333764931009798
47.299956	0.5355673103827473
47.31999	0.5377561145109482
47.341058	0.5400403006645718
47.360259	0.5424386895426918
47.379963	0.5448994256264144
47.400046	0.5473575697805585
47.420251	0.5497904806808759
47.439963	0.5522261146225969
47.459976	0.5547042307302624
47.480093	0.5572286680087124
47.500177	0.5597511349727822
47.520027	0.5621960038152675
47.539979	0.5645055256974822
47.559986	0.5666750848674161
47.579989	0.568760831934597
47.600021	0.5708591125236165
47.620196	0.5730687042284726
47.639975	0.5754524835630365
47.660235	0.5780161371065579
47.680244	0.5807162783607461
47.699987	0.5834945783243198
47.719984	0.5863162388836552
47.740062	0.5891856928233192
47.76013	0.5921289385846765
47.780292	0.5951596781403291
47.799971	0.5982618039750719
47.820058	0.6014063440542076
47.839965	0.6045877640561168
47.859956	0.6078431643641106
47.87994	0.6112286248850144
47.89997	0.6147662737085273
47.919969	0.6184057166351035
47.939951	0.6220380852051626
47.959957	0.6255602794642229
47.979982	0.6289438133796729
47.999982	0.6322541440870928
48.020091	0.6356027036146448
48.040029	0.6390671492287959
48.060025	0.6426403565892145
48.080217	0.6462461659746559
48.099976	0.6498045545996658
48.120123	0.6532900024504752
48.139968	0.6567366557101673
48.160247	0.6601907568948294
48.180212	0.6636546254019341
48.200232	0.667069940408081
48.219967	0.670350974492976
48.239965	0.6734369167083112
48.26001	0.6763214171994686
48.280013	0.6790428153707051
48.30024	0.6816523934044624
48.320169	0.6841906421614108
48.339996	0.686685594682475
48.360253	0.6891635713098389
48.379991	0.6916534846992908
48.400219	0.6941769253896566
48.420541	0.6967327864915511
48.440755	0.6992902958756287
48.460668	0.7017968795719053
48.480102	0.7041966797108962
48.50004	0.7064503787205122
48.520012	0.7085491650587763
48.540279	0.710518107848841
48.56004	0.7124067178679638
48.579985	0.7142681523783635
48.600013	0.7161348904202017
48.62	0.7180041053998626
48.63996	0.7198432813178426
48.660061	0.721615261987375
48.680028	0.7233085126125544
48.699998	0.7249537757201016
48.720063	0.7266162823958373
48.739993	0.728367900114098
48.759976	0.730254509586399
48.77998	0.7322745660838869
48.799998	0.7343768064975699
48.82002	0.7364761847549325
48.840215	0.7384808646677663
48.860002	0.7403207689117611
48.880006	0.741967409262512
48.900292	0.7434369908033465
48.920076	0.7447761180607155
48.940183	0.7460389382797015
48.960063	0.747270217071513
48.980183	0.748503406302801
49.000314	0.7497689878202328
49.020081	0.7510982317943009
49.040009	0.7525114726044625
49.060095	0.7539971206152921
49.080057	0.7555016970678687
49.099948	0.7569476695712983
49.120026	0.7582741054800233
49.140233	0.759473954342967
49.16004	0.7606008145734118
49.180007	0.7617396659091127
49.20028	0.7629632695238117
49.220013	0.7643047299845773
49.240057	0.7657610753828057
49.260089	0.767316604958688
49.280316	0.768961000295123
49.300089	0.7706860509511769
49.320009	0.7724669906094849
49.339983	0.77425000308728
49.360057	0.7759632270856764
49.379933	0.7775487568661644
49.400288	0.7789942774871049
49.420048	0.7803402538213712
49.440183	0.7816543141966882
49.459995	0.7829875499835682
49.479965	0.7843407652512624
49.500031	0.7856626694066716
49.520145	0.7868811241398601
49.539999	0.7879470503109277
49.560074	0.7888637484235292
49.580049	0.7896856150971537
49.599929	0.7904900893094153
49.620039	0.7913408728651375
49.63996	0.7922617613017483
49.659973	0.7932311029326052
49.679944	0.79419664326496
49.700011	0.7951036115633788
49.721032	0.7959245269191081
49.740105	0.7966765745440583
49.760381	0.7974145477174569
49.780702	0.7981991938816437
49.800663	0.7990583053176822
49.821076	0.7999671748594253
49.839964	0.8008641065556789
49.859967	0.8016900622497977
49.879968	0.80242053223419
49.899991	0.8030628659350061
49.920024	0.8036223616045148
49.94019	0.8040698445982946
49.959987	0.8043445916704494
49.979957	0.8043964066287063
50.000205	0.8042346856874525
50.020032	0.803942612851452
50.04012	0.803640541200393
50.059992	0.8034226174067243
50.080217	0.8033112159860444
50.100039	0.803259128424845
50.120086	0.8031935444888001
50.139984	0.8030684688334084
50.160039	0.8028920232195459
50.179991	0.8027174797749802
50.199965	0.8026111866272821
50.220152	0.8026197311354577
50.239963	0.80275216847193
50.259966	0.8029812576456492
50.2802	0.8032600116043007
50.300007	0.8035468732486227
50.319984	0.8038300407820923
50.339973	0.8041381859794747
50.360216	0.8045269319073829
50.379988	0.8050426342614373
50.400012	0.8056823897846095
50.420071	0.8063778827331473
50.439972	0.8070193855648076
50.460323	0.8075091971973117
50.47998	0.8078107520953839
50.500195	0.8079602664943598
50.520046	0.8080342974676215
50.539979	0.8080990482167016
50.560292	0.8081790597177415
50.58001	0.8082643384186807
50.600023	0.8083417188316427
50.620077	0.8084176234083847
50.639963	0.8085113971896399
50.660218	0.8086291709080308
50.680277	0.8087486065249871
50.700019	0.8088349021813478
50.720062	0.8088768969295033
50.740063	0.8089092633914361
50.759966	0.8089955563739892
50.779986	0.8091814919163957
50.800035	0.8094570646366112
50.820064	0.8097621104997701
50.839972	0.8100341366756243
50.859985	0.8102602132972445
50.880232	0.8104891886699902
50.899978	0.8107922256049837
50.920221	0.811202282735416
50.940237	0.8116811299274752
50.959979	0.8121409874716902
50.979993	0.8125049036962325
51.000053	0.8127603341963028
51.020046	0.8129665849548067
51.040067	0.81321247902631
51.06003	0.8135570429107788
51.079995	0.8139960082160028
51.100014	0.8144749375897058
51.120241	0.8149346972214632
51.140187	0.8153534719257148
51.160303	0.8157560079829482
51.179968	0.8161876211124991
51.200027	0.8166759084732931
51.220117	0.8172083736497284
51.239977	0.8177379481423616
51.260061	0.818205973225408
51.279961	0.8185619781119926
51.299924	0.8187685930178705
51.320156	0.8187976838773967
51.341045	0.8186330274273711
51.36023	0.8182864161681926
51.380229	0.8178155536666661
51.400226	0.8173220618556782
51.42053	0.8169184725858645
51.440643	0.8166781681759404
51.460822	0.8166005947344775
51.479973	0.8166175113911502
51.499984	0.8166367752520842
51.52012	0.8165913938219174
51.539992	0.8164585109167959
51.560234	0.8162398072830416
51.580222	0.8159293717832914
51.599978	0.815506166933512
51.620269	0.8149643424325433
51.640008	0.8143557649446747
51.660047	0.8138001854306969
51.679988	0.8134396087745568
51.699968	0.8133593746644568
51.720124	0.8135308790034851
51.740021	0.8138212257630697
51.760008	0.8140686721354149
51.780012	0.8141761286341009
51.80006	0.8141639359049182
51.820161	0.8141539420885326
51.840071	0.8143029449054691
51.860367	0.8147296862716518
51.880057	0.8154719819894828
51.90002	0.8164835145950192
51.920279	0.8176591618511073
51.939974	0.8188746831763671
51.960287	0.8200312153296302
51.980096	0.8210947227265578
52.000019	0.8221132469157265
52.020051	0.8231954098950103
52.039968	0.8244528058248051
52.060025	0.8259357486951332
52.079968	0.8276033758406703
52.100026	0.829349347622553
52.120135	0.8310657933883443
52.139966	0.8327016744557446
52.160241	0.8342792189443964
52.180025	0.8358659390148439
52.199979	0.8375301997373928
52.220258	0.8393117130693696
52.239969	0.8412178145380136
52.260208	0.8432342087249937
52.279973	0.8453344588744095
52.299993	0.8474834208678836
52.320275	0.8496397839175077
52.339982	0.8517616354785534
52.360351	0.8538116268354528
52.380213	0.8557573322686658
52.400628	0.8575699890621721
52.420253	0.8592305875499491
52.439958	0.8607453626021794
52.460004	0.8621576336903659
52.480042	0.8635373118454687
52.500891	0.8649442738287494
52.520141	0.866388277207334
52.539998	0.8678190446042578
52.559955	0.8691612923484937
52.579963	0.8703720441676549
52.599976	0.8714742425357053
52.620286	0.872536144963058
52.639971	0.8736098343738694
52.659989	0.8746791501076636
52.679956	0.8756633538247826
52.699972	0.8764804561171302
52.720151	0.8771249862039131
52.73997	0.8777005729994738
52.759972	0.8783791472204057
52.779981	0.8793119110415044
52.799988	0.8805515845551322
52.820237	0.8820354506849976
52.840208	0.8836349310761267
52.860065	0.8852332722573149
52.879999	0.8867802090989351
52.9	0.88829618199998
52.920245	0.8898361947367961
52.939978	0.891445982766804
52.959992	0.8931384581108781
52.980016	0.8948961532687163
52.999916	0.8966872640963826
53.020209	0.8984807083859375
53.03996	0.9002545168813628
53.059984	0.9019995989790862
53.07997	0.9037203481660399
53.100018	0.9054302654030754
53.120262	0.907141680211359
53.139973	0.9088543957128327
53.160026	0.9105511470912132
53.180025	0.9122031942980654
53.200019	0.9137815853770702
53.220166	0.915266003513813
53.239986	0.9166484456199544
53.260001	0.9179346725266704
53.280213	0.9191466640178239
53.300025	0.9203236251343526
53.320317	0.9215146824821551
53.33997	0.9227613031894606
53.35999	0.9240776567103465
53.379968	0.9254418207352694
53.399919	0.9268045426069528
53.420315	0.9281095280275502
53.439944	0.9293120315791145
53.4602	0.9303875120290948
53.479955	0.9313329151405164
53.499959	0.9321682279389604
53.519979	0.932939771351365
53.539973	0.9337165870433589
53.559976	0.9345701986875061
53.579956	0.9355403734837913
53.599981	0.9366057687800459
53.620324	0.9376829117126639
53.639991	0.9386617908349428
53.660392	0.9394607751972758
53.679976	0.9400667738037549
53.699993	0.9405333943338039
53.719998	0.9409377712318135
53.740035	0.9413260661135435
53.760251	0.9416870555808857
53.780374	0.9419735478544863
53.80063	0.9421558827898571
53.820757	0.9422660850989064
53.839968	0.9423954584296922
53.859973	0.9426418588733656
53.879964	0.9430416121055691
53.899953	0.9435359273713193
53.920002	0.9439995201475729
53.94	0.9443150801356439
53.959983	0.9444439339725642
53.979992	0.9444458126324616
54.000248	0.9444368721157512
54.020216	0.9445174578526836
54.039971	0.9447180949597295
54.060008	0.9449946084174959
54.079991	0.9452674349691816
54.100004	0.945473509357468
54.119965	0.9455980796263248
54.139972	0.9456731236006596
54.160234	0.9457516948815262
54.17998	0.9458787825331544
54.199977	0.9460761536573998
54.219934	0.9463471451801806
54.240061	0.9466947149748968
54.26035	0.9471377096206453
54.280099	0.9477102439596393
54.300025	0.9484388379188873
54.320421	0.9493087703899299
54.340214	0.9502446477082336
54.360029	0.9511277343110413
54.380181	0.9518507020049388
54.399965	0.9523811043419741
54.420009	0.9527902919302632
54.439959	0.9532210100635601
54.460004	0.9538072112637349
54.480205	0.9545956179876529
54.499966	0.9555216883760899
54.520036	0.9564569259046458
54.539974	0.9572949123851242
54.560221	0.9580168115288087
54.579984	0.9586934880928885
54.599973	0.9594278623078474
54.619969	0.9602820564482866
54.639967	0.9612396469565749
54.65996	0.9622229969444691
54.679991	0.9631455462009954
54.700214	0.9639589892654972
54.719988	0.9646666049903018
54.739981	0.9653026468028417
54.759974	0.9659001705602505
54.779979	0.9664718994376658
54.80005	0.9670140654977418
54.819946	0.9675252723660019
54.839956	0.9680233093559633
54.860029	0.9685460587993312
54.879979	0.9691337556562418
54.900012	0.9698020959983997
54.920658	0.9705222516151777
54.939971	0.9712217713024657
54.959955	0.971809519005395
54.979964	0.9722146667331607
54.999963	0.9724217851865828
55.020006	0.9724850289143413
55.039994	0.9725142279785163
55.059973	0.9726373302279138
55.080284	0.9729528762003885
55.100001	0.9734913204830006
55.119974	0.9742039062664443
55.139954	0.9749889816671097
55.159982	0.9757476754920772
55.180026	0.9764406415408671
55.200027	0.9771108821024361
55.219955	0.9778553428527389
55.239975	0.978762199082022
55.260215	0.979856892159575
55.279991	0.9810941790921656
55.300241	0.9823974613503753
55.319991	0.9837093275859013
55.340201	0.9850107520657864
55.35999	0.9862973797739608
55.379949	0.987541884182159
55.399977	0.9886846117075765
55.420296	0.9896682527673988
55.440238	0.9904896268710448
55.460314	0.9912215223884392
55.479992	0.9919786316325768
55.500037	0.9928466572570919
55.520002	0.9938251778587178
55.540174	0.9948278429306122
55.560324	0.9957425777593066
55.580654	0.9965115728639156
55.6003	0.9971764528610313
55.620322	0.9978582409271206
55.639999	0.9986869214388223
55.660099	0.9997300053665351
55.680276	1.0009680971849866
55.700802	1.0023301987220292
55.720407	1.0037570712659776
55.739995	1.0052411111474586
55.76006	1.0068123904357427
55.779984	1.0084863669877286
55.8	1.010221195738146
55.819988	1.0119247778093383
55.839974	1.0135086202714192
55.86022	1.0149450637593262
55.880652	1.0162816988223942
55.901221	1.0176032685958618
55.919974	1.018974141176105
55.939976	1.0204055512904162
55.959965	1.0218657333567358
55.979941	1.0233140561310756
56.00006	1.0247258773427486
56.020376	1.0260918449129635
56.039965	1.0274025435840615
56.059987	1.0286404961124176
56.079981	1.0297903355429565
56.100025	1.030858365822922
56.119983	1.0318829539279502
56.140019	1.0329244416187564
56.160083	1.0340380905831459
56.180029	1.0352452100257636
56.200015	1.0365196753688293
56.219971	1.0377994908475454
56.239962	1.0390199470851014
56.25997	1.0401519850557253
56.279984	1.0412245339525787
56.300085	1.0423170483977007
56.320043	1.0435253085292135
56.339974	1.0449180256566135
56.359979	1.0465057605759056
56.379988	1.048235952733474
56.400033	1.0500160162725944
56.41997	1.051756705215398
56.439973	1.0534197667506933
56.46001	1.0550472232620154
56.479959	1.056750363581946
56.499998	1.0586533972171173
56.519967	1.0608163378904094
56.539972	1.0631841752785465
56.55998	1.0656013559441633
56.579975	1.0678896088249283
56.599978	1.069941388832281
56.619957	1.0717675666271516
56.63998	1.0734705505428703
56.660013	1.075166698597698
56.679988	1.0769141538731155
56.699957	1.0786903757833612
56.719967	1.0804227174932055
56.739993	1.082041822001805
56.760272	1.0835234607666089
56.780221	1.0849023075519135
56.8	1.086258937215142
56.819976	1.087686741162325
56.84019	1.0892462404761214
56.859969	1.0909222636056786
56.880046	1.0926100651642203
56.900014	1.0941520616486597
56.920041	1.0954179135358795
56.939992	1.096384586367729
56.959998	1.097162399371406
56.980037	1.0979438569552393
57.00018	1.0989052954841585
57.019971	1.1001249721206736
57.039959	1.1015676097860079
57.059974	1.1031354033086835
57.079963	1.1047395271355078
57.100036	1.1063394050717439
57.119977	1.1079310104415205
57.13995	1.1095090629998485
57.160024	1.1110453527650355
57.180066	1.1125049379321272
57.200278	1.1138836338394795
57.219964	1.1152278846763457
57.239984	1.1166111148558093
57.260041	1.1180785506326945
57.279981	1.1196029232847882
57.299956	1.1210888522183489
57.31996	1.1224261124195163
57.339972	1.1235520732152424
57.359971	1.1244766396869206
57.380051	1.125256057970163
57.400032	1.125946099687563
57.419963	1.1265799856775216
57.439975	1.1271883434398193
57.45998	1.1278341566776091
57.479981	1.1286177155564752
57.499975	1.1296335227396777
57.519966	1.1309079403744782
57.539956	1.1323692220162038
57.559985	1.1338781764173773
57.580003	1.1352986581529707
57.600028	1.1365555767016604
57.620001	1.1376413692255491
57.63995	1.1385761240726848
57.659985	1.1393627472638688
57.679969	1.1399775245876183
57.699927	1.1404020348604453
57.719986	1.1406659048069177
57.739951	1.1408608825679882
57.759979	1.141110058557301
57.779965	1.141511130885582
57.800021	1.1420918106333595
57.820009	1.1428058734706026
57.839939	1.143569327413688
57.859981	1.1443099135920785
57.879971	1.1449976067439562
57.899948	1.1456406755331074
57.920202	1.1462569178821262
57.939934	1.1468453426248115
57.960179	1.1473798903150387
57.980198	1.1478290205599622
57.999953	1.1481859323053982
58.019945	1.1484858501372277
58.039978	1.14879469980244
58.060012	1.1491722510217526
58.080041	1.1496317049156486
58.100207	1.1501242307647161
58.120003	1.150564401784547
58.140432	1.1508858253628864
58.160268	1.1510925984793583
58.180248	1.1512699055835212
58.200037	1.151541743271553
58.220009	1.152000165268514
58.240288	1.1526516501513633
58.259967	1.1534153949255073
58.28	1.154172340620634
58.300017	1.1548302642900374
58.320022	1.155363401337067
58.34085	1.1558072843673715
58.36017	1.156221435433101
58.380042	1.1566495866439175
58.400063	1.1571016607285471
58.420013	1.1575628880523923
58.439975	1.1580183726484252
58.460285	1.1584754220472784
58.48027	1.1589695777309854
58.500255	1.159549888362493
58.519992	1.1602511464504517
58.540224	1.1610707901694095
58.560203	1.1619678631707162
58.58003	1.162887593995393
58.600259	1.1637949835146901
58.619997	1.1646917659936566
58.640115	1.1656035534820546
58.660006	1.1665495995022408
58.680067	1.1675228727594813
58.700014	1.168497318269257
58.719967	1.1694516766173781
58.73998	1.170381850945302
58.759993	1.1712858714943057
58.780272	1.1721359525395005
58.800373	1.1728706924426886
58.819974	1.1734258287955104
58.839962	1.1737853107316394
58.859983	1.1740101777380458
58.879958	1.1742154824356106
58.900869	1.1745065153766723
58.919959	1.1749199610932743
58.939959	1.1754127761978443
58.960227	1.1759045010188676
58.980047	1.1763384703607735
59.000109	1.1767157036432552
59.020476	1.177080631626383
59.039976	1.1774766908128145
59.060323	1.1779106382462554
59.079972	1.1783539535573997
59.100265	1.1787773621045567
59.119956	1.1791881378574836
59.140089	1.179639102615473
59.160035	1.1802008711217644
59.179961	1.1809173832120818
59.199973	1.1817762777110974
59.21996	1.1827136029279026
59.239986	1.1836472567129384
59.259958	1.1845156833733002
59.279977	1.185299498560444
59.30026	1.1860202779189895
59.320203	1.186726484047544
59.339966	1.1874789509295507
59.359985	1.1883385932911372
59.38	1.1893502509451472
59.399976	1.1905201561728396
59.419965	1.1917979292981347
59.439988	1.1930822974481754
59.460283	1.1942597924684277
59.479971	1.1952611932246993
59.500025	1.1961007467718385
59.520041	1.1968682114905522
59.539992	1.1976739995853205
59.560266	1.1985814082793298
59.579967	1.1995705888592096
59.600018	1.200556046354436
59.620208	1.2014408759206534
59.64025	1.2021676287634102
59.660243	1.202734064746945
59.679999	1.2031737486610738
59.700006	1.2035272389756755
59.720014	1.2038288082641122
59.739992	1.20411141593104
59.760246	1.2044132722883814
59.780286	1.2047710423632012
59.800026	1.2052042075402523
59.819983	1.2057088987355211
59.839991	1.206272322668869
59.860032	1.2068967392776546
59.88002	1.2076084744513718
59.899995	1.2084391901343394
59.920054	1.2093937196257227
59.939968	1.2104356575781423
59.960079	1.2115095300401617
59.9805	1.2125860217703834
60.000047	1.2136934888156026
60.0202	1.2149068709528588
60.039963	1.2162997573186893
60.059969	1.2178958220118767
60.080036	1.2196555821782182
60.100284	1.2215045200200692
60.120187	1.2233754428678878
60.139954	1.225231370286816
60.159957	1.2270583946815998
60.179998	1.2288472908748407
60.200052	1.2305891050652802
60.22023	1.2322895455608078
60.239975	1.2339820028891682
60.259962	1.2357165796120195
60.279963	1.2375262894081263
60.30001	1.2393978983589384
60.320204	1.2412758811204583
60.339955	1.2431009804463347
60.359982	1.244854258112308
60.380013	1.2465717388799122
60.400114	1.2483187575052184
60.420006	1.2501440622706093
60.439958	1.2520458758356712
60.460156	1.253969068128356
60.479993	1.2558303734417506
60.500274	1.2575559427967062
60.520197	1.2591154769873996
60.540213	1.2605405813019974
60.559983	1.2619170011350873
60.580266	1.2633465738701746
60.599985	1.2648915107418957
60.619989	1.2665325012399458
60.63998	1.2681730483458953
60.660065	1.2696951588865923
60.680353	1.2710320077354487
60.700042	1.272205879708681
60.720749	1.2733036170276404
60.740609	1.2744103579212074
60.760812	1.2755548715846157
60.779986	1.2767075684093852
60.800001	1.2778263003148953
60.819981	1.278906249994571
60.840218	1.2799915387652074
60.859981	1.2811425852974754
60.880017	1.2823908118786824
60.900049	1.2837184373545458
60.919945	1.285075801404091
60.93997	1.2864172605553688
60.959975	1.287726531818484
60.980002	1.2890155752662773
61.00005	1.2903024902748326
61.020018	1.2915865178326698
61.039969	1.2928371812918817
61.060319	1.2940061093125197
61.079969	1.2950580388244106
61.100249	1.296004826416614
61.11997	1.2969183685014072
61.139964	1.2979045440162702
61.159987	1.2990444230347213
61.18003	1.3003377506625569
61.199989	1.301691757639765
61.220213	1.3029715248088678
61.23997	1.3040827077760655
61.260042	1.3050294309562802
61.279994	1.3059063868058967
61.299976	1.3068333154311025
61.320022	1.3078817302066117
61.339957	1.3090443567407666
61.360206	1.3102596402201512
61.379975	1.3114625326214155
61.40002	1.3126209939292124
61.420036	1.3137394807558498
61.439964	1.3148397775191407
61.460093	1.3159412689786558
61.48	1.3170526442307464
61.499974	1.3181722361152397
61.519979	1.3192902297019813
61.539978	1.3203921132099348
61.560041	1.321466746886114
61.579962	1.3225170985195869
61.60004	1.3235635394713912
61.620035	1.3246310502950323
61.640249	1.3257249709317296
61.660261	1.3268133537888376
61.680018	1.3278333153886384
61.700064	1.3287215617240564
61.719995	1.329450075889814
61.740137	1.3300431614973245
61.760386	1.3305664203200973
61.781241	1.3310986072964983
61.800135	1.3317066911364281
61.820121	1.3324352938362864
61.83999	1.3333074763552997
61.859994	1.3343279470445926
61.880209	1.3354858907608709
61.900015	1.3367638182924177
61.91998	1.338154621096937
61.9401	1.3396758332750458
61.960007	1.3413629623144727
61.980226	1.3432366778881866
62.000025	1.3452643744275887
62.020032	1.3473505151774687
62.040029	1.3493737847074876
62.060259	1.3512521890852052
62.080212	1.3529905107447764
62.100093	1.3546732210496666
62.119997	1.3564053625084223
62.140005	1.3582417775097841
62.160081	1.3601516182579538
62.179987	1.3620373184981078
62.20008	1.3637895452481579
62.220026	1.3653410733777367
62.240255	1.3666912998879057
62.26001	1.3678969688263751
62.280919	1.3690429255862062
62.300395	1.370211982794623
62.319981	1.3714662568619287
62.340935	1.37284321542729
62.360766	1.3743632189185107
62.381034	1.3760383397876366
62.399976	1.377872965989454
62.419995	1.3798527195381658
62.43997	1.3819310993048042
62.459997	1.3840316613530297
62.479976	1.3860762926427903
62.500049	1.3880293915178383
62.519987	1.3899281411601883
62.539978	1.391871011585417
62.560007	1.3939644744278696
62.579969	1.3962619361914084
62.599989	1.3987367006544915
62.61997	1.4013067573433045
62.639995	1.4038896618315968
62.660055	1.4064454446270014
62.679983	1.4089805658667884
62.700059	1.4115194609852084
62.719982	1.414074356672207
62.740037	1.4166386015690386
62.759992	1.419204642962874
62.780002	1.4217868717673157
62.800082	1.4244284661174114
62.820216	1.4271859966104044
62.839998	1.4301008664790777
62.859968	1.4331731385265243
62.879956	1.4363495345193302
62.899957	1.4395316502213686
62.920202	1.4426032010616239
62.939964	1.4454685587062965
62.959962	1.4480871707345264
62.980042	1.4504865688796527
63.000006	1.4527445256135896
63.019956	1.4549478938885885
63.039986	1.4571512546432666
63.060037	1.4593598550876
63.080206	1.4615479366414696
63.100234	1.4636978115359964
63.119968	1.4658293557078161
63.139984	1.4679942543575968
63.159991	1.4702357271155775
63.179974	1.4725438790651049
63.200002	1.474844217947666
63.219956	1.4770343838875506
63.240295	1.479045421052178
63.260008	1.4808818284689684
63.280268	1.482609298402547
63.29996	1.4843012519819454
63.31996	1.4859887563782546
63.339964	1.4876533876894993
63.359975	1.4892628060081132
63.379962	1.4908098678347776
63.399949	1.4923157767448427
63.420221	1.4937961057380413
63.439971	1.4952295476414506
63.460029	1.4965698110395158
63.47996	1.4977984406490104
63.500038	1.498969828062701
63.519973	1.5001972659489249
63.539968	1.5015786873992585
63.560257	1.5031188147424988
63.580204	1.5047158521735997
63.6007	1.5062302677359811
63.61993	1.5075839639743298
63.640015	1.5088103958018146
63.65996	1.5100172778260383
63.680203	1.511296448042798
63.699991	1.5126569341948615
63.71997	1.5140332681890842
63.739962	1.515353513388086
63.76007	1.5166025125615192
63.779984	1.517825567216808
63.800028	1.5190751682167787
63.819971	1.5203544871216454
63.840023	1.5216121121969748
63.859994	1.5227941898454183
63.879991	1.5239075900449914
63.900013	1.525036402703052
63.920222	1.5262921270553331
63.939965	1.527733046054408
63.959978	1.5293141725428747
63.980018	1.5309076007312832
64.000059	1.532381084120644
64.019985	1.5336809394843778
64.039961	1.534863235761608
64.060291	1.5360536318482945
64.080051	1.5373645123701083
64.100066	1.538823823887488
64.119957	1.5403592355189202
64.139978	1.541842963008805
64.160037	1.543164908804666
64.18023	1.5442883444805124
64.200013	1.5452590226913998
64.219983	1.5461706254042404
64.24001	1.5471136316163467
64.259981	1.5481380586278717
64.279981	1.5492448748050383
64.299981	1.550401784622654
64.319984	1.5515679237599391
64.339982	1.5527136938268284
64.360257	1.5538292247522223
64.380066	1.554922282621513
64.400014	1.5560096299659545
64.420023	1.5571058203889299
64.439994	1.558213147891808
64.460057	1.5593160859004487
64.479964	1.5603832768722996
64.499981	1.5613781578817054
64.519958	1.5622755326632982
64.540082	1.5630770034254935
64.560277	1.5638159771613613
64.580561	1.5645464599591323
64.600604	1.565319238958078
64.620782	1.566159341926383
64.640866	1.5670609375553497
64.660344	1.5680050213831849
64.680408	1.5689863876760066
64.700777	1.5700251115687085
64.720874	1.5711467537921473
64.739967	1.5723417575478595
64.760089	1.5735377788870843
64.780013	1.5746159781640467
64.800021	1.5754709142265089
64.820218	1.5760759115889376
64.840588	1.5765044738807608
64.861037	1.5768866942358053
64.880297	1.5773277386595819
64.900019	1.5778449939952133
64.920008	1.5783664956444565
64.939989	1.5787866990166526
64.96003	1.5790344922946506
64.980032	1.5791051889672538
65.000066	1.5790425661793583
65.019969	1.5788976637166565
65.039988	1.5787035303696904
65.060009	1.5784821718368633
65.079985	1.578265850067942
65.099988	1.578102219364061
65.12	1.5780319534399658
65.139972	1.5780585510111984
65.160332	1.5781415993140264
65.180009	1.578224386017607
65.200056	1.5782737751850602
65.220033	1.5782970953905067
65.239966	1.5783218602936726
65.26011	1.5783604071073287
65.279971	1.578397449986259
65.300018	1.578416332877594
65.319984	1.5784388210633806
65.339963	1.5785333152313017
65.360332	1.5787702013901634
65.380208	1.579152730205964
65.399983	1.5795824927139681
65.419953	1.5798993331651088
65.439962	1.5799785074971788
65.460054	1.5798192788143304
65.479973	1.579560163142407
65.499969	1.5794069894209979
65.51995	1.579521177745206
65.539974	1.5799406925217832
65.560308	1.5805787991758322
65.579993	1.581290486294818
65.600006	1.5819553167158515
65.619974	1.5825251150069946
65.64024	1.5830186910983524
65.660039	1.5834839323572778
65.679964	1.5839624039204543
65.700051	1.5844776802367075
65.72023	1.5850428911810746
65.739976	1.5856680718509488
65.760068	1.5863539399230255
65.780183	1.5870768687659214
65.80029	1.5877821467459348
65.820091	1.588397954826704
65.839994	1.5888654548734908
65.860028	1.589166203350877
65.879962	1.5893291100909324
65.900039	1.5894140514787847
65.920152	1.5894848864341335
65.939988	1.589588518764283
65.959974	1.589747444539297
65.980012	1.589961118036417
66.00024	1.5902080076844087
66.019987	1.5904467515152434
66.04	1.5906225570295114
66.060347	1.5906838653227402
66.080056	1.5906038865049659
66.100295	1.5903927018647495
66.119984	1.5900880453299278
66.139997	1.5897278810857172
66.16008	1.5893235774579162
66.179982	1.5888544810404905
66.199979	1.5882901580542452
66.220061	1.5876249324162117
66.240002	1.5868978500390734
66.260087	1.5861793408282117
66.279983	1.585529035608754
66.300056	1.5849514265923703
66.319973	1.5843810782592043
66.340008	1.5837116570098677
66.359967	1.5828538610890326
66.379974	1.5817862692027271
66.399969	1.5805660743836984
66.419966	1.579293209790096
66.439996	1.578053233616414
66.459989	1.5768780279344983
66.480233	1.5757483999932866
66.49996	1.5746303709745522
66.519975	1.5735128087447932
66.540283	1.5724164665705194
66.559965	1.5713703500008236
66.579973	1.5703787153307476
66.600024	1.5694084457819446
66.619976	1.5684083393677413
66.640045	1.5673452561155747
66.659977	1.566228657251143
66.680031	1.565104714243871
66.699953	1.5640246513742508
66.720001	1.5630106381190187
66.739948	1.5620432875434551
66.76026	1.5610786492189235
66.780314	1.5600822026116619
66.800452	1.559056601964861
66.820971	1.5580454011145641
66.840645	1.5571105747679364
66.860044	1.5562976137533744
66.880218	1.555607831515476
66.89996	1.554991263948055
66.920029	1.554361796459787
66.939966	1.5536260764386682
66.960306	1.5527144957083547
66.980095	1.5516047669341066
67.000021	1.5503313611085134
67.019991	1.5489761630148013
67.039976	1.547639620654663
67.060236	1.5464005391718023
67.079967	1.5452828284195306
67.100021	1.5442498172770398
67.119978	1.5432336728597347
67.139962	1.5421842326263662
67.160327	1.5411049669758377
67.180001	1.5400495763824182
67.200264	1.5390809850345846
67.219962	1.5382238526925818
67.239955	1.537448044170972
67.260196	1.5366959039322912
67.280249	1.535929600131224
67.300225	1.5351578048840038
67.319989	1.5344184082471435
67.340056	1.533731892083298
67.360247	1.5330659137321545
67.379989	1.5323429898026393
67.399999	1.5314875985497958
67.419986	1.5304770895772781
67.440354	1.5293586615194852
67.460024	1.5282223589358708
67.48002	1.5271528312204727
67.500002	1.5261939569238947
67.519988	1.5253448884684189
67.539965	1.524580335545693
67.560053	1.523873944530968
67.579977	1.5232095765934364
67.599954	1.5225807378534824
67.619982	1.5219871036290675
67.640395	1.521434137121983
67.660284	1.5209337436961141
67.680003	1.520501099242296
67.69995	1.520147650489979
67.72001	1.5198753690150437
67.739957	1.5196760607280724
67.760236	1.5195330218358591
67.780041	1.5194193436632155
67.800022	1.5192927424509124
67.820015	1.5190958292779269
67.839963	1.5187715988213153
67.859975	1.5182918353618875
67.879972	1.5176803645833399
67.900022	1.5170096203498171
67.919946	1.5163658199552847
67.940005	1.5158030405012075
67.95997	1.5153179317972358
67.979965	1.514862429704273
68.000075	1.5143820044930518
68.020166	1.5138480263767717
68.039942	1.5132617470159795
68.060006	1.5126358539655649
68.08022	1.5119800660064697
68.100037	1.51130921247195
68.119951	1.510663391503839
68.139982	1.5101098163553024
68.159994	1.5097085082521138
68.179948	1.5094609472244942
68.200591	1.5092870955153772
68.219962	1.509061877777281
68.240005	1.5086942538912813
68.260239	1.5081909560972155
68.280518	1.5076525513537664
68.300871	1.5072020745457082
68.319995	1.5069019498432774
68.340171	1.506724834865582
68.360421	1.506597050532901
68.380071	1.5064704323481106
68.399974	1.506355662680029
68.419986	1.5062876703205272
68.440065	1.5062581874667131
68.459976	1.5061828032898037
68.480002	1.505940159473053
68.499981	1.5054551779422056
68.520001	1.5047560703928837
68.540226	1.5039541071518365
68.559981	1.50315985427708
68.58025	1.502403868097803
68.600034	1.5016271641709675
68.619995	1.500750098448126
68.639991	1.49976436920758
68.660057	1.4987733260711413
68.680006	1.497944688221525
68.699976	1.49740580210124
68.719946	1.497154675566246
68.740076	1.4970499573008411
68.760009	1.4968888893046022
68.78023	1.4965229500016013
68.79997	1.4959367119247213
68.820067	1.4952409505331556
68.84	1.4945885073070975
68.860286	1.494071423195796
68.88001	1.4936674644340304
68.900032	1.4932669125144051
68.919948	1.4927531052457172
68.940065	1.4920738210553803
68.960221	1.4912526145623703
68.980038	1.4903399223521185
69.000036	1.4893530330578406
69.019959	1.4882624132872078
69.039977	1.4870402763579544
69.060013	1.4857301772085318
69.079963	1.4844717480409655
69.10005	1.4834462492789993
69.120002	1.4827739147907835
69.139957	1.4824389754965994
69.160409	1.4823042694638757
69.180295	1.482212601390112
69.200413	1.4821058147043897
69.219928	1.4820774368223069
69.240348	1.4823213168309248
69.26008	1.483010973364846
69.279981	1.4841889205339847
69.300038	1.485733764218729
69.319943	1.4874202538275556
69.340027	1.4890318850974236
69.360002	1.4904623838319195
69.380218	1.4917561243459416
69.399985	1.493073695578632
69.41995	1.494605024217357
69.440279	1.4964746808240517
69.459967	1.4986853933285924
69.480003	1.5011257059099596
69.499976	1.503634203319721
69.519948	1.5060814185476163
69.540027	1.508421555449668
69.56001	1.5106868607662114
69.580231	1.5129354645851347
69.600252	1.5151920549951332
69.619981	1.5174202795376242
69.640159	1.5195389859516923
69.660244	1.5214635103564593
69.679979	1.5231411811102267
69.700024	1.524561803133103
69.719968	1.5257460625034975
69.740104	1.526728589478369
69.760003	1.5275501639651543
69.779986	1.5282608241172195
69.799979	1.5289245339278748
69.820209	1.529614519720475
69.840032	1.5303953821371983
69.859982	1.5312984508488217
69.879976	1.532303077826103
69.900029	1.533336633558975
69.919992	1.5342976965560717
69.939966	1.535095707705443
69.959977	1.5356901941533752
69.980052	1.5361103357797954
70.000191	1.5364432049900345
70.020399	1.536794158998135
70.039967	1.5372390029906882
70.060067	1.5377932648611898
70.079944	1.5384151088519695
70.099978	1.5390380177053813
70.120334	1.5396105850664517
70.139949	1.540117398727519
70.159962	1.5405702824904328
70.179998	1.540982222577595
70.200233	1.5413484696133168
70.220494	1.5416513153158087
70.240459	1.5418836765376756
70.260686	1.5420700410601282
70.280674	1.542265252688912
70.299999	1.5425292197427571
70.319977	1.5428939054699737
70.340143	1.543343926112732
70.359973	1.5438221901687699
70.379988	1.544256670275576
70.400201	1.544593771423409
70.420024	1.544821534335813
70.439945	1.5449709646151373
70.460328	1.5450936366928327
70.479992	1.545226518296834
70.49999	1.5453652090576935
70.520003	1.5454656992111484
70.539961	1.5454779375200673
70.559973	1.545390196002992
70.579972	1.5452503115766374
70.600192	1.5451428498697777
70.620039	1.5451341685351951
70.639959	1.5452249585504378
70.659968	1.545347473046115
70.679979	1.5454113665464084
70.70008	1.5453639621779727
70.720062	1.545219654581018
70.739956	1.545038688054851
70.760075	1.544876190208542
70.780225	1.5447438353149185
70.799984	1.5446121816953469
70.820044	1.5444457662309363
70.840249	1.544236745872738
70.859967	1.5440077186352446
70.879973	1.5437838258056866
70.900042	1.543561360034457
70.919927	1.5433025765470907
70.940083	1.5429635296506248
70.959974	1.5425331761077714
70.980031	1.5420514909599254
71.000237	1.5415893083768442
71.019986	1.5412009792096275
71.040333	1.5408816561635597
71.060024	1.5405587082480607
71.080209	1.5401238191133302
71.09999	1.539484813577083
71.120162	1.5386037339301324
71.13998	1.5374992706977575
71.160237	1.5362185201653955
71.179998	1.5348049135415245
71.200012	1.5332886911580481
71.219968	1.5317040699647857
71.240167	1.530111555511069
71.260248	1.5285977192430489
71.280158	1.5272438518080715
71.299999	1.5260837599287698
71.319924	1.525083851651539
71.340285	1.5241636815572916
71.359979	1.5232441099844558
71.380022	1.5222891966873071
71.400047	1.5213136671493301
71.419981	1.5203546600670432
71.440069	1.5194323015577427
71.45998	1.5185287647621255
71.479986	1.5175988814214956
71.499966	1.5166013052145932
71.52021	1.5155255532484826
71.539968	1.5143952828690315
71.560283	1.5132468239685661
71.580415	1.5121014498337353
71.599941	1.5109565811394552
71.620084	1.5098080231330486
71.640011	1.5086890967396858
71.66003	1.5076925142315816
71.680008	1.5069456614213685
71.70006	1.5065427624747008
71.720001	1.5064763804268628
71.740056	1.5066221386500374
71.76001	1.506798975801736
71.779968	1.506870721997276
71.80004	1.506818429571456
71.820035	1.5067292422963459
71.839958	1.5067090567086083
71.85997	1.5067856340333505
71.87996	1.5068778097312583
71.899963	1.5068555701048894
71.91995	1.5066445750299342
71.939969	1.5062937011816138
71.959991	1.5059529561963967
71.980041	1.5057782926993952
72.000036	1.5058340545245572
72.020006	1.5060617266812604
72.039963	1.5063298875356932
72.059984	1.50652013856888
72.079982	1.506584190732595
72.099974	1.5065393004172867
72.120001	1.5064214419619166
72.1403	1.5062437548017464
72.15998	1.505992721758604
72.179973	1.5056552904064144
72.200148	1.505243631941699
72.219973	1.5047916734809257
72.240232	1.5043278546283676
72.259961	1.5038514945176746
72.279958	1.5033360536945686
72.299983	1.5027573038390052
72.319938	1.502121970848371
72.340045	1.5014721906175785
72.360206	1.5008611710788844
72.380627	1.5003183059915048
72.399985	1.499829404099768
72.420028	1.4993459581924018
72.44041	1.4988164696747592
72.460769	1.4982183502908628
72.480998	1.4975697958477014
72.500018	1.4969145453191877
72.52	1.496289969816806
72.540117	1.4956984895143808
72.55999	1.4950995314934221
72.58005	1.4944265270536523
72.600006	1.493618518043219
72.619973	1.4926482693903222
72.639973	1.4915318351610327
72.660059	1.4903160720979511
72.679994	1.4890538466268821
72.700025	1.4877836421529336
72.720211	1.4865254264355197
72.740237	1.4852909946437416
72.760082	1.4840944721821767
72.780355	1.4829487951677802
72.800066	1.4818484595943249
72.819972	1.4807559169073141
72.839955	1.4796109973627491
72.860306	1.4783641575246036
72.880049	1.4770105075778501
72.900227	1.4755953792258125
72.920037	1.4741830851729119
72.939928	1.4728117820270918
72.959944	1.4714708098975053
72.9802	1.4701173308904787
73.000001	1.4687145197066498
73.01996	1.4672551754461736
73.040073	1.4657496655582927
73.059985	1.4641913651797627
73.080185	1.4625345120084252
73.099963	1.4607085380051539
73.119971	1.4586610666833548
73.140006	1.4563974450971569
73.159979	1.4539874812888212
73.179969	1.4515357676317093
73.200102	1.449137425367022
73.219979	1.4468469652503237
73.240037	1.4446736915634615
73.260198	1.4425965570591068
73.280258	1.440581395010494
73.300231	1.4385898552759666
73.319977	1.4365819617029878
73.339974	1.4345212576539368
73.360206	1.4323864594733127
73.380009	1.4301823738675024
73.39999	1.4279385198155985
73.419968	1.4256917580271118
73.44	1.4234636613940603
73.460103	1.4212504337330458
73.479985	1.4190342123910349
73.500017	1.4168068068110267
73.52004	1.4145848911931846
73.539962	1.4124023316501775
73.559971	1.4102849563805453
73.579954	1.408229258305704
73.599972	1.4062043766619439
73.62018	1.4041779592912178
73.639983	1.4021454901786945
73.66004	1.4001382756412486
73.680025	1.3982014016329414
73.700288	1.3963568963061748
73.719936	1.3945805107453764
73.739993	1.3928116568501554
73.760006	1.3909911304332345
73.779992	1.3890989097029562
73.800215	1.3871634117098735
73.819957	1.3852338470712517
73.839965	1.3833362822975042
73.860056	1.3814473474540072
73.88003	1.379506684129322
73.900026	1.3774597746996238
73.919946	1.375298782423298
73.940072	1.3730704879261801
73.960008	1.3708460268592173
73.980242	1.3686763694439292
73.999963	1.3665669812187649
74.019957	1.3644885752752345
74.04005	1.3624113732466356
74.060155	1.36033207059879
74.080245	1.3582699493442594
74.100573	1.3562349342735185
74.120601	1.354195845367674
74.139999	1.3520799344162993
74.160375	1.3498124211840752
74.180061	1.3473723103463784
74.200049	1.344824743233883
74.220011	1.3423036656039053
74.239981	1.3399527764911743
74.260013	1.337862677147132
74.279983	1.3360432695467495
74.299961	1.3344428816797682
74.320164	1.332990775527612
74.339952	1.3316268793778663
74.360033	1.3302999835191565
74.380048	1.328947841582463
74.399988	1.3274899126018356
74.420174	1.3258519363996466
74.440073	1.3240114322695187
74.46027	1.3220312025018148
74.480092	1.3200521659616637
74.500038	1.3182430517366115
74.51998	1.3167328481657958
74.540318	1.3155612406148944
74.559975	1.3146701941885786
74.579997	1.3139367335259133
74.600005	1.3132279088243497
74.620004	1.3124527863193205
74.640028	1.3115910830002542
74.659991	1.3106889453065558
74.679982	1.309825101543612
74.699969	1.3090629191010756
74.719926	1.3084113806254865
74.740047	1.3078156638506315
74.75997	1.307183519650055
74.779985	1.306432759254938
74.800035	1.3055316109341875
74.820011	1.304507876785387
74.840096	1.3034238732427552
74.860227	1.302336956133102
74.880033	1.3012733719077505
74.900018	1.3002295854206674
74.919952	1.2991933215682114
74.940011	1.2981640263740652
74.959997	1.2971576904416429
74.980001	1.2961965893836884
74.999981	1.2952945530045974
75.020034	1.2944460572183445
75.039976	1.2936201568742653
75.060064	1.2927590234255786
75.080047	1.291786896299685
75.100178	1.2906369325313827
75.12004	1.289291090619247
75.140253	1.2878089630232281
75.159983	1.2863158288831738
75.179989	1.2849429623900057
75.199984	1.2837518358520228
75.219969	1.2826956356992174
75.240298	1.2816515225029126
75.259976	1.2805045592766668
75.279989	1.2792216568748904
75.300025	1.27785924458819
75.319976	1.276501074034387
75.339997	1.2751798925137023
75.360002	1.2738492942393815
75.379999	1.2724284789712985
75.399966	1.2708802109815622
75.420007	1.2692547775487781
75.439961	1.267662916698245
75.46	1.266201216380596
75.480265	1.2648911360290054
75.500021	1.2636772877367113
75.519954	1.2624787423017194
75.54003	1.261245773694773
75.559996	1.2599779842037997
75.580718	1.258699813996725
75.600568	1.2574265775269633
75.620781	1.2561561081921837
75.640002	1.2548899431117386
75.660056	1.2536566456267966
75.680232	1.2525082678817296
75.700089	1.251488470956568
75.720569	1.2505996014553176
75.740071	1.2497980750582234
75.760402	1.2490217632709282
75.779974	1.248225406621129
75.800037	1.247396119754019
75.819978	1.2465428545022004
75.840019	1.2456781324628738
75.859978	1.2448129740944032
75.880229	1.24396617956956
75.900014	1.2431697834642785
75.919969	1.242455780942008
75.93999	1.2418325249080726
75.959967	1.2412773325468696
75.980061	1.240761699425431
76.000137	1.2402935004984594
76.019966	1.2399369932451498
76.040052	1.2397828185671917
76.060209	1.2398814546129175
76.079979	1.2401888829316277
76.099979	1.2405698519477946
76.119979	1.240862416172513
76.140022	1.2409611383945471
76.160201	1.2408634515555879
76.179975	1.240652827693625
76.199987	1.2404380911485502
76.219969	1.2402945204656854
76.240053	1.240243198975751
76.259973	1.240272510589705
76.279956	1.2403761058524938
76.300061	1.2405746018140649
76.320027	1.2409038052782413
76.340042	1.241378089912275
76.359978	1.2419560728914527
76.37997	1.2425361846532916
76.400323	1.2429910351285844
76.420273	1.2432226874319443
76.440112	1.2432043579807739
76.460001	1.242981014218725
76.480307	1.242629085724272
76.50006	1.242204414872959
76.520043	1.2417147814022582
76.53996	1.2411329936158548
76.560044	1.240435452113021
76.580226	1.2396341307551761
76.600324	1.2387794975245094
76.619974	1.2379369620599285
76.639997	1.237158063769727
76.659981	1.2364669054987314
76.680017	1.2358673863561465
76.700288	1.2353623423201359
76.720245	1.2349709242652573
76.740033	1.234733461423887
76.760023	1.2346983236143827
76.780078	1.2348923791545268
76.800011	1.235287584093612
76.819986	1.235786790056346
76.84022	1.2362500351477137
76.860034	1.2365597690176586
76.879968	1.2366901380937845
76.899965	1.23672908176259
76.920019	1.2368250091923856
76.939967	1.237083915765317
76.960024	1.237487864364484
76.980068	1.2379001920477637
77.000007	1.23816211262195
77.020305	1.2382130659875958
77.040042	1.2381426798646635
77.060244	1.2381306194444688
77.079969	1.2383167391331567
77.099971	1.2386991987795481
77.120217	1.2391367983324217
77.140257	1.2394505342203566
77.15998	1.2395444903028334
77.179991	1.2394568115326239
77.200008	1.2393114833867016
77.220198	1.2392187862447497
77.241177	1.2392043029968907
77.259992	1.2392130686167655
77.279976	1.2391716231954342
77.300014	1.2390496047051354
77.319994	1.2388732375792568
77.33995	1.2386891985263822
77.359962	1.2385161801738191
77.379978	1.2383249895992239
77.399932	1.2380588341266132
77.419993	1.2376721433785267
77.439973	1.2371552520245381
77.460003	1.2365289508273525
77.480005	1.235819760097686
77.500286	1.235041160676678
77.520012	1.234197234447555
77.540043	1.2333026352591976
77.559986	1.23239670326058
77.579977	1.2315336213797803
77.600059	1.2307518657395364
77.619968	1.230045674221913
77.640006	1.2293622702194293
77.660221	1.228629145775044
77.679996	1.2277922102092695
77.700012	1.2268377895215536
77.719966	1.225785475251732
77.739991	1.2246623791521667
77.759972	1.2234821969007985
77.779982	1.2222452457242452
77.800058	1.2209559295973955
77.820204	1.2196397274217439
77.840005	1.2183437362406828
77.860192	1.2171194576199729
77.879948	1.2160008296391391
77.900001	1.214993412069421
77.919978	1.2140814474446628
77.939929	1.2132461151721623
77.959958	1.2124809677433428
77.980018	1.2117927657304046
77.999975	1.2111872348107733
78.019973	1.2106507981854018
78.040057	1.210143760420429
78.05997	1.2096137321737355
78.079959	1.2090229039297333
78.100004	1.2083699713798055
78.119957	1.20768797525265
78.140023	1.2070158811211544
78.159968	1.206363247511107
78.180014	1.2056966360371486
78.200006	1.2049626807865457
78.220035	1.2041341755514348
78.240244	1.2032440993536813
78.259995	1.2023775901166052
78.279987	1.201622168777128
78.300215	1.201009349077099
78.320004	1.2004900182820841
78.340356	1.1999628733400654
78.359991	1.1993365201069828
78.379963	1.1985815456167601
78.399987	1.1977369926973034
78.420227	1.1968694867814123
78.439995	1.1960170924628197
78.460046	1.1951588815551524
78.48	1.1942306551324622
78.500027	1.1931736797581498
78.520029	1.1919810905155286
78.540295	1.190709557517717
78.559963	1.1894482671599658
78.579985	1.1882657307861337
78.600148	1.1871692301906414
78.620061	1.1861037214069234
78.639973	1.1849919540726404
78.660323	1.1837904745687413
78.680573	1.1825243612183876
78.700756	1.1812761518656698
78.72088	1.1801353368946228
78.739974	1.1791438638495046
78.759999	1.1782780062985452
78.779976	1.177480369570478
78.800005	1.176715842511352
78.81999	1.176003779402566
78.840293	1.1753960075041174
78.859987	1.1749154682207208
78.879981	1.1745065348032142
78.899959	1.1740429995790398
78.919973	1.1733951543840961
78.940281	1.17250971864736
78.960219	1.1714449899630242
78.980046	1.1703377548370322
79.000017	1.1693283743619558
79.019959	1.1684955847104157
79.04	1.1678365825281651
79.059986	1.167290776948031
79.079974	1.1667795648954773
79.100015	1.1662368362944884
79.120057	1.1656235426955623
79.140287	1.164932394873716
79.160214	1.1641866443337268
79.179965	1.1634294590173104
79.20002	1.1627016965208323
79.219959	1.1620167652122682
79.240034	1.1613491398821751
79.259994	1.1606468563894174
79.280018	1.1598611928413762
79.300224	1.158973918241345
79.319959	1.158005127128489
79.339989	1.1569998144152387
79.360314	1.1560059229614312
79.38023	1.1550592624932052
79.400217	1.1541816361494055
79.419977	1.1533874655982006
79.440039	1.1526896725939968
79.460227	1.152099129614658
79.480005	1.1516196070087328
79.499995	1.1512449000145089
79.52007	1.150963872132495
79.540086	1.1507728210336197
79.559975	1.150686836167726
79.580033	1.1507388962792826
79.600259	1.1509618863819853
79.62002	1.1513619882271857
79.640046	1.151902430735964
79.659978	1.1525136064384076
79.680014	1.1531271292399905
79.700294	1.1537105920585535
79.719983	1.1542750461774045
79.740087	1.1548466132053004
79.760429	1.1554243452495236
79.780002	1.1559623684314566
79.800206	1.1563983755840783
79.819968	1.1567114515100285
79.840304	1.156961502129951
79.861131	1.1572689430516607
79.880013	1.157736828017833
79.900057	1.158366487642272
79.91998	1.1590313349988821
79.940061	1.1595365870747851
79.959999	1.1597302557388731
79.980017	1.1595905193930884
80.000231	1.159229149554465
80.019972	1.1588107025300456
80.040089	1.1584475800721836
80.060324	1.158145651824845
80.079977	1.157833974093955
80.100008	1.1574483203150017
80.119974	1.1570003004192095
80.14017	1.1565794866258063
80.160003	1.1562897918611634
80.179974	1.1561704127810228
80.199977	1.156160391722713
80.219969	1.1561309341221635
80.24013	1.1559604729427042
80.260248	1.1555997644714509
80.280074	1.155085102286151
80.300327	1.1544955301159086
80.319966	1.153886999120775
80.340077	1.1532490905522832
80.359987	1.152512286088389
80.380005	1.1515992248857847
80.400007	1.1504846970418166
80.419958	1.1492242361286742
80.439998	1.1479331786554021
80.459985	1.1467316287782137
80.47998	1.145692405175677
80.500008	1.1448232816764303
80.51998	1.144087377128986
80.540051	1.1434385475507303
80.559996	1.1428435199761897
80.580042	1.1422806713947937
80.600048	1.1417280768765876
80.619947	1.1411599048034375
80.639997	1.140556783612444
80.659979	1.1399185223507726
80.680218	1.1392643276974324
80.699956	1.1386187472426352
80.719947	1.1379961312855638
80.74002	1.137397582644158
80.759978	1.1368222234001704
80.779972	1.1362821005017185
80.799937	1.135808873112619
80.820998	1.135449242147172
80.839987	1.1352542139718464
80.860297	1.1352673453412179
80.879999	1.135513672074216
80.900004	1.1359900851486477
80.920092	1.1366605776717231
80.940382	1.1374617226010937
80.960221	1.138318755494141
80.980072	1.1391655118464306
81.00005	1.1399589078190722
81.020017	1.1406842977272547
81.040018	1.1413545042715247
81.060348	1.142006493976795
81.080029	1.142694429795538
81.10001	1.143474337897996
81.119969	1.1443810361504816
81.140061	1.1454080300080696
81.159981	1.1465054398442147
81.179968	1.1476024533579887
81.199997	1.14864431552608
81.219962	1.1496227685531961
81.240137	1.1505823154264614
81.259964	1.151600192035778
81.280199	1.1527530454856805
81.299976	1.1540883715719354
81.320353	1.1556122262111446
81.339953	1.1572943606435182
81.35997	1.1590841030605803
81.380006	1.160928257190917
81.399996	1.1627840268080476
81.420047	1.1646230488513742
81.439956	1.1664266167841086
81.460284	1.1681755507698874
81.479954	1.1698406532883983
81.499965	1.171379059264081
81.519995	1.1727395808010834
81.540238	1.1738763697381753
81.560351	1.1747670508145103
81.580299	1.17542780480961
81.600076	1.175916421182585
81.620246	1.1763172917404159
81.640103	1.1767104341038208
81.659991	1.177138044935618
81.680167	1.1775879405659648
81.700069	1.1780070545453813
81.720238	1.1783409863564522
81.739959	1.1785776482745607
81.760053	1.1787674339335195
81.780109	1.1790043332878852
81.799968	1.1793761973163828
81.819918	1.1799119956393929
81.840099	1.1805575571058198
81.859981	1.1811960418760847
81.880245	1.1817039740747581
81.90001	1.1820129029861726
81.919997	1.1821423614407105
81.940099	1.1821847918546897
81.9602	1.1822493819852824
81.980004	1.1823957650025474
81.999983	1.1825956594024065
82.019969	1.1827458793039127
82.03998	1.182726264215659
82.060041	1.182468316023681
82.080006	1.181992309138407
82.100278	1.1813896747125259
82.119949	1.180762899844249
82.139988	1.180163721344844
82.159986	1.1795715696639197
82.179945	1.1789254340331818
82.200208	1.1781835821343059
82.219962	1.177364896459237
82.240019	1.1765398274077368
82.259981	1.1757780265837594
82.279974	1.1750943126590083
82.300039	1.1744375941340557
82.319979	1.1737347774783644
82.34012	1.1729579997055748
82.360209	1.1721624169527165
82.380243	1.1714613271796765
82.399967	1.1709520546354308
82.420023	1.1706446337089171
82.440267	1.1704453737495502
82.459963	1.1702077811237712
82.479952	1.169814365083965
82.499982	1.1692318843713636
82.52064	1.1685055420149846
82.539968	1.1677045512424036
82.559961	1.1668647230989562
82.579954	1.1659688809327722
82.59999	1.1649716291073144
82.620195	1.1638418742363312
82.64025	1.1625900913785985
82.6602	1.1612667562612298
82.679974	1.1599417771617186
82.699966	1.1586828378964336
82.719957	1.1575420982356583
82.74035	1.1565500029409577
82.759977	1.155713186909201
82.779996	1.1550181548474199
82.799929	1.154443247004134
82.820008	1.1539744471902194
82.839934	1.1536137273392029
82.859994	1.153371951840236
82.87994	1.1532513323767304
82.900092	1.1532328856692289
82.920209	1.1532810581362984
82.940129	1.1533623387616747
82.959967	1.1534617817221156
82.97996	1.1535834076349776
82.999954	1.1537357477514492
83.019958	1.1539179783309275
83.041004	1.1541209986685184
83.060496	1.1543423778238775
83.081062	1.1545987250345182
83.099931	1.1549190198913915
83.120011	1.1553191393423867
83.140023	1.1557769300519223
83.160002	1.1562308921906825
83.179977	1.1566087205686468
83.200036	1.1568676780388036
83.219961	1.1570169925427767
83.24004	1.1571043837714323
83.25998	1.1571760227429655
83.279973	1.157240311373852
83.299987	1.1572637605659426
83.319976	1.1572029166272182
83.340288	1.1570483642098028
83.360735	1.1568466374695732
83.380002	1.1566810393053513
83.399988	1.1566215824888155
83.419966	1.156676703655597
83.440022	1.156779974639072
83.459972	1.1568236796463518
83.479981	1.1567216620320466
83.500033	1.1564638492964263
83.519965	1.156127007930834
83.540009	1.1558309223376928
83.559968	1.155663861140932
83.579976	1.1556246941490613
83.599972	1.1556231231774512
83.619963	1.1555428732300308
83.640318	1.1553271852724043
83.65997	1.155025503817696
83.679975	1.1547647325908859
83.700023	1.1546643944971688
83.720028	1.154759793040323
83.740032	1.1549924861534686
83.759992	1.1552737020176749
83.779969	1.1555662649312661
83.800063	1.1559155415223095
83.819981	1.1564038601611326
83.839957	1.1570685483371852
83.859983	1.1578544158272084
83.879988	1.1586413096771095
83.90002	1.15932384671817
83.920038	1.1598793468433637
83.940036	1.1603740865579752
83.959964	1.160910316797508
83.980017	1.1615596342868433
84.000049	1.1623288530832272
84.020273	1.1631704728714052
84.039982	1.1640163709998996
84.060057	1.1648069830604155
84.080026	1.1655051543350126
84.100352	1.166100840653978
84.119967	1.166614007308891
84.140112	1.1670937993297843
84.160235	1.1676077955151165
84.179996	1.168221894628371
84.200222	1.1689803179173357
84.219992	1.1698957307074902
84.23998	1.1709506463874337
84.259962	1.172103894506491
84.279972	1.1732973559811228
84.299973	1.1744644994408793
84.320203	1.1755441752020042
84.340009	1.176497479447568
84.360002	1.177319208465642
84.380239	1.1780371258544269
84.399981	1.1787006552444304
84.419953	1.179366241959795
84.440065	1.180084508984441
84.459972	1.180888354259481
84.479965	1.1817811316111442
84.500788	1.182731316176547
84.519959	1.1836841023104208
84.540006	1.1845912871551498
84.559972	1.185443699088384
84.579993	1.1862822638801676
84.600024	1.1871761730954105
84.619983	1.1881823777415583
84.640073	1.1893156437247023
84.659976	1.1905487017357208
84.679988	1.1918360294528265
84.700001	1.1931371921267477
84.719972	1.1944221045344994
84.740165	1.195662131433531
84.760236	1.1968250664701041
84.779995	1.1978850685115074
84.800014	1.1988398881521405
84.820009	1.199717107039083
84.840316	1.2005597994945123
84.859999	1.2014004580379498
84.880219	1.2022428690984552
84.899928	1.2030653815569206
84.920032	1.2038418628854277
84.940021	1.20456357795708
84.960255	1.2052446453719288
84.979987	1.2059055165958346
84.999969	1.2065445953526763
85.020067	1.2071185413548151
85.039998	1.2075493577353786
85.060278	1.2077605853059492
85.079983	1.2077228065259067
85.100062	1.2074765909423917
85.119978	1.2071118985282017
85.140119	1.2067128853704006
85.16	1.2063053872511758
85.179998	1.2058459872897134
85.200233	1.2052616113690289
85.220235	1.2045093752937626
85.240027	1.2036112695435761
85.260222	1.2026399357650883
85.28003	1.2016729113029774
85.300057	1.2007569851303423
85.320267	1.1999107086841407
85.340027	1.1991555466086699
85.359974	1.1985387593110555
85.379989	1.1981190812963196
85.399997	1.1979217558559452
85.419983	1.1979006024900132
85.440009	1.1979435709590875
85.460881	1.1979255310644252
85.480896	1.1977750172097377
85.499985	1.1975102475195911
85.520218	1.1972217482891137
85.540102	1.1970152064006694
85.560261	1.1969522339938792
85.580282	1.1970227243937426
85.59999	1.1971580952250402
85.61992	1.1972697125660987
85.640057	1.197287002187221
85.659963	1.1971769716953438
85.679988	1.1969417554841502
85.700029	1.1966023178272893
85.720016	1.1961798725094024
85.740038	1.1956839857733697
85.759976	1.195111394078683
85.779973	1.194455307219287
85.800059	1.19372070336873
85.820282	1.192937078984616
85.840326	1.192158593299024
85.859993	1.191445877209399
85.880245	1.1908347559385513
85.899972	1.1903090178002926
85.91997	1.1897976478695071
85.940058	1.189205234813497
85.960202	1.188462510169484
85.979981	1.1875670874058664
85.999926	1.1865869322771687
86.020032	1.185622352301686
86.040087	1.184750512701475
86.060016	1.183988507465401
86.079987	1.1832968713287413
86.099961	1.182616210458533
86.120035	1.18190830499028
86.140028	1.1811751798569075
86.159997	1.180450539527232
86.180359	1.179778239437229
86.199961	1.1791959560279344
86.219959	1.178730301540839
86.240006	1.1783969616045107
86.259985	1.1781976888168797
86.280241	1.1781149036590886
86.300005	1.1781117324901091
86.319948	1.1781417377647228
86.340055	1.1781623683445461
86.359981	1.1781407866115094
86.379999	1.1780475337016763
86.40001	1.1778469626228987
86.419999	1.1774997649010304
86.440066	1.1769842030674873
86.459969	1.176324829226606
86.47998	1.1756056446917238
86.50005	1.1749505332444263
86.520435	1.1744748699322687
86.540009	1.1742336454531788
86.560244	1.1741973166271433
86.579976	1.1742717195407795
86.599981	1.1743518006785882
86.619977	1.17437772618312
86.640199	1.1743606706132863
86.659971	1.174365272376128
86.679982	1.1744636282208603
86.69999	1.1746928170852848
86.719975	1.1750423609238538
86.739985	1.1754741165232991
86.760002	1.1759535969486352
86.779975	1.176466341429097
86.799965	1.1770091369605076
86.819958	1.1775689816092114
86.83998	1.1781128989493288
86.860094	1.1786010928949262
86.879975	1.1790148163639702
86.899968	1.1793773739996278
86.919961	1.1797519063374564
86.940043	1.1802168100027473
86.960221	1.1808334846956492
86.98001	1.1816224177268733
87.000053	1.1825555795689504
87.020009	1.1835652407037343
87.04003	1.1845661619043863
87.059975	1.1854860735025927
87.079983	1.1862943543538529
87.100034	1.1870139185691153
87.120047	1.1877052673150115
87.140326	1.1884274559281036
87.16	1.1891987057280506
87.180254	1.1899831472526818
87.200289	1.1907132117829953
87.220035	1.1913311623417357
87.239961	1.1918197160040944
87.260084	1.192203077643694
87.279992	1.1925252952454206
87.300029	1.1928299121394599
87.319989	1.1931580745239525
87.339979	1.1935592632294318
87.360224	1.1940927396407048
87.380013	1.1948055408106364
87.400076	1.1956975971767565
87.420012	1.1967031920630538
87.440274	1.197711214948749
87.459967	1.1986180398904447
87.479976	1.1993802660132944
87.500021	1.2000325148539204
87.519986	1.2006601982828358
87.539956	1.2013482947186784
87.560049	1.2021406289533847
87.579989	1.203030920555937
87.600283	1.203980661342272
87.619951	1.2049421342133457
87.640047	1.205869357215316
87.659959	1.206718218839493
87.680317	1.207450169459527
87.700026	1.2080490907888233
87.720062	1.2085433228689417
87.73995	1.209011949088631
87.759981	1.209560727594947
87.77996	1.21027513678288
87.799958	1.2111787370708083
87.819955	1.2122253454833385
87.84005	1.213332127505767
87.860206	1.2144326178657106
87.879952	1.215515808062342
87.899956	1.216627917221067
87.919956	1.2178391365760608
87.939987	1.2191991074556443
87.95996	1.220708497211981
87.979982	1.2223207208004208
87.999953	1.2239682718813103
88.019939	1.225595325514241
88.039995	1.2271778098210775
88.059983	1.2287219923011279
88.080274	1.230245401604565
88.099979	1.2317535002130104
88.119974	1.2332272253250458
88.140149	1.2346302579911679
88.160047	1.235933413387295
88.18076	1.237142066929125
88.200016	1.2383086841958064
88.220198	1.2395184572285824
88.239971	1.2408514811438744
88.260085	1.2423403907792316
88.28029	1.2439475877692152
88.299992	1.2455776302764017
88.320089	1.2471194789565603
88.34076	1.2484958757778295
88.359953	1.2496930270274134
88.379973	1.250756995699951
88.399981	1.2517644850002725
88.420158	1.2527899516405798
88.440606	1.253887822444312
88.459985	1.2550942084931567
88.480035	1.2564365020693133
88.500291	1.2579355246909822
88.520233	1.259594966517239
88.540358	1.261386612475317
88.560319	1.2632473611685586
88.581184	1.2650971972389733
88.600011	1.2668728368589368
88.620526	1.268559018842266
88.64037	1.2701993762758712
88.660276	1.2718792700902086
88.681155	1.2736870990232534
88.700297	1.2756734770803617
88.720378	1.2778284024514306
88.740605	1.2800890785760195
88.75997	1.2823745409673477
88.781056	1.2846264729446335
88.800248	1.2868314341576605
88.820173	1.289010868256651
88.840558	1.2911885127655407
88.860957	1.2933630436616868
88.88095	1.2955086633384783
88.900068	1.2976011266851564
88.920291	1.2996424667762485
88.940032	1.3016577199600425
88.959971	1.3036646836153312
88.980058	1.3056469229156265
89.000028	1.3075606005602647
89.020024	1.3093740516172798
89.039971	1.311105738360191
89.060055	1.3128255038626324
89.079996	1.3146182823368469
89.100031	1.3165428470962242
89.120031	1.3186199352857195
89.139983	1.3208528243156672
89.160207	1.3232520096835212
89.179981	1.3258361453702066
89.200001	1.3286085814453084
89.220214	1.331534065437933
89.240086	1.3345390870746572
89.260262	1.3375357280402742
89.279988	1.3404508245349205
89.300024	1.343243840201996
89.319997	1.3459114142261246
89.340114	1.3484835726791902
89.360212	1.35101275723157
89.379967	1.3535528684110532
89.400062	1.3561319850598093
89.420283	1.3587358846213728
89.43998	1.3613185470152291
89.460044	1.363835764796761
89.479986	1.3662766610581583
89.499974	1.3686658112129235
89.519987	1.3710353137404163
89.539989	1.37339503778057
89.559972	1.3757317250651577
89.57996	1.378039896634245
89.600004	1.3803527657080683
89.620016	1.3827372507742623
89.640007	1.385248527094807
89.659996	1.3878804525687736
89.68036	1.3905573702488674
89.699965	1.393179820146671
89.719942	1.3956905567630118
89.740018	1.398108416260515
89.759971	1.4005038985133345
89.779954	1.4029370479057575
89.80003	1.4054052624627793
89.820215	1.4078354492532998
89.840011	1.410118280371085
89.859975	1.4121555214695911
89.879968	1.4138928964476607
89.899963	1.415330802282971
89.919969	1.4165201937520646
89.939995	1.41755046290244
89.959951	1.418528887001565
89.979956	1.419550736295792
89.99994	1.4206690044334365
90.019953	1.4218803277535141
90.039988	1.4231376477052358
90.059953	1.4243824246761174
90.081755	1.425574346859505
90.099972	1.4266984913980694
90.119956	1.4277480296167984
90.140038	1.428699858653633
90.159966	1.4295055736354916
90.179959	1.4301069829397062
90.200041	1.430465899238373
90.219932	1.4305875698906976
90.240081	1.4305223665132691
90.259965	1.4303459073861675
90.280054	1.4301304549470375
90.300062	1.4299229766563255
90.319924	1.4297380676499354
90.340012	1.429564610798935
90.359965	1.4293790737584955
90.379996	1.4291578976932262
90.399988	1.4288843309761594
90.420043	1.4285489808436767
90.440002	1.4281465290016895
90.460214	1.4276728297311723
90.48484	1.4271263477713243
90.499949	1.4265140301283354
90.520011	1.425858606833685
90.540023	1.425200424387882
90.56018	1.4245871968358033
90.580015	1.4240519812255947
90.600099	1.4235877252606486
90.619981	1.4231351542815072
90.639989	1.4225984052652598
90.660039	1.4218883711402102
90.680372	1.4209727144955704
90.700284	1.41990155906713
90.720581	1.4187893877416613
90.739994	1.4177621414379955
90.76001	1.4169017364942176
90.780114	1.416218596649986
90.800372	1.4156592835411297
90.819956	1.4151319696431306
90.842493	1.4145305151439171
90.859995	1.4137545195725914
90.879992	1.4127359734196416
90.900015	1.4114742046700681
90.920045	1.4100571241804318
90.940037	1.4086387559246973
90.960241	1.4073682923415172
90.980006	1.4063094395304225
90.999986	1.4054083428742465
91.019983	1.4045400190738158
91.040026	1.4036034512599824
91.060232	1.40259523142092
91.079997	1.4016077431468703
91.099983	1.4007579382147286
91.119985	1.4001072906834187
91.140057	1.399635711290457
91.160353	1.3992839716342034
91.180036	1.3990227741478645
91.200067	1.3988902930496834
91.219979	1.3989707264087476
91.240005	1.399336462428615
91.259966	1.3999999373664087
91.280205	1.4009056229892014
91.300222	1.4019592244488595
91.320204	1.4030680400599684
91.340308	1.4041690427813278
91.359976	1.405237878035673
91.380054	1.406283514857531
91.400231	1.4073341811704083
91.42026	1.4084173402572884
91.439973	1.4095389204953834
91.460759	1.4106723170799227
91.480036	1.4117674503827344
91.499964	1.4127782317653235
91.519949	1.4136924162220812
91.539993	1.4145439769015153
91.560866	1.415398830825621
91.579978	1.416324356302285
91.600034	1.417363015261767
91.620296	1.4185255967689283
91.640124	1.4198034190747642
91.659984	1.4211849288055463
91.680033	1.4226624909885095
91.700057	1.424226139649494
91.720013	1.4258535319659755
91.739976	1.4275089581122937
91.759987	1.4291570060064727
91.780007	1.4307832886790766
91.799982	1.4324076444543155
91.819966	1.434078862058827
91.840005	1.4358525377633244
91.860049	1.4377649423699475
91.879993	1.439816288632483
91.900209	1.441968837149371
91.919952	1.4441562274622017
91.940023	1.4462987585298346
91.959979	1.4483230616984137
91.979998	1.4501856561835935
92.000014	1.451893449493534
92.019983	1.4535079682345908
92.040041	1.455123983307407
92.060006	1.4568293022683094
92.079984	1.458669265114341
92.099996	1.4606386665243078
92.120525	1.4627040560847362
92.139982	1.4648357549617186
92.160348	1.4670221667602132
92.18028	1.4692570418543716
92.199976	1.4715167450556808
92.220416	1.4737536115634302
92.240006	1.475916850951779
92.259954	1.4779851232440342
92.279976	1.4799807833806613
92.300008	1.4819500612840426
92.32021	1.483922212745121
92.339951	1.4858818865942578
92.360026	1.4877816633478755
92.380096	1.4895889732947685
92.399998	1.4913307193114171
92.420695	1.493095349405873
92.44075	1.4949821052362926
92.460891	1.4970293684660225
92.480715	1.4991752087495445
92.499976	1.501284992003022
92.519933	1.5032334416747555
92.540047	1.5049871539619648
92.559987	1.5066293333177148
92.579997	1.5083065043385686
92.600015	1.5101319545387752
92.620055	1.512111899762631
92.640019	1.514145496477189
92.659969	1.5160976275592983
92.680013	1.5178920634475084
92.70027	1.519559410155504
92.720961	1.5212085531283335
92.740298	1.5229468501158878
92.760375	1.5248090180875522
92.780145	1.5267442085769087
92.80021	1.5286645796877145
92.819976	1.530514438311238
92.839965	1.5323091217407927
92.859948	1.5341196483664936
92.880032	1.536018148399038
92.900054	1.538022712075326
92.919961	1.5400766396405585
92.939981	1.5420730586525082
92.959957	1.5439102865033758
92.980015	1.5455460917911448
92.999969	1.5470188793301203
93.019934	1.5484211743258693
93.039956	1.5498390333361511
93.059953	1.5512959247803113
93.079926	1.5527409831951817
93.100189	1.554093282353045
93.119952	1.555311794316188
93.14211	1.5564368644264348
93.159985	1.5575680322846315
93.179979	1.5587917577949024
93.199988	1.5601149148042253
93.21998	1.5614587347037614
93.240284	1.5627197583650947
93.260206	1.56385063856658
93.279951	1.564896276577216
93.299984	1.5659564514515465
93.319962	1.5671055694588136
93.342616	1.568334088049232
93.360227	1.5695568030131677
93.379969	1.5706773678183226
93.399975	1.5716544130013714
93.419971	1.57251899389167
93.441663	1.5733377445840588
93.459999	1.574162058429969
93.48039	1.5750076875911547
93.500027	1.5758742439374347
93.520181	1.5767747176369422
93.542137	1.5777388929335567
93.559979	1.5787853636684517
93.580037	1.5798910102655594
93.599986	1.5809916122228214
93.620146	1.5820181767412678
93.642361	1.5829391665361445
93.660263	1.5837726840240471
93.68028	1.5845585136838582
93.700285	1.5853155767653273
93.719921	1.5860233963970802
93.74224	1.5866441756053211
93.759974	1.5871672345322159
93.780214	1.5876346266105357
93.799979	1.5881209659593265
93.820011	1.5886791779814555
93.841755	1.58929533716287
93.860051	1.5898951243357504
93.87997	1.5904031684937685
93.89997	1.59081090372827
93.920201	1.5911969721242467
93.942925	1.591679506167325
93.960004	1.5923365253423818
93.979983	1.5931563544375331
93.999979	1.5940573255352963
94.019975	1.5949620782183322
94.040003	1.595870322960293
94.060264	1.5968779988812067
94.080037	1.5981292778158873
94.099956	1.5997309583396735
94.119927	1.6016816629314368
94.141074	1.603860709648775
94.168353	1.606084951747862
94.180279	1.608203596847436
94.200141	1.610167974759971
94.220232	1.6120315121935174
94.240516	1.613887699582169
94.260536	1.6157975384416574
94.281026	1.6177691724368664
94.301256	1.6197968785437882
94.320592	1.62191008540891
94.34002	1.6241744158148963
94.35997	1.6266427725211092
94.379973	1.6293086948329198
94.400078	1.6321117487507955
94.420028	1.634984229809269
94.440001	1.637882236250942
94.459984	1.640765101001688
94.479992	1.6435516615253607
94.499967	1.6461174675774584
94.519978	1.6483568714079184
94.54003	1.6502626827248426
94.559993	1.6519463865365824
94.581689	1.6535730695661837
94.599989	1.6552617091705868
94.620028	1.6570302555912393
94.639975	1.658822138944368
94.660066	1.6605758098650323
94.682916	1.6622747153233948
94.699967	1.6639424207898825
94.720051	1.665603329176952
94.740095	1.6672533587216187
94.760015	1.668861541352362
94.782692	1.6703919783897043
94.800094	1.6718192417750228
94.819997	1.6731247654953751
94.839995	1.6742820693691705
94.859958	1.6752507304990762
94.880143	1.6759876028104104
94.89996	1.6764735014673526
94.919971	1.6767330903125064
94.939991	1.6768299642376028
94.959982	1.6768382754363047
94.980017	1.6768069841364743
94.999955	1.6767439501318409
95.01998	1.676632886208518
95.039993	1.6764701979403136
95.059984	1.676290538680085
95.080005	1.6761566666464154
95.099985	1.6761179142255231
95.120043	1.6761698984623983
95.140014	1.676251497541812
95.159969	1.6762870370432823
95.179984	1.676243014007026
95.20001	1.6761525898205916
95.220014	1.6760843534713492
95.240045	1.6760780515202351
95.259959	1.67610062715822
95.279993	1.6760627989105477
95.300562	1.675887475511999
95.319963	1.6755767809701734
95.340035	1.6752228072991213
95.359989	1.67495107258687
95.380245	1.6748389576553595
95.399941	1.6748699485916134
95.420026	1.6749536626716124
95.440089	1.674990169994922
95.459983	1.674927371312329
95.48004	1.6747740295998452
95.500062	1.6745706388109947
95.520024	1.674349871310858
95.540044	1.6741160653130556
95.559985	1.6738492033856516
95.579968	1.6735191287009823
95.59999	1.6730959235986471
95.620029	1.672555399622314
95.639959	1.671886202501604
95.660017	1.6710995870681042
95.68007	1.6702334310932636
95.700021	1.6693422313742834
95.720021	1.6684759872816148
95.740062	1.6676613786284376
95.759981	1.666897186041794
95.779986	1.6661642267001495
95.799993	1.6654403495169117
95.82019	1.6647115131886487
95.840003	1.6639771503555139
95.860198	1.663251763891136
95.879959	1.6625618240135902
95.899965	1.6619345185610244
95.92011	1.6613801749257977
95.939951	1.6608800125350724
95.960633	1.6603930373187903
95.98004	1.659883096157041
96.000023	1.6593484703023988
96.019967	1.6588299963223194
96.040151	1.6583881681765855
96.060514	1.6580647377263444
96.080415	1.6578566619508346
96.099999	1.657719344984437
96.119987	1.6575920960775261
96.140296	1.6574237197616157
96.160455	1.6571821502332147
96.180542	1.6568504171495029
96.200615	1.6564225154629184
96.220672	1.6559068786240903
96.240942	1.6553310106653476
96.260246	1.6547353713946737
96.280656	1.6541550898621502
96.300015	1.6536033108994497
96.320056	1.6530728767517846
96.340044	1.6525573521267982
96.36023	1.6520717444984259
96.380005	1.6516490742157108
96.400229	1.6513084825877584
96.419992	1.6510190892176353
96.440075	1.6506945875939383
96.460041	1.6502333995400202
96.479991	1.6495816106633812
96.499997	1.6487730448557558
96.52025	1.6479138920575076
96.54004	1.6471204086235078
96.559987	1.646454119445045
96.580232	1.645899796644784
96.599972	1.6453970162014682
96.619941	1.6448956372468146
96.640065	1.6443913752823776
96.659999	1.6439183681118374
96.680039	1.6435111901143107
96.699985	1.6431687788461677
96.720009	1.6428457106358245
96.740329	1.6424726951771609
96.760083	1.6419888242526466
96.780213	1.6413653340596426
96.799972	1.640610201591975
96.819977	1.6397550540426473
96.840043	1.6388335753944696
96.85998	1.637862967567134
96.880227	1.6368384226257553
96.899955	1.635744339574328
96.920052	1.6345766362302236
96.940077	1.6333624491690524
96.959969	1.6321635990959396
96.980026	1.6310596585482118
96.999968	1.6301191971075686
97.020042	1.6293741733046383
97.040141	1.6288088569297816
97.06033	1.6283652803144335
97.080076	1.6279596580893125
97.099999	1.6275028745472235
97.119969	1.6269203535261585
97.140097	1.6261683733957546
97.160131	1.6252440705987912
97.1802	1.6241867447616591
97.199966	1.6230703418361565
97.220128	1.6219895964043738
97.24008	1.6210427688737936
97.259984	1.6203121774781746
97.279997	1.6198435029736433
97.300012	1.6196280911853085
97.32085	1.6195968374061496
97.340168	1.619633928673909
97.360001	1.619610211338584
97.380045	1.619423594951333
97.4001	1.619027700158477
97.419985	1.6184364109225435
97.440098	1.6177068258087264
97.459992	1.6169151189395663
97.479964	1.6161389145442082
97.500061	1.6154482956109868
97.520224	1.614897139427587
97.540209	1.6145081978877989
97.559974	1.614257573115381
97.579982	1.614073916801272
97.600078	1.6138631411864308
97.620079	1.6135512681290012
97.640122	1.6131216162262305
97.660067	1.6126224128953284
97.679978	1.6121390234987911
97.700265	1.611747976026835
97.720065	1.611480485677381
97.740075	1.611314940184934
97.759993	1.6111983526781255
97.779979	1.6110806384521608
97.799974	1.610941930373396
97.820041	1.6108010722878205
97.840109	1.610704923100732
97.859981	1.6107060936202784
97.879982	1.6108389841705912
97.899966	1.6111023114810727
97.920001	1.6114535286018734
97.940106	1.6118173559005964
97.95997	1.6121065128513072
97.979992	1.6122476232099623
98.000166	1.6122015190337564
98.01999	1.6119685792766936
98.043628	1.6115781468940071
98.060214	1.6110711207265442
98.079982	1.610489354698773
98.100028	1.609876821265297
98.119986	1.6092822050587174
98.140127	1.6087470570706979
98.159967	1.6082762246502145
98.179964	1.6078121541647006
98.199992	1.607245777366887
98.220024	1.606476024162971
98.240052	1.6054873129169014
98.260207	1.6043870423083222
98.279991	1.6033636732079957
98.300046	1.602583678164258
98.319997	1.6020963890364288
98.340166	1.6018144649672168
98.360331	1.601582308847391
98.37999	1.6012800265218916
98.400062	1.6008899471017428
98.419955	1.6004890256430127
98.440134	1.600188205341096
98.460244	1.6000699259044229
98.479971	1.6001596368448163
98.499975	1.6004310280108285
98.519965	1.6008238319489014
98.540129	1.6012598889705056
98.56023	1.6016588133083298
98.579991	1.601957375767092
98.599963	1.6021254920652153
98.619968	1.602165498386666
98.640221	1.6020928901155114
98.659969	1.601915206945746
98.680434	1.6016296870064723
98.699963	1.601241925039776
98.719954	1.600785049192735
98.740172	1.6003160326842152
98.759979	1.5998883229405083
98.780011	1.5995240451707564
98.799987	1.5992115608413064
98.819959	1.598930195792011
98.840204	1.598678391286568
98.860231	1.598480656690523
98.880153	1.5983711492735433
98.89997	1.5983740030737457
98.919957	1.598499314220932
98.940265	1.5987520626889933
98.964295	1.599134575462858
98.980379	1.599631425328598
99.000045	1.6001900981666028
99.020068	1.6007245350062966
99.040224	1.6011531513759836
99.060725	1.6014494264905663
99.080268	1.601664804125511
99.100057	1.6018999682436756
99.120085	1.6022411002712917
99.140452	1.6027073174894557
99.159972	1.6032481787001178
99.179972	1.6037906918522655
99.199995	1.6042964648516567
99.219985	1.6047831212137202
99.240144	1.6052944804932836
99.25997	1.6058456968075743
99.280021	1.6063890263705096
99.299963	1.6068291530107996
99.31996	1.6070783583550565
99.340397	1.6071119042781452
99.359972	1.6069841406205998
99.380063	1.6067942080180901
99.400009	1.6066247675046528
99.42006	1.6064944333930327
99.440412	1.6063544619176384
99.460197	1.6061310475695636
99.479974	1.6057856466107696
99.500038	1.6053537785631067
99.520024	1.6049351869564195
99.540184	1.6046381740160185
99.559968	1.6045112257552758
99.579977	1.604506794089134
99.600211	1.6045047749275878
99.619982	1.6043852942136898
99.640125	1.6041058959180226
99.660209	1.6037323519774873
99.679983	1.6034014859977976
99.70022	1.6032401483889327
99.719988	1.6032928334257686
99.74018	1.603502250927087
99.760291	1.603749263032955
99.780265	1.6039196991263311
99.79999	1.6039540229068225
99.819948	1.603855446839918
99.840254	1.6036639641883519
99.859976	1.603422699568278
99.880044	1.6031584024004553
99.900052	1.6028795804800502
99.920005	1.6025817789621162
99.940144	1.602250002027146
99.959968	1.6018588099265187
99.97997	1.6013781377767293
99.999968	1.6007896918920708
100.020015	1.6001078790476975
100.040144	1.599390778225894
100.059952	1.5987291545326652
100.080026	1.598214010656004
100.100094	1.5978978344025059
100.119955	1.5977712693197677
100.140076	1.5977704906606605
100.159968	1.5978142421347274
100.179978	1.5978519675477154
100.200844	1.5978963068211642
100.220654	1.5980203462756297
100.241199	1.5983188615476136
100.259967	1.5988540941945968
100.279979	1.5996165837097012
100.299966	1.6005239502723367
100.319967	1.6014590656367291
100.340178	1.6023255542694501
100.360025	1.6030896021080128
100.380019	1.6037865445076682
100.400052	1.6044933422231715
100.419957	1.6052874028020028
100.440161	1.606215805462492
100.459963	1.6072867827640005
100.479965	1.608479198229983
100.500068	1.6097580532317373
100.520032	1.6110873514126087
100.540261	1.6124379923850465
100.559964	1.6137900450901008
100.579961	1.6151278245726162
100.600034	1.6164290484306147
100.620073	1.6176574019539736
100.640234	1.6187712560316014
100.660115	1.6197502388298985
100.679983	1.620621109426915
100.699984	1.6214543496313631
100.720038	1.6223198830737564
100.740212	1.6232256933423643
100.760087	1.6240869427678888
100.780267	1.6247589116991443
100.800376	1.6251203187907306
100.820271	1.6251512042171632
100.840399	1.6249483423520006
100.860012	1.624665290282475
100.88006	1.6244192840199287
100.90004	1.6242302370587485
100.919975	1.6240308976143285
100.940143	1.6237351924330117
100.959974	1.6233121903169887
100.980045	1.622814631528113
101.000041	1.6223465359318954
101.020022	1.6219967763069219
101.04058	1.6217856554769545
101.059992	1.621657992707616
101.080222	1.6215228744044385
101.099978	1.6213097032881267
101.120112	1.6210025785950093
101.140326	1.620633452515448
101.160006	1.620244404079315
101.180236	1.6198496557153241
101.199983	1.6194248202086752
101.219978	1.6189281386817895
101.240176	1.6183345094921677
101.259963	1.6176561956896995
101.279964	1.616938036734592
101.299983	1.616236423568132
101.320016	1.6156014024612848
101.340445	1.615072698448699
101.359998	1.6146833723558645
101.380043	1.6144569440482708
101.400039	1.614392998798711
101.419966	1.614453210091222
101.440167	1.6145664514134854
101.459948	1.6146589192451999
101.47999	1.6146931525143293
101.499954	1.6146879579069457
101.520037	1.6147021209407442
101.540358	1.6147911190204922
101.560398	1.6149664779161217
101.57996	1.615185264914439
101.600025	1.6153741360380447
101.620251	1.6154670377724787
101.640046	1.615428203555734
101.660875	1.615247478316765
101.679971	1.6149185773379804
101.700124	1.614423758310158
101.720024	1.6137401476729105
101.74004	1.612862389283559
101.759975	1.611822106876934
101.779972	1.6106875715812692
101.800022	1.6095434055075257
101.820005	1.608464175646707
101.840327	1.6074963863794354
101.860208	1.606653044073103
101.880115	1.6059162492235517
101.900055	1.6052439892514592
101.92022	1.604583474062799
101.940033	1.6038939043958802
101.959971	1.6031720849868094
101.980007	1.6024642781575236
102.000026	1.6018500465978913
102.02003	1.6014017525932238
102.040075	1.6011430017963146
102.060221	1.6010329343220695
102.079999	1.6009858864388755
