145.660079	0.11667191996237138
145.680042	0.11672402267869061
145.700016	0.11679259963514128
145.72005	0.11681182633276738
145.740216	0.11672371610692295
145.760035	0.11658789230595652
145.779989	0.11659249130328146
145.799986	0.11688011017812472
145.819985	0.11727748766632
145.840054	0.11731792489526048
145.86032	0.11669600621640472
145.879986	0.11585903780528424
145.899985	0.11581195763610211
145.920028	0.11723255500708987
145.940224	0.11922882121532796
145.960265	0.11917003485451465
145.980128	0.11425015670539694
146.000398	0.10312251656515695
146.019976	0.0879150201708161
146.040037	0.07075033412666915
146.060046	0.054427456731259885
146.079978	0.03950217996635657
146.100095	0.025110351917528813
146.120297	0.011022489529744639
146.139957	-0.0014836376456525847
146.160001	-0.011688695687238146
146.179981	-0.01893404582096616
146.200216	-0.024345247570075532
146.219987	-0.029234055589230125
146.240012	-0.034359517507090286
146.260307	-0.03889466242805276
146.280227	-0.04132288371703871
146.300248	-0.04107902314947416
146.319964	-0.0388570942028116
146.340056	-0.03590297488026257
146.360234	-0.0327639850724855
146.380088	-0.02813730518793957
146.402772	-0.01790545018085596
146.420054	-0.004644802621038703
146.440048	0.015397048946673368
146.460086	0.03419461128781666
146.480067	0.04413390817081158
146.500171	0.04131427834955588
146.52004	0.028795490926381083
146.539994	0.014230146811921763
146.56029	0.0035294203680549287
146.579996	-0.004243990291604251
146.600195	-0.017767758435157884
146.620029	-0.04410599888535052
146.640253	-0.08363367304525154
146.660024	-0.12439884986603836
146.679981	-0.154033437078101
146.70026	-0.16442183353700443
146.72063	-0.15747024020974978
146.740885	-0.14310836258695558
146.759973	-0.13176136591360876
146.780058	-0.12549337431214894
146.799997	-0.12047973197443793
146.820206	-0.10751866292387155
146.840017	-0.0793972733419632
146.859975	-0.03465702133563441
146.879954	0.018018941777197074
146.899953	0.06344443008369044
146.920009	0.0873720338670164
146.940014	0.08439583901568551
146.959974	0.06103191777742111
146.979978	0.030042617197470232
147.000004	0.00151827228886103
147.020066	-0.023220292196985893
147.039988	-0.04974728221497817
147.060318	-0.08516068907359864
147.079997	-0.12887093280305675
147.100068	-0.17977477521177773
147.120007	-0.23272253557235761
147.139967	-0.28651902496031395
147.160291	-0.3419554612566237
147.179993	-0.3947054934166624
147.199988	-0.44276627714853223
147.220005	-0.4799702093596564
147.239976	-0.5030713855820299
147.260287	-0.5131630823190697
147.279997	-0.5137098229079854
147.300254	-0.5091695419178122
147.319965	-0.502669696472404
147.339974	-0.49506122183597134
147.360049	-0.48654931800044704
147.379992	-0.47759908124613687
147.400055	-0.46946938497889246
147.420111	-0.4643260260348098
147.440168	-0.4638093119612033
147.460032	-0.4677412300048957
147.479991	-0.4739250342689607
147.500178	-0.4791596557987764
147.520002	-0.4806972875143072
147.539985	-0.4773625390382592
147.560099	-0.46855618304221125
147.579999	-0.4536222022868955
147.600006	-0.4313468925316408
147.620034	-0.40223870589477256
147.63999	-0.3700493856253316
147.660041	-0.34108247972926015
147.679997	-0.32242233030502127
147.70001	-0.317339114262949
147.720242	-0.32395307354812347
147.740171	-0.3357579727264455
147.760024	-0.3459045634616994
147.779993	-0.3506954612658701
147.800247	-0.35071167285879573
147.820043	-0.3492672731622645
147.839984	-0.3492436267080544
147.860086	-0.35156347220544176
147.879983	-0.3560628116579429
147.900028	-0.36380144250062807
147.920073	-0.37722857071110105
147.940036	-0.3979527987356277
147.959971	-0.4242895984194592
147.980104	-0.45190029990167
147.999979	-0.47669414451670217
148.020052	-0.501163765406121
148.039989	-0.5318686071713715
148.060305	-0.5762745017857697
148.079995	-0.631714246512413
148.099965	-0.6921273795067413
148.119966	-0.7455990545266417
148.140186	-0.7858413902711219
148.159998	-0.8129594531986991
148.180074	-0.8338423744478671
148.199974	-0.852028917828352
148.22001	-0.8660546115819416
148.239964	-0.8696084216949872
148.259982	-0.8570665223356642
148.280334	-0.8269052011180462
148.299961	-0.784933766249513
148.320363	-0.7340209206680929
148.340432	-0.681309547070809
148.360725	-0.6273435353307757
148.379959	-0.5768203700102813
148.399974	-0.5283992662219565
148.420296	-0.4899070527033708
148.440541	-0.4685175710084393
148.460689	-0.46548674809582774
148.480049	-0.47410226891096613
148.500071	-0.48313935800773905
148.52013	-0.4805463837923177
148.540022	-0.4600329587188907
148.560331	-0.42122315299859847
148.580029	-0.37138444283610716
148.600254	-0.31476728637622564
148.620054	-0.26135741074106633
148.640085	-0.21726087974501845
148.659961	-0.19096929372774699
148.680073	-0.18698609356168136
148.700274	-0.20499358053910433
148.720336	-0.23783414179899082
148.739985	-0.27469290422378717
148.760106	-0.30832239806891354
148.779995	-0.33291282415402557
148.799999	-0.34855449056344723
148.819985	-0.357224302707302
148.839995	-0.36258163168568286
148.860045	-0.3701858088831554
148.880173	-0.3873083144325191
148.899993	-0.41931125609090997
148.920287	-0.46740236643421956
148.940306	-0.5217009945623851
148.960146	-0.5702873451778786
148.98074	-0.6077810916308217
148.999978	-0.6343390197127201
149.020169	-0.665869095532423
149.040056	-0.7114840396977504
149.06015	-0.7721944713846404
149.079986	-0.8343954225973876
149.099993	-0.8835404638443989
149.12005	-0.9106296916099154
149.140092	-0.918892738785951
149.160047	-0.9187851546132144
149.180229	-0.9185675886382066
149.200637	-0.9183994584335716
149.220407	-0.9116617573204994
149.240018	-0.8911836968001675
149.26005	-0.8537243965856114
149.27999	-0.80379240567953
149.299997	-0.7481700316889691
149.319996	-0.6933020737483837
149.33997	-0.6421428286286214
149.36028	-0.5940298378488538
149.380005	-0.5509999464187367
149.400233	-0.5120829993537632
149.419962	-0.4816149212171482
149.44006	-0.45937974433663165
149.459984	-0.4438871082204254
149.480035	-0.4293666327843554
149.500145	-0.40926841018181404
149.520053	-0.37939508412658013
149.540154	-0.33905009098801686
149.560007	-0.29406822928502274
149.579994	-0.252367374191468
149.600358	-0.2231363521662711
149.620062	-0.21335911783826678
149.6401	-0.22065524910472836
149.660135	-0.23567140012674181
149.679981	-0.24451844602583028
149.699959	-0.23553347356622273
149.719974	-0.2037537995537853
149.740457	-0.15094370698058562
149.760036	-0.08840088699380513
149.780002	-0.019985771611329764
149.800216	0.048293614484355235
149.820079	0.11028446672596096
149.84036	0.1639824640589283
149.860777	0.20342757221221955
149.880906	0.22404271922782756
149.900079	0.22559570773699078
149.919969	0.21164094777646864
149.940013	0.18763569973828803
149.960806	0.15797127758913762
149.98003	0.1282840163698007
149.999987	0.09354620958386597
150.019975	0.05140159511609701
150.040033	-2.5066270050749795E-5
150.060044	-0.0576704861287608
150.079992	-0.11425047833528718
150.100041	-0.16176446204914105
150.120078	-0.19455278160152095
150.139953	-0.2126901130270524
150.160277	-0.22108202504709215
150.179985	-0.2239787181475257
150.200441	-0.22256914944630854
150.219981	-0.21391290015077263
150.239986	-0.1938820183810048
150.259993	-0.16381758781674147
150.28	-0.13240648592510887
150.299998	-0.11300380147251815
150.320014	-0.11627023429529719
150.340236	-0.14376109246666158
150.360365	-0.18598687743117198
150.379988	-0.22814945461522254
150.400041	-0.26225364014768404
150.419984	-0.28571182771764686
150.44022	-0.3038243474105537
150.460056	-0.32084814968578657
150.479992	-0.3368281487677234
150.499966	-0.34550141709037663
150.520076	-0.3384087434566775
150.539997	-0.30965446698433124
150.56031	-0.25696483506995077
150.580015	-0.18693891432410598
150.600761	-0.10105131026404132
150.620021	-0.018844482168046947
150.640023	0.060507838343744194
150.660056	0.1279528608373184
150.679982	0.18061606306622463
150.700006	0.21955792750657782
150.720063	0.24682228278306137
150.740017	0.26550227664078146
150.760056	0.2799002160188327
150.779992	0.29440318757060957
150.800996	0.3133682958692378
150.820258	0.33416075212796076
150.839988	0.35497628159674804
150.860287	0.3694884075039372
150.880273	0.37167570397624305
150.900042	0.36029935377285044
150.919967	0.33795894998866216
150.939966	0.3103963190040751
150.959977	0.28413980515490694
150.98004	0.26393553284774723
151.000037	0.25096849645825353
151.020003	0.24159043087653517
151.039962	0.22876119089573718
151.06003	0.20561656711463064
151.08044	0.16971568732521936
151.100019	0.1285608475054276
151.120038	0.08995150698016907
151.140259	0.06455836238533359
151.159965	0.05773342843987889
151.180041	0.06760129291845425
151.200004	0.08983354163640467
151.220272	0.12210189408140337
151.239952	0.16335445525920836
151.259977	0.2179794794786608
151.280236	0.2879424045619833
151.299972	0.3698933281397004
151.320021	0.4641293354205779
151.339973	0.5641357189461759
151.360247	0.6665426874973925
151.379979	0.7619105728353583
151.399971	0.8504480208496064
151.419973	0.9289461620982827
151.439963	0.9959980695824409
151.460294	1.0500687287152344
151.480211	1.0847012579883528
151.500063	1.0959564532918429
151.51994	1.0817938613205396
151.539945	1.0456313178569034
151.560697	0.9954288181136015
151.580518	0.9476095720664914
151.600847	0.9087957750920317
151.621002	0.8837967991638565
151.640029	0.8687945336857921
151.660131	0.8525373890776284
151.679961	0.8263009628920565
151.699965	0.7835895155110492
151.720066	0.7243315234011404
151.740289	0.6532751572212121
151.760057	0.5795793064982652
151.780011	0.5070673076673675
151.799996	0.44003514458892834
151.819937	0.37995570308090176
151.839952	0.3259990663911188
151.859959	0.27687547600543577
151.880262	0.22940525800281464
151.900067	0.1819767145158748
151.919983	0.12918920138297832
151.940126	0.06788566434086063
151.960034	3.935912397816099E-4
151.979992	-0.06860202914274771
152.000004	-0.1313538052964351
152.020032	-0.18329421853633981
152.040256	-0.22823017907410045
152.059961	-0.2746251840306151
152.08007	-0.3340908328391166
152.100063	-0.40572586729948623
152.120028	-0.4792025751283104
152.139949	-0.5394064662062531
152.160282	-0.5777117613527093
152.180006	-0.593616987466341
152.200117	-0.5966545825774181
152.219949	-0.593379047852571
152.240104	-0.5824919833479096
152.259979	-0.5564491815551029
152.280286	-0.5063850739661506
152.30021	-0.43300822831765967
152.320165	-0.34106670801095845
152.339937	-0.24014706687171866
152.360204	-0.1331639660482266
152.379955	-0.028622174439370082
152.400014	0.07533726866389148
152.42098	0.1771056121271122
152.439987	0.2578718829790937
152.460166	0.3283344997281405
152.479973	0.3846836595676202
152.499962	0.43469827027101227
152.520029	0.4830316696384416
152.539975	0.5287756275497786
152.560055	0.5668641566369692
152.579994	0.5904370216149558
152.599976	0.5971284929221645
152.619972	0.5884180762437575
152.639925	0.5667723139922879
152.660249	0.5317040986939592
152.679985	0.4834441712778303
152.700222	0.4196091023159822
152.720004	0.3479954971445757
152.739982	0.27489770400786967
152.76003	0.2088075142126598
152.780198	0.15327435023078584
152.799969	0.10823179225282453
152.819957	0.06858597064911896
152.839987	0.032224319516551504
152.859965	-0.0010463482542537941
152.880055	-0.03149872280914464
152.900072	-0.06123113624280474
152.919951	-0.09554754167756634
152.940028	-0.14066993492276533
152.960302	-0.19821882935877078
152.980209	-0.26191109675558943
152.999977	-0.3251278245300583
153.019981	-0.3854406613414779
153.039959	-0.4454808556689444
153.060073	-0.5131483709431808
153.079989	-0.5910093443411707
153.100263	-0.676418528333425
153.120064	-0.7551324260425433
153.139939	-0.8205810075172938
153.160376	-0.8727204475876971
153.179949	-0.9130144786703958
153.199952	-0.9486825328130308
153.22	-0.9773291795224988
153.239975	-0.9922605054723546
153.260262	-0.9873040562445824
153.279968	-0.9611146023697343
153.299977	-0.914693517729831
153.319963	-0.8505590671882168
153.339957	-0.768541019454533
153.360027	-0.6672725460282718
153.379959	-0.5490535697768757
153.399987	-0.4175035388252897
153.42003	-0.2802979537989879
153.439961	-0.14429799014929937
153.460758	-0.005397716404026559
153.479958	0.12016451362261718
153.499983	0.24712269037110493
153.520045	0.36393054986465856
153.540014	0.4582145696561049
153.559956	0.5182163446492655
153.579996	0.5382715120596009
153.60053	0.5221104476932911
153.620836	0.48242072535566094
153.63996	0.4353263418428563
153.660254	0.38234412463804535
153.680649	0.3256390091057492
153.700759	0.2620209307513577
153.720212	0.19029175975582877
153.739974	0.10832306351913741
153.76003	0.02016123070769542
153.77997	-0.06801333162700739
153.799973	-0.1543499689110385
153.819927	-0.2377736648442999
153.840006	-0.31974150302264837
153.86	-0.4006660518585771
153.879979	-0.4820507081918965
153.89999	-0.5646986948187208
153.92017	-0.6487980207000955
153.939995	-0.7308769206289111
153.960213	-0.8125771894569408
153.980222	-0.8908022382909561
153.999939	-0.9658588834350883
154.023369	-1.0546082125301504
154.040287	-1.120708549788357
154.060058	-1.204490853247113
154.079952	-1.3009322890517883
154.100179	-1.4163660463624375
154.120022	-1.5472555078961245
154.140003	-1.6899844162660316
154.16	-1.8303887855507683
154.179969	-1.9539478800817023
154.199979	-2.0529665636812195
154.219973	-2.1282340175853145
154.24025	-2.187641363096969
154.260288	-2.235538480125221
154.279987	-2.2718533888867514
154.299968	-2.2920580127265286
154.319993	-2.288820346437388
154.340868	-2.256983816299907
154.360067	-2.201731211053294
154.379989	-2.1204363142344826
154.39996	-2.0195086090132817
154.419955	-1.904706418319949
154.439991	-1.7817172250590276
154.460821	-1.6496378147657138
154.47998	-1.5248133900246148
154.499984	-1.389635193933789
154.519984	-1.250104295660135
154.539982	-1.111060367836751
154.560269	-0.9781538742363338
154.579997	-0.8622859393309154
154.600244	-0.7573290839342023
154.62004	-0.6649372421052582
154.639985	-0.5800421237442824
154.660029	-0.5055252130633735
154.680244	-0.44672692392141516
154.699973	-0.408379311220415
154.719967	-0.3865913540860715
154.740216	-0.37653284440429496
154.760333	-0.3757476277459072
154.781177	-0.3875122529384595
154.800004	-0.41505626395788214
154.819972	-0.46486658439233797
154.839971	-0.5305697165952707
154.860181	-0.6020002292408336
154.879973	-0.6658807988288498
154.900023	-0.7183640058319593
154.920164	-0.7591021885876474
154.940346	-0.7921273086219778
154.960681	-0.8222438430348947
154.980894	-0.8522369211627239
154.999962	-0.8821963477299974
155.020064	-0.9165440862150124
155.040343	-0.954840745912827
155.060179	-0.9966905534549375
155.0801	-1.044038519503734
155.100074	-1.098099947389925
155.120043	-1.1605953390665835
155.140224	-1.2348100621806635
155.160146	-1.3215358154853019
155.18	-1.4225093705040022
155.199986	-1.536230156029394
155.219979	-1.6539929379952436
155.239997	-1.7629786482933902
155.259976	-1.8491108786023116
155.280183	-1.904388714107903
155.300008	-1.927198835278946
155.32001	-1.9257824438726607
155.339967	-1.9091706813387717
155.36004	-1.8825386759539933
155.379977	-1.8460245043228374
155.40007	-1.7964038428304145
155.419966	-1.7337904029122586
155.43998	-1.6594833247345604
155.460283	-1.5748701103631642
155.47998	-1.4823496765788966
155.500231	-1.3716599770236657
155.519998	-1.2458200333945637
155.539974	-1.106104062145892
155.559973	-0.9676056629147126
155.57998	-0.8461764546489049
155.599974	-0.7505472343654878
155.619955	-0.678164553608298
155.639971	-0.6190263425441243
155.660363	-0.5627926119328046
155.679965	-0.5087979858544988
155.699977	-0.4547594370870485
155.719961	-0.4041584676052382
155.739956	-0.35871053239375217
155.760808	-0.31987819759042424
155.779974	-0.29797791318441336
155.799998	-0.29715221579768947
155.820007	-0.32239454340441115
155.839958	-0.37010004009134617
155.860035	-0.43119714046488317
155.879974	-0.4951724178595973
155.900031	-0.5582531583073562
155.920091	-0.6208527708858852
155.939926	-0.6838282520633793
155.959982	-0.746408868594548
155.979959	-0.801579678621657
155.999983	-0.844190070743383
156.019975	-0.8741972088048555
156.039962	-0.8986996816435777
156.060271	-0.9285135578799601
156.079977	-0.9701250250153102
156.099973	-1.0273291418177848
156.119956	-1.0960177077616828
156.139964	-1.170325414820934
156.159997	-1.2447798353281776
156.18023	-1.316485357087505
156.199992	-1.3814572990179157
156.220004	-1.441522173954066
156.239961	-1.49543077292592
156.260263	-1.543556565410902
156.280225	-1.582823037618958
156.299979	-1.6114451133588983
156.31999	-1.6276016258129338
156.340029	-1.6290811404068646
156.360287	-1.6145703889417866
156.379987	-1.5835909627407705
156.399973	-1.5326177677845998
156.420021	-1.4588475285208893
156.439963	-1.3617851267395018
156.460002	-1.2440117287814536
156.479979	-1.115202037150988
156.499995	-0.9855165757179363
156.519945	-0.8630977791199903
156.539984	-0.7477858467533669
156.560202	-0.6348934185400597
156.580198	-0.5232877642631505
156.600053	-0.41524218920423733
156.620001	-0.3183500495255518
156.639963	-0.24264654138984998
156.66001	-0.19211258496693678
156.679981	-0.1643846563464513
156.699973	-0.15399832474031042
156.719966	-0.15923765208463803
156.739995	-0.1838328930013882
156.760031	-0.23307867018745962
156.77996	-0.3075320726422198
156.800203	-0.40299881661809006
156.819995	-0.5056390979921987
156.839937	-0.6091759640738309
156.86028	-0.7097061393973605
156.879964	-0.8006139630381411
156.899975	-0.8864859563983671
156.919945	-0.9658407638403393
156.939909	-1.0400604979252341
156.96	-1.1127800499968563
156.979955	-1.1872732744127934
157.0	-1.2674907117762957
157.019935	-1.353287401883122
157.039938	-1.444784807857763
157.059967	-1.5424057702219787
157.07998	-1.6488227623056193
157.10027	-1.7688619828622176
157.120268	-1.898746665891741
157.139982	-2.0323081883994902
157.159988	-2.163800905476923
157.179959	-2.2825391261100907
157.19997	-2.3856414353592337
157.220719	-2.4779289721707745
157.239981	-2.5526160898758556
157.259943	-2.617342931885872
157.28004	-2.6629275056215045
157.300556	-2.6801521672633775
157.320504	-2.662516585896222
157.340718	-2.6106872036030984
157.360925	-2.5319267082450896
157.380195	-2.4399181967828367
157.40007	-2.3353982985916883
157.419975	-2.2269133347524326
157.440199	-2.118046482971423
157.459998	-2.017949382574274
157.480145	-1.9267831669139903
157.500006	-1.8487905975638428
157.519975	-1.7815085380742042
157.539973	-1.7254006304436968
157.560032	-1.6843687127973663
157.579974	-1.6658902701752272
157.599965	-1.6760301447235195
157.619969	-1.7160177196327404
157.63997	-1.7812224376033436
157.659988	-1.8646743154168086
157.679968	-1.9606822042288843
157.699963	-2.06680694714446
157.719927	-2.1808160725454115
157.740008	-2.299593082123073
157.760013	-2.4155014989447166
157.779962	-2.521723120916926
157.799983	-2.614352292839057
157.819991	-2.692406240442588
157.840242	-2.7600788547342123
157.860035	-2.8209596745782655
157.879974	-2.883481254259124
157.899955	-2.9522862134775436
157.920034	-3.0290376522958202
157.940004	-3.1099345094991855
157.960001	-3.189176239440591
157.979967	-3.2602721239181656
158.000269	-3.3224424375429225
158.02	-3.377788710877426
158.04	-3.438594782986982
158.06031	-3.514416175991182
158.080301	-3.6050536641165496
158.100075	-3.703446375820262
158.119985	-3.798517882815896
158.140065	-3.87879435377467
158.160032	-3.937926072374525
158.179949	-3.9768840843774025
158.200008	-3.997684373857048
158.220053	-3.9990652467812136
158.240334	-3.977864218285183
158.260031	-3.9347558057362364
158.28009	-3.8727292479716056
158.299985	-3.8013969271218366
158.320019	-3.7256793961904418
158.340019	-3.645689414565649
158.360011	-3.5555318893299375
158.379978	-3.4503138191518268
158.399982	-3.3314428219081376
158.419997	-3.2081760313739665
158.440213	-3.090497790589843
158.460034	-2.9874710235635575
158.48007	-2.8927821753491427
158.499952	-2.7999101071307866
158.519978	-2.7014690225920384
158.540219	-2.5992198098146666
158.560043	-2.5058578676414442
158.579967	-2.4292506709606214
158.599957	-2.37439251648747
158.619985	-2.3392409034442525
158.640228	-2.319085753999048
158.660037	-2.312882703119669
158.679976	-2.322451331028501
158.699985	-2.3491676689050074
158.719961	-2.38800995717401
158.740008	-2.427922826052854
158.760286	-2.4572047328519018
158.78019	-2.469479736636696
158.800045	-2.468073019586422
158.819979	-2.4601383812817272
158.840204	-2.4510701789549234
158.860042	-2.442483685887912
158.879981	-2.434001316160657
158.899984	-2.42849711677368
158.920031	-2.4327331919860384
158.940137	-2.452797101554113
158.960542	-2.488255952940119
158.979968	-2.527135102179783
159.000441	-2.560827547264675
159.020044	-2.5802472953974647
159.040052	-2.5927021579853933
159.06031	-2.6119993193837265
159.08044	-2.6500033023057417
159.100419	-2.7077324474851583
159.120927	-2.776833251427648
159.140017	-2.8360241880787664
159.160272	-2.882905187618009
159.179991	-2.9114326316098293
159.200002	-2.926922349671195
159.220014	-2.9319830297790945
159.240008	-2.9250664657520264
159.260306	-2.901297379750345
159.280024	-2.859040110049681
159.299994	-2.7983427099715312
159.320007	-2.7241985969152185
159.339981	-2.6407712829629086
159.36031	-2.5469883823053006
159.380221	-2.4453634729253295
159.400061	-2.335265834557052
159.419967	-2.221093243938699
159.439978	-2.110313805122665
159.460272	-2.0079760256400516
159.479991	-1.9191405747992574
159.500159	-1.835904493552677
159.519988	-1.7581999441938736
159.539985	-1.683778812112828
159.560282	-1.615558410810641
159.57997	-1.5611980682388857
159.599987	-1.5225196466104378
159.619971	-1.5045529626668999
159.640119	-1.510763154351313
159.660304	-1.54254073180516
159.680007	-1.5947936655454396
159.699969	-1.6597358231052457
159.720221	-1.7254415320779368
159.74001	-1.7803280942951987
159.759982	-1.8241277406922392
159.780025	-1.8606536337464792
159.79999	-1.895580824838496
159.820043	-1.9323338033862045
159.839929	-1.9697346782909366
159.860022	-2.0065167858559474
159.879978	-2.0417076877598563
159.899982	-2.0769823302862265
159.920013	-2.1126122090644506
159.94003	-2.145452861837762
159.959974	-2.1700917065713394
159.980079	-2.183371151741422
160.000018	-2.1872377401118044
160.020041	-2.188882411871778
160.039989	-2.195376598203155
160.060048	-2.208651799035639
160.083323	-2.2266309264332076
160.100439	-2.2357529995125396
160.119971	-2.2375835815283476
160.139998	-2.2321640448266593
160.160053	-2.224061811963676
160.180262	-2.2161158925843094
160.200388	-2.206309755893895
160.220048	-2.188579831517873
160.239998	-2.1552019405703624
160.260296	-2.101338406689969
160.279989	-2.0301587065035176
160.300002	-1.943094212128771
160.319989	-1.8485730723954166
160.339984	-1.7545833256168704
160.360004	-1.6683768148532028
160.380218	-1.593796608048791
160.400041	-1.532997677723492
160.42005	-1.4803938259829124
160.44003	-1.4318977528661492
160.460018	-1.3850469755608474
160.479987	-1.341460956417055
160.500239	-1.304699981044376
160.52024	-1.2795876519789846
160.539989	-1.2676474365107961
160.560086	-1.268927868626202
160.579982	-1.2838734719519378
160.600015	-1.3134067260993791
160.619992	-1.3568531262284704
160.640243	-1.411894089575014
160.660274	-1.4717573677127442
160.680124	-1.5311063496364041
160.700086	-1.5878001603206024
160.720054	-1.641089708707203
160.740006	-1.6913642347557079
160.760293	-1.7391365986171001
160.779984	-1.7811981002858994
160.800295	-1.8195984139637564
160.819995	-1.8528000661814261
160.840001	-1.8837247714824166
160.860002	-1.9120617836784393
160.879975	-1.9364136489737303
160.900022	-1.9555401122558118
160.920308	-1.970648012366426
160.940035	-1.9856258811860532
160.960209	-2.007253033475885
160.980215	-2.0391263309405683
160.999975	-2.0813336003544682
161.020029	-2.132776019987568
161.039996	-2.1903804620276306
161.061478	-2.258769451097953
161.080317	-2.3245740131501083
161.100562	-2.3997468916918407
161.120074	-2.471503474298729
161.140065	-2.5373850818316286
161.160031	-2.5900369476659897
161.179978	-2.6276752632409073
161.200086	-2.65223809898316
161.220067	-2.666493679885271
161.239971	-2.6728392672651706
161.260015	-2.6714101076048915
161.279968	-2.6602205313676808
161.299988	-2.636490477437738
161.320013	-2.5987088071573616
161.34026	-2.54725225151718
161.360869	-2.4848119133961997
161.380864	-2.419027378705538
161.400018	-2.3555199289943833
161.420032	-2.2931673788687017
161.44004	-2.2390987683893107
161.460266	-2.1960373971948997
161.480663	-2.16532274844447
161.499993	-2.1473015598183545
161.520051	-2.1396330322531196
161.540696	-2.146198354033815
161.560063	-2.1721860257469583
161.579986	-2.2248526835847224
161.6	-2.302727851982022
161.620088	-2.396350001255312
161.640059	-2.4912354192347332
161.660001	-2.577849119729137
161.680011	-2.6550618441318594
161.700119	-2.7284367627722887
161.720266	-2.8045775630542793
161.739992	-2.8846037778046814
161.760059	-2.9694152296188774
161.779963	-3.0519064137769845
161.800014	-3.128657069917879
161.820024	-3.1967194046564633
161.840047	-3.257328537446661
161.860227	-3.3145832845678007
161.880193	-3.371972415435871
161.899957	-3.4321938815010093
161.920092	-3.4957629345083654
161.939912	-3.5556291986182424
161.960286	-3.609018910391806
161.979997	-3.651708105911639
161.999985	-3.6910290099016922
162.020009	-3.7350563857756365
162.039993	-3.789361615605105
162.060339	-3.852628719278027
162.079994	-3.9108199385666373
162.099992	-3.954026646542452
162.119977	-3.9741923372101
162.14011	-3.9747958963342485
162.159962	-3.96743833584413
162.180238	-3.964418304285192
162.200077	-3.9723281549846945
162.220259	-3.989987694676615
162.240049	-4.0104057861904066
162.260106	-4.0275254352039305
162.280227	-4.036889232036558
162.300299	-4.0366906803601665
162.319972	-4.026539541088719
162.339972	-4.005768689467083
162.360028	-3.9744383591993255
162.380244	-3.9327336085246003
162.400056	-3.882831567571208
162.419985	-3.8249186601367775
162.440009	-3.7608869263581193
162.460095	-3.6927939361754847
162.480207	-3.6216727980870895
162.499983	-3.5480535620258236
162.519999	-3.4686404423965693
162.540003	-3.3858163953340257
162.560302	-3.3040469118564855
162.579994	-3.234313208105978
162.599996	-3.176848487168987
162.619971	-3.1286663231083995
162.639941	-3.080249185755348
162.66035	-3.023590256539154
162.679994	-2.965064472531765
162.699993	-2.9137983774233103
162.720213	-2.8841750005338143
162.739978	-2.8822627188686263
162.760385	-2.9018268104736418
162.779984	-2.9284123181011124
162.800206	-2.9521454261447926
162.820027	-2.967506594876002
162.839976	-2.978159333787409
162.86024	-2.9911418217677688
162.880253	-3.012667668694304
162.899982	-3.045797578183159
162.92024	-3.091065234590484
162.939975	-3.1416062405454395
162.960352	-3.1950365541819097
162.979973	-3.2456065171402333
162.999974	-3.2993869928023285
163.019971	-3.3616336837494663
163.040162	-3.437474376566687
163.060123	-3.524420453500978
163.079969	-3.6181272570309586
163.099991	-3.716151655324493
163.120206	-3.818213248948767
163.139976	-3.921393306837146
163.160103	-4.025777018919912
163.180226	-4.1192912272796915
163.199973	-4.189172390144816
163.219965	-4.232755987143856
163.239951	-4.253976107933435
163.260094	-4.263386891840971
163.280227	-4.268847233138571
163.299949	-4.2705462909914
163.319976	-4.262467089707208
163.339956	-4.238052899314166
163.360094	-4.194717140883469
163.380838	-4.133616581813518
163.400189	-4.066050474473272
163.419965	-3.990257594928686
163.439993	-3.908602493773044
163.460106	-3.8220296285169155
163.481096	-3.7274164691346496
163.499978	-3.640630058892144
163.520028	-3.551119758015017
163.540322	-3.4681100571824475
163.56039	-3.3961274939320085
163.580536	-3.333087383102648
163.600793	-3.2763967441934754
163.620225	-3.2280641861728676
163.640084	-3.1888068640269633
163.660185	-3.1659036520051145
163.679965	-3.164489927108627
163.699983	-3.1839543545095395
163.719988	-3.2196138571808723
163.740045	-3.2664965077377257
163.760037	-3.3216314705565466
163.779991	-3.3843076643053815
163.800203	-3.454181533693571
163.819974	-3.525469377124634
163.839959	-3.596418271011597
163.86005	-3.664270477053313
163.879985	-3.72853013717277
163.899967	-3.7915099900595646
163.920011	-3.8540308356035684
163.940249	-3.9160222321748663
163.960195	-3.9762700208372697
163.980229	-4.039245670691575
164.00023	-4.110599019381138
164.020058	-4.194428747190399
164.039951	-4.2900363752419475
164.060162	-4.389328456611244
164.080249	-4.477864424801788
164.100425	-4.550242782497839
164.120241	-4.610178961902812
164.140823	-4.674714197742033
164.160087	-4.748316328152242
164.180266	-4.8393319034905
164.199986	-4.930133344044336
164.220221	-5.009859671779756
164.239969	-5.06683152711681
164.26014	-5.107050646008445
164.280002	-5.137842897670597
164.300232	-5.165926209670658
164.319985	-5.18778721974026
164.339996	-5.196507926125283
164.360111	-5.184902984194918
164.380225	-5.151355705789951
164.400051	-5.099860588973568
164.420225	-5.0332548422589936
164.440006	-4.956879117758635
164.460165	-4.868984978629944
164.480208	-4.7732766451785515
164.500151	-4.674059710824734
164.520008	-4.578281334768696
164.539921	-4.492648209162379
164.560432	-4.419799708318743
164.579968	-4.364735086881116
164.599979	-4.318798150314453
164.619923	-4.2785391051431
164.640049	-4.24112729869809
164.66025	-4.208476479326881
164.679963	-4.186037921674776
164.699959	-4.1782354083466124
164.720218	-4.189255172684106
164.740213	-4.219395742658112
164.760214	-4.266046876724679
164.77996	-4.323351540706665
164.79999	-4.387263763273378
164.82005	-4.452763167174781
164.839973	-4.517239040996512
164.86038	-4.582315915423582
164.879959	-4.643724256864675
164.899953	-4.704505602419982
164.91995	-4.762187776941732
164.939943	-4.817028581712922
164.960247	-4.873069641254626
164.979964	-4.932877322713059
165.000101	-5.002917249281178
165.019963	-5.078617712866626
165.039919	-5.15309630514792
165.060178	-5.21788033349602
165.079949	-5.268127286656184
165.100723	-5.315157973803497
165.120513	-5.3669772162882765
165.140775	-5.434847780962773
165.160125	-5.509647309480171
165.179953	-5.583679807641467
165.199961	-5.644814060356699
165.220203	-5.692640647267623
165.240694	-5.736103170548301
165.260705	-5.782274599841508
165.280959	-5.8319218491955
165.299968	-5.871426897817316
165.319972	-5.893904679674827
165.340007	-5.892970400613671
165.360224	-5.873244576259027
165.379971	-5.844264312312488
165.399987	-5.811026349344107
165.419975	-5.774475394165796
165.439952	-5.731795033509275
165.460155	-5.6803611401119065
165.479999	-5.622768972355069
165.499979	-5.5611396126797015
165.519984	-5.499108488585065
165.539988	-5.437735935093432
165.560122	-5.3751532721232484
165.580194	-5.310069322807064
165.599961	-5.243437502848752
165.61997	-5.1763378018183595
165.639985	-5.114033886423278
165.660309	-5.059922436828225
165.679954	-5.019778702508073
165.69998	-4.994542334812127
165.719993	-4.9884385538188765
165.739978	-5.0032905829093925
165.76006	-5.036901094513334
165.779962	-5.081517390725425
165.800217	-5.129003394275115
165.819986	-5.170771404486176
165.83997	-5.207235365223104
165.860162	-5.24167613363379
165.879966	-5.277196071496452
165.899977	-5.316391887858241
165.919975	-5.357193572064129
165.940209	-5.397158109806647
165.96093	-5.435000911944282
165.980198	-5.4677981176900206
166.000247	-5.500445883359247
166.0202	-5.529912671361839
166.040215	-5.550817846348989
166.060173	-5.556115489258045
166.080213	-5.543785805236528
166.099956	-5.521866757184534
166.119968	-5.505190912435007
166.139931	-5.507731662925964
166.160305	-5.53129713007326
166.180207	-5.561124716422803
166.200051	-5.577235458998277
166.220025	-5.565936930292136
166.240203	-5.528096648971257
166.260294	-5.477733806894209
166.279983	-5.4303675769816016
166.299974	-5.390076353100865
166.319982	-5.35285033801166
166.33998	-5.30965466158811
166.360393	-5.25315077140249
166.380086	-5.186139015882595
166.399952	-5.108733129610732
166.420205	-5.0228879152427535
166.439955	-4.935190020022264
166.460663	-4.843737926369849
166.479982	-4.7658070464301865
166.499963	-4.700230704068465
166.519972	-4.652852743202523
166.539974	-4.620436490016694
166.56017	-4.594750052238352
166.579971	-4.568551756258848
166.599961	-4.536293153974056
166.620253	-4.49572521627299
166.639948	-4.447875060693162
166.660154	-4.390370879976976
166.679961	-4.330073617803173
166.700207	-4.275060586334964
166.72071	-4.240121797760607
166.740514	-4.235819559316282
166.760819	-4.260366306894323
166.779936	-4.2996158617853535
166.799943	-4.342509799107654
166.820025	-4.3768271109043075
166.839991	-4.399343140191848
166.86024	-4.412465891955319
166.879942	-4.418728164591842
166.899954	-4.421181650762187
166.919954	-4.423449510860557
166.939901	-4.430522261189125
166.960539	-4.446316496265173
166.979993	-4.467263406640768
166.99999	-4.487364494872731
167.019974	-4.497389725100555
167.039966	-4.494061792425607
167.060236	-4.481983383832055
167.080208	-4.471082855997817
167.100008	-4.469120693084892
167.120091	-4.477779056512157
167.140042	-4.492873783917291
167.160174	-4.509224383144636
167.17996	-4.524171855933456
167.199965	-4.540216710581577
167.219985	-4.561202274411609
167.240212	-4.589942597973734
167.260323	-4.625454361202557
167.279998	-4.664231826220654
167.299975	-4.70441802023605
167.319953	-4.742358124780929
167.339964	-4.77453090414825
167.360088	-4.796238628929389
167.379988	-4.802392462282488
167.399986	-4.791134588232018
167.419966	-4.765500067757205
167.439954	-4.733270793429131
167.460294	-4.703211377423623
167.479969	-4.6830777113221345
167.500001	-4.672543297473185
167.519976	-4.667764265832835
167.539966	-4.662453528489774
167.560296	-4.651841630579095
167.579957	-4.635875455257694
167.599979	-4.616696854332972
167.619986	-4.598627425026838
167.6402	-4.584196602540017
167.660336	-4.5746395570735015
167.679957	-4.571199190984145
167.699958	-4.5771802934712476
167.720009	-4.598299638017239
167.740052	-4.639273944213729
167.760372	-4.701499869086994
167.78021	-4.777990659516489
167.799973	-4.862809297096669
167.819991	-4.951103761005777
167.840209	-5.038992042887842
167.86001	-5.122460510458261
167.879972	-5.203804252169084
167.899959	-5.283409083783838
167.92001	-5.364415561033173
167.939974	-5.45128328493336
167.960317	-5.551128368762488
167.980214	-5.660634910653719
168.000236	-5.7764483549506105
168.019981	-5.884165621968475
168.040234	-5.9758697379159
168.060292	-6.044272886608973
168.079982	-6.097607533657231
168.099993	-6.153987801074991
168.12007	-6.226055364966798
168.13997	-6.313167501707093
168.16004	-6.403043541599153
168.180004	-6.476033627881797
168.199974	-6.5222596996879
168.219976	-6.54559767663019
168.24023	-6.559453433305316
168.260213	-6.575247931459738
168.280141	-6.595492357230215
168.300005	-6.6137779101922405
168.319971	-6.621549892358805
168.339946	-6.613440529900229
168.359992	-6.58849903639375
168.379978	-6.548063025540989
168.399982	-6.493388913374246
168.420009	-6.426519762364662
168.440969	-6.348196094319927
168.460112	-6.2748077115211895
168.479972	-6.2023569158472895
168.499997	-6.135908049611916
168.52002	-6.075912824444027
168.540005	-6.021412674457931
168.560377	-5.972058603441487
168.580188	-5.933198285332957
168.600005	-5.9068695855028786
168.620029	-5.893516616302811
168.640068	-5.889787898134864
168.659995	-5.890010509534258
168.679981	-5.890833114044692
168.699964	-5.894465172744853
168.720006	-5.908076463336952
168.739973	-5.939350964157825
168.760056	-5.992298035516439
168.780012	-6.06377783976422
168.800068	-6.147463859585207
168.820067	-6.234346982769544
168.840014	-6.317420481574514
168.860017	-6.392386628376522
168.879978	-6.456395962176205
168.899969	-6.509557869427814
168.919989	-6.554472303008093
168.940015	-6.59639332881106
168.960504	-6.642891183184638
168.980212	-6.695644292880574
169.000026	-6.755923978794784
169.020274	-6.817248052680229
169.039947	-6.865840813729005
169.059999	-6.897404419816195
169.079953	-6.9149855354194525
169.099998	-6.933410799980107
169.120038	-6.9689997433473145
169.139996	-7.027900441737423
169.160019	-7.1014641792391995
169.179973	-7.170665959035576
169.200216	-7.221392910535261
169.220022	-7.250045842794939
169.240091	-7.268198345070229
169.260037	-7.288064334556075
169.279956	-7.31434704212373
169.300079	-7.341045327270394
169.320003	-7.355862307038598
169.339978	-7.350178362203159
169.360003	-7.322735763016864
169.379959	-7.279220853930286
169.400002	-7.22668782022526
169.420401	-7.1692808770488865
169.439934	-7.111975596085152
169.46002	-7.050860579191125
169.479965	-6.989743005996194
169.499989	-6.93168946461325
169.519973	-6.880225603202047
169.539983	-6.834911635519364
169.560006	-6.7923587195207125
169.579974	-6.7501499975673855
169.599979	-6.710595575172843
169.620227	-6.680754726048502
169.639971	-6.668296876653664
169.660003	-6.67276983930879
169.679965	-6.687153648618255
169.699975	-6.702665307283924
169.719982	-6.716009964243932
169.739958	-6.732029209236364
169.759982	-6.759431130742763
169.78033	-6.804059364516027
169.799966	-6.861004389258846
169.820017	-6.925262671721837
169.839979	-6.9870533852897765
169.860466	-7.044203336832089
169.880197	-7.094617644955734
169.899982	-7.145044887913833
169.919966	-7.200186218582968
169.939967	-7.261203493050246
169.959974	-7.326481861124138
169.979959	-7.392746242105087
169.999994	-7.458029025518597
170.020204	-7.52307593650826
170.039925	-7.5879110970772485
170.06044	-7.658374755984492
170.080382	-7.728834555876289
170.100651	-7.799428798768787
170.120035	-7.863538273740164
170.140082	-7.926140153829235
170.160008	-7.985937380148882
170.180016	-8.043356206476375
170.200031	-8.094649155067723
170.219983	-8.134210199418504
170.239996	-8.15870021712815
170.260363	-8.169373431311017
170.279974	-8.17113297881376
170.300298	-8.169986085748546
170.320026	-8.168620683237547
170.340242	-8.165839074415763
170.360248	-8.159098076788663
170.379961	-8.14737493517062
170.399995	-8.131880843407224
170.419952	-8.11621141056971
170.440027	-8.1032535093712
170.460078	-8.094333205917282
170.479987	-8.088681991494694
170.500255	-8.08406919756408
170.520052	-8.078182247312778
170.540294	-8.0685193522796
170.559974	-8.054499018567627
170.580004	-8.036249025982132
170.599984	-8.01669342926606
170.619963	-7.999208485178204
170.639984	-7.9861882883063435
170.660947	-7.977607250175563
170.679977	-7.9731824600997
170.69996	-7.9704443642957425
170.720001	-7.967868550771636
170.740265	-7.962297968571407
170.76059	-7.94840157247839
170.780039	-7.921893310298085
170.799958	-7.879995223995689
170.820028	-7.828862696945083
170.840027	-7.7800212181286055
170.859942	-7.7430568235945305
170.880088	-7.719937650776176
170.900039	-7.706313220477281
170.919986	-7.6951892119281275
170.940202	-7.683668440288019
170.959998	-7.674770094663359
170.980242	-7.67245713311574
171.000268	-7.678058622603913
171.019959	-7.687936270779109
171.039953	-7.696664840369222
171.060004	-7.699340187756514
171.080218	-7.693528867837862
171.099965	-7.679017954786794
171.119995	-7.655780670856837
171.13999	-7.6254755577429965
171.159998	-7.5905083634304225
171.179955	-7.553673788132768
171.199961	-7.516015477320864
171.220017	-7.476377600899152
171.240002	-7.432666542996758
171.260392	-7.383072359602458
171.280247	-7.333279581017391
171.300091	-7.289186925413882
171.320053	-7.258266712670764
171.340187	-7.244624035085557
171.359996	-7.246744906697339
171.379962	-7.259531800321474
171.399964	-7.279936249630128
171.420019	-7.3105975049531375
171.440023	-7.35799595194201
171.460509	-7.428291610118524
171.481074	-7.516998989021837
171.500577	-7.607019008335412
171.520806	-7.693278779112481
171.540881	-7.765129242183836
171.559959	-7.822633721302589
171.580112	-7.878920115655238
171.60051	-7.935274602452327
171.620743	-7.987493973721377
171.640827	-8.028522376579904
171.659994	-8.052469559113025
171.679972	-8.062126418668253
171.700212	-8.060998981289151
171.720219	-8.053117144155612
171.739963	-8.039369428902893
171.760466	-8.017325248373783
171.779994	-7.988117018858754
171.800009	-7.951170535251653
171.819991	-7.909836194913804
171.839937	-7.865656205471648
171.860129	-7.817489784623084
171.88005	-7.7649523967914
171.900027	-7.706035821654158
171.919979	-7.641208459340953
171.940247	-7.571088539902563
171.959986	-7.501538599646247
171.98001	-7.433241971558062
172.000002	-7.370832574062888
172.02006	-7.317018827345874
172.040016	-7.274439855606012
172.060094	-7.24399587725208
172.080245	-7.226146322665199
172.10055	-7.219522316633511
172.120026	-7.2207770550743415
172.139984	-7.2253922284081895
172.160038	-7.229611246456899
172.179989	-7.231710415364067
172.200159	-7.231634129551887
172.219977	-7.229088658990138
172.240236	-7.222249161648581
172.260437	-7.209250172651808
172.280064	-7.190957828408779
172.300302	-7.1701871214308985
172.320274	-7.153566058165006
172.341453	-7.144685332085265
172.360054	-7.145412985310371
172.380012	-7.153522734238121
172.400277	-7.1670040580546255
172.419934	-7.184210381530048
172.439983	-7.205694196167206
172.460336	-7.230535129449241
172.479987	-7.255549614878563
172.500028	-7.280484232285587
172.520248	-7.3053874434936406
172.539963	-7.332021594235296
172.560003	-7.36506671107175
172.580004	-7.4063628734590035
172.600061	-7.455741320198486
172.620105	-7.509895404415162
172.640304	-7.564597359500559
172.660026	-7.613694018068882
172.680231	-7.6562638701035235
172.700048	-7.688331994631027
172.719965	-7.7091713696616475
172.740215	-7.717410415926333
172.759993	-7.712729961100216
172.779947	-7.697485077747479
172.800505	-7.6755018425041746
172.820041	-7.6529620239060945
172.840261	-7.630025193479021
172.860034	-7.607494830818515
172.879948	-7.583804478659149
172.900746	-7.558942467252368
172.920647	-7.537548511144675
172.940751	-7.520256106601834
172.960012	-7.507418703744937
172.980013	-7.496144653285287
172.999998	-7.486147880385309
173.020216	-7.478455714966649
173.039935	-7.474484680489737
173.060057	-7.472967476135965
173.079961	-7.471137117427514
173.099995	-7.467802579767164
173.11997	-7.466593779411185
173.140131	-7.475024134241798
173.160032	-7.499381860412057
173.180051	-7.540937737706129
173.199974	-7.593829561567255
173.220028	-7.650284610515918
173.240062	-7.703119798393717
173.26002	-7.749467910502136
173.279971	-7.790322324947658
173.299964	-7.828217533887326
173.31997	-7.865556498630795
173.33998	-7.904158886646646
173.359994	-7.94534333250859
173.379977	-7.990179276468366
173.399985	-8.03963291261689
173.419966	-8.093113314588743
173.439977	-8.147890960073608
173.45999	-8.199088320186394
173.479977	-8.242991574749466
173.499985	-8.281109728604795
173.519954	-8.3207570606333
173.539955	-8.371340215731808
173.560719	-8.439329507923764
173.579952	-8.511455442080624
173.599976	-8.583966004028133
173.619983	-8.642895441437764
173.639951	-8.68505146758225
173.659993	-8.715365657486908
173.67996	-8.74038887862677
173.699993	-8.76292179829493
173.71999	-8.779715523163024
173.740055	-8.785349363444139
173.760036	-8.776572284302286
173.779963	-8.754405902393353
173.799984	-8.722147324282107
173.819969	-8.683048344591977
173.840027	-8.637743315697572
173.860244	-8.585051188318985
173.879968	-8.52624848498693
173.899986	-8.461089728796477
173.920024	-8.395417751176106
173.940015	-8.335239702196693
173.960004	-8.28321455036453
173.98	-8.237073322431433
173.999967	-8.191736274216117
174.020072	-8.144094021961305
174.040033	-8.098629794283678
174.059999	-8.063903607424416
174.08024	-8.0471356646035
174.099972	-8.048396305105038
174.119971	-8.058986154691526
174.139964	-8.068597219607641
174.160037	-8.073103863329154
174.180228	-8.077271900400882
174.200204	-8.090191727700892
174.220137	-8.117726735402067
174.239933	-8.157732628692052
174.260002	-8.20315770256861
174.279963	-8.244847777304551
174.299989	-8.27895604499103
174.320024	-8.305695712477903
174.339966	-8.327147300569502
174.360202	-8.345266607385181
174.380076	-8.360126281014178
174.400011	-8.372971641133862
174.420191	-8.385506379203328
174.439991	-8.39859826823136
174.460265	-8.412342840962483
174.479962	-8.423882439084249
174.499972	-8.431320030238071
174.520039	-8.43294359860162
174.539985	-8.427978226224246
174.560196	-8.415730986052948
174.579953	-8.397373637861316
174.599965	-8.376467482508962
174.620709	-8.361016715469766
174.640564	-8.361138400522481
174.659973	-8.379316505739638
174.680457	-8.411882426455223
174.700684	-8.445291687491014
174.719974	-8.468550329496074
174.739961	-8.481897621181655
174.759993	-8.490738559063507
174.779968	-8.50258706830926
174.799962	-8.519190508673992
174.820011	-8.534700280208613
174.840215	-8.540037249388934
174.860277	-8.529040186433003
174.880003	-8.502143281400896
174.900225	-8.4626568487091
174.920017	-8.417919445233867
174.940236	-8.370170920166128
174.96002	-8.323415648223977
174.980008	-8.276659783993319
175.000002	-8.230565635025856
175.020027	-8.186106842677344
175.039979	-8.145795903729601
175.060051	-8.111726840598628
175.079979	-8.084677968034486
175.100012	-8.060910125058811
175.119974	-8.034839516492509
175.139969	-8.002091357398117
175.159997	-7.963491884445552
175.180228	-7.92433380422183
175.200013	-7.891993650258462
175.220096	-7.867573683376632
175.240285	-7.849402347816085
175.25997	-7.835062629322088
175.280055	-7.824189390961945
175.300046	-7.821098281265853
175.319991	-7.82998614085119
175.340043	-7.8515455285333005
175.360284	-7.881929410774155
175.379972	-7.913770934876324
175.400222	-7.944036918700974
175.420018	-7.969627242692826
175.440239	-7.9926620025123345
175.460022	-8.013945936835766
175.480005	-8.035658932385232
175.499981	-8.058731273084813
175.519973	-8.084643991485454
175.539942	-8.11533569733356
175.560041	-8.152732190916154
175.579976	-8.195743282924287
175.600001	-8.240736729621581
175.620041	-8.280702757354497
175.640003	-8.309792978823044
175.660008	-8.328131301163943
175.680005	-8.342441571026011
175.700216	-8.362509320605723
175.71999	-8.392919281134018
175.740215	-8.431846261713607
175.75998	-8.468189461945364
175.779969	-8.494613971951745
175.79996	-8.509025045209535
175.819987	-8.516809310497514
175.840218	-8.525040194903516
175.860001	-8.53604957882468
175.879961	-8.546529545093366
175.899972	-8.549366402271007
175.920017	-8.5384971983875
175.939976	-8.511623587466753
175.95999	-8.469620756419163
175.980009	-8.415384394697549
175.999958	-8.352185779888043
176.020234	-8.281068331200002
176.040463	-8.204968570643155
176.059968	-8.128336685302404
176.079961	-8.04928466564452
176.100259	-7.972599117962062
176.119965	-7.905208771552732
176.140738	-7.842722346082875
176.16076	-7.788612564864742
176.180916	-7.737033121567536
176.199951	-7.689788719881217
176.219974	-7.6431413942289455
176.23999	-7.601856577695439
176.260217	-7.5662191485770665
176.2809	-7.5354401706863685
176.299955	-7.513551721763505
176.319965	-7.502344701257729
176.339987	-7.508881993629807
176.359989	-7.534414525587605
176.379971	-7.57214647148989
176.400206	-7.610571092059182
176.419993	-7.638195180390527
176.439929	-7.652949784562956
176.460321	-7.658690300649442
176.47997	-7.661366784886411
176.500222	-7.665323600351411
176.519988	-7.671361485592927
176.540279	-7.679941631249803
176.560011	-7.691988846302618
176.580056	-7.710379829567924
176.600059	-7.735748246949177
176.620288	-7.76552636774887
176.63994	-7.792200766506828
176.660224	-7.811069532314083
176.679975	-7.8195473425216155
176.699964	-7.82356798403047
176.72024	-7.832832604792207
176.740214	-7.8545530580587934
176.759989	-7.8883009601457434
176.779981	-7.926559915817713
176.799952	-7.958101838401914
176.820003	-7.976391006540652
176.840183	-7.981631462880543
176.859981	-7.978397245101793
176.879987	-7.970645634606881
176.899955	-7.9591275040574505
176.919965	-7.942207495208989
176.939976	-7.918571310805899
176.959946	-7.888519007746663
176.980426	-7.852480674719296
177.000041	-7.814652758482293
177.02001	-7.774670131140448
177.039981	-7.735374570106366
177.059955	-7.69872739109207
177.079997	-7.66561865674979
177.10007	-7.63603503476358
177.119997	-7.609840616087988
177.14	-7.586895705560937
177.159982	-7.5679024965790935
177.179969	-7.552895341873178
177.199992	-7.540675121230303
177.219972	-7.529146341158879
177.239983	-7.516049823790506
177.259994	-7.4997930652162434
177.279977	-7.479672743803795
177.299983	-7.456185700447817
177.319951	-7.431924705842687
177.340022	-7.411431238014117
177.360001	-7.400507266524672
177.379968	-7.402994142886997
177.400207	-7.419079628169212
177.419965	-7.443788521822166
177.439978	-7.471396270666094
177.460005	-7.495727784193097
177.479994	-7.513547410223208
177.500001	-7.524679277354809
177.519974	-7.530700133593068
177.539944	-7.533717105864109
177.559983	-7.535657439312963
177.579975	-7.5384011944800156
177.600298	-7.544150997325685
177.620053	-7.554360718111372
177.64004	-7.5693723792579855
177.659992	-7.586314907883208
177.680007	-7.600937794376713
177.700003	-7.610557750399864
177.719985	-7.617504783500201
177.739975	-7.628961664878878
177.759968	-7.652583684795914
177.779965	-7.690694807363573
177.799974	-7.737727119674468
177.82001	-7.783332318452478
177.839965	-7.818656308287002
177.860315	-7.842260358867156
177.879963	-7.856973682840254
177.900275	-7.869212753194388
177.919978	-7.880004595521483
177.940308	-7.887154927730803
177.960861	-7.8852633502793354
177.979952	-7.871639580905949
178.000207	-7.844303763345523
178.020154	-7.807330531160564
178.040557	-7.763402618373099
178.061146	-7.717097763986221
178.079945	-7.67573844989055
178.099965	-7.633669003929492
178.12023	-7.592273677147279
178.140477	-7.550903029412649
178.160781	-7.509919976753321
178.180001	-7.474545515220958
178.200251	-7.444797360635793
178.221043	-7.423258333618747
178.23998	-7.40847949647756
178.259986	-7.391217417348607
178.280206	-7.366630028199037
178.299987	-7.335327470953739
178.320019	-7.300853960645741
178.340223	-7.2684465886533935
178.35999	-7.240261746647793
178.380197	-7.211716536083556
178.399999	-7.179843556485152
178.419969	-7.143245916592849
178.440249	-7.106309543083758
178.459977	-7.0777273355475625
178.479951	-7.061526021887095
178.499969	-7.058618887897452
178.519997	-7.065279735056932
178.540033	-7.076002084026115
178.560234	-7.086174317984138
178.579958	-7.092751435647472
178.599979	-7.0947809400876025
178.62004	-7.09156382819622
178.640056	-7.082850202475043
178.659984	-7.069425999133427
178.679961	-7.0540310259634165
178.700011	-7.04177329303126
178.72004	-7.038367416788918
178.74002	-7.046693077124392
178.760226	-7.06479803630968
178.780183	-7.086118635994885
178.799971	-7.105126684162331
178.820055	-7.12204500141779
178.840035	-7.142714250044087
178.860015	-7.1756261895329985
178.88002	-7.225087054994056
178.900081	-7.287900970249613
178.920051	-7.354950205671597
178.939955	-7.41825642054757
178.959989	-7.475547042290903
178.980101	-7.528873476072199
178.999968	-7.580928354024958
179.020034	-7.6339778514283845
179.040053	-7.685484551246571
179.059999	-7.732743620471804
179.079957	-7.774740973867538
179.099958	-7.811724889946739
179.121078	-7.845266024622168
179.140265	-7.869055124495748
179.160247	-7.884049885700536
179.179977	-7.88710298082437
179.200067	-7.878129522691761
179.220047	-7.858871872897608
179.240024	-7.831397615048753
179.260131	-7.796623625230699
179.279974	-7.75499138357777
179.299961	-7.704708841198995
179.320004	-7.645787262686635
179.340202	-7.580005452728242
179.360039	-7.513579902327464
179.380292	-7.449009683511442
179.399995	-7.391936988695222
179.419955	-7.338311981860587
179.439978	-7.284184960658814
179.460025	-7.226406460263396
179.480191	-7.166737271349704
179.499965	-7.114309226538191
179.519987	-7.076650760194441
179.539971	-7.059674973015729
179.560233	-7.061520917555945
179.579955	-7.074672900517376
179.600203	-7.091384473667944
179.619976	-7.105370452952076
179.639955	-7.11547747855879
179.659998	-7.122357592333347
179.680173	-7.12735766164429
179.699974	-7.131516334037767
179.720201	-7.13633818697354
179.740247	-7.143568025944093
179.760232	-7.1550751356244735
179.7806	-7.171559586018049
179.799965	-7.18959972203668
179.820025	-7.206651178476337
179.839969	-7.218833005379771
179.860051	-7.227011183182605
179.880656	-7.236281062035442
179.899977	-7.251305391334446
179.920019	-7.274795264365505
179.94016	-7.300682494827665
179.960303	-7.319027786001728
179.980441	-7.322559580611937
180.000504	-7.3120063940939755
180.02083	-7.295323145937164
180.040233	-7.282956349614339
180.060044	-7.278092422355253
180.080255	-7.277329537634278
180.099978	-7.272509826838498
180.119994	-7.256312408224397
180.139996	-7.22652759026903
180.160253	-7.185024622504669
180.180785	-7.136078377197953
180.201004	-7.085301017105679
180.219992	-7.037965945981984
180.24031	-6.989590702250216
180.260024	-6.945851218479122
180.28001	-6.904723578094862
180.300071	-6.86559066063048
180.320011	-6.827196834776757
180.340095	-6.787509466391627
180.360076	-6.74595205567855
180.380104	-6.701523794509589
180.400011	-6.654141601728005
180.420001	-6.603156732679784
180.440046	-6.548904214388391
180.459948	-6.492693244675564
180.480071	-6.43476486435959
180.499983	-6.378426314502733
180.519981	-6.32595796631354
180.539931	-6.281205742754597
180.560022	-6.245791019094093
180.579997	-6.218845266907498
180.600058	-6.195577909252986
180.620054	-6.171432343769152
180.640314	-6.144787216884633
180.659981	-6.120616861657211
180.679968	-6.104553273430929
180.699969	-6.102595267494213
180.719965	-6.1166245889607485
180.739982	-6.14559008771149
180.760319	-6.188752005567461
180.779961	-6.243453651861223
180.800254	-6.313293719005447
180.819995	-6.3923136651828925
180.839932	-6.479318481993726
180.86025	-6.571041478574848
180.879966	-6.660855331321059
180.9001	-6.753763212242377
180.920031	-6.848573070700193
180.940024	-6.948009359831661
180.959952	-7.052066587580332
180.980048	-7.161397983144475
181.000061	-7.27203424307009
181.019971	-7.378715876043967
181.039924	-7.476134101292938
181.060302	-7.562676482363214
181.079954	-7.636762487715674
181.09997	-7.711670875641781
181.119989	-7.795544113946937
181.140239	-7.892963762351
181.160009	-7.995315080213731
181.179984	-8.095906166451567
181.200278	-8.186737204283084
181.220305	-8.263470707208086
181.239976	-8.330989881971352
181.260111	-8.399569718631238
181.279979	-8.472353477870826
181.300019	-8.552926213609284
181.320289	-8.640517285609675
181.341083	-8.733591088427842
181.360208	-8.818536305895575
181.380069	-8.90203083455417
181.400028	-8.977678423445967
181.41997	-9.043054120051696
181.43994	-9.098325790132854
181.46002	-9.144962487345616
181.479959	-9.183515044578215
181.49998	-9.21425184043713
181.520238	-9.235883251121445
181.539989	-9.246325623197668
181.560239	-9.245672326115944
181.579973	-9.234470803077476
181.599969	-9.212805418167607
181.62003	-9.180025799898695
181.639985	-9.134981215583679
181.660033	-9.07661201079346
181.680017	-9.007147147689897
181.700342	-8.929366976684058
181.720024	-8.852033456814148
181.739952	-8.77489824541453
181.759959	-8.698866719627699
181.779948	-8.62263678532455
181.799953	-8.545129797287943
181.819974	-8.468335457412074
181.840027	-8.397094318682871
181.860197	-8.33652188761567
181.879935	-8.29076542454729
181.899956	-8.256871269646663
181.919975	-8.231992911168458
181.94	-8.213446958837638
181.960002	-8.201490054641559
181.97999	-8.198666657905315
182.000158	-8.207427480743686
182.02022	-8.227764670039566
182.039962	-8.256963076139675
182.060028	-8.292984507092548
182.07997	-8.332980304560115
182.100968	-8.378479826954399
182.120448	-8.4233136607806
182.140965	-8.472725101594081
182.160038	-8.520377320743625
182.180668	-8.574183671008969
182.201203	-8.631198039055473
182.220098	-8.688286150397229
182.240048	-8.754869513551382
182.260311	-8.829750132881527
182.279978	-8.908945373781357
182.300251	-8.99470354524259
182.320024	-9.078437669081799
182.34027	-9.161327675652823
182.360047	-9.240546344145942
182.379959	-9.32383546360482
182.399964	-9.416978340678792
182.419993	-9.520771029957947
182.439975	-9.628434392054098
182.46004	-9.729790370419844
182.480266	-9.816308572921534
182.499971	-9.883442193712145
182.519993	-9.938123279995185
182.540035	-9.983627041415815
182.560254	-10.020119315538565
182.579968	-10.04187723201588
182.600063	-10.044480901663132
182.619986	-10.025471923843986
182.639996	-9.986656382477351
182.660075	-9.931827751825782
182.680003	-9.864787367396595
182.69996	-9.786655983416653
182.719984	-9.698763290398972
182.739992	-9.604786787567342
182.760251	-9.50953795179567
182.779967	-9.424710171783078
182.79996	-9.354561758017622
182.820038	-9.304839888441753
182.840018	-9.275338934167785
182.860016	-9.259745557668806
182.880044	-9.249528174900597
182.90001	-9.238258180884602
182.920076	-9.22464967131201
182.940176	-9.21250213827424
182.960093	-9.20714003250867
182.979982	-9.211426831651082
183.000043	-9.225072101570184
183.020076	-9.245999240749386
183.040081	-9.273281429029204
183.060397	-9.308815422459867
183.079998	-9.352938280146573
183.099987	-9.40905541260799
183.120206	-9.475537397443182
183.140033	-9.546627851085068
183.160296	-9.621150884443603
183.179992	-9.692672622724107
183.199985	-9.763696182515138
183.220024	-9.834346687527692
183.240041	-9.905857577948373
183.260127	-9.979224483758268
183.279978	-10.052806891299754
183.300005	-10.127029229509338
183.320079	-10.200362292515956
183.340054	-10.270858050284891
183.360246	-10.336825423480725
183.379985	-10.392466072015788
183.399989	-10.438118718043144
183.420005	-10.476815772899114
183.439997	-10.517892393048141
183.459982	-10.570980146354605
183.479945	-10.638008936302004
183.500225	-10.711128030154294
183.520097	-10.77280512737294
183.539981	-10.814235181452286
183.560169	-10.837433179640701
183.579996	-10.85338187466854
183.599985	-10.874655060847385
183.620057	-10.904339645440405
183.640275	-10.935141992460748
183.660036	-10.954599641126658
183.679999	-10.955086163183497
183.700096	-10.933682025373965
183.720042	-10.891275911769894
183.740075	-10.827722953278135
183.760439	-10.741702718030895
183.779974	-10.6407028768195
183.800316	-10.522338222597545
183.819986	-10.402733035272204
183.840024	-10.28096383651256
183.860132	-10.159419527833883
183.879987	-10.037906038962113
183.899982	-9.913833032830091
183.920236	-9.79143698985107
183.940028	-9.683786215965648
183.960244	-9.59432028925885
183.980058	-9.530387250804216
184.000085	-9.488886172749405
184.020064	-9.468279791479723
184.04024	-9.467987465477371
184.059971	-9.489259138537049
184.080142	-9.533819218586048
184.100004	-9.59714762705686
184.120005	-9.67300784458859
184.13999	-9.751218360077077
184.160193	-9.824239665806251
184.180112	-9.885517169986061
184.19997	-9.934950196509801
184.219974	-9.974567116686822
184.240064	-10.00701231425435
184.260267	-10.036228970486999
184.280002	-10.066602984281463
184.300071	-10.105164920954756
184.320005	-10.154758392569462
184.340074	-10.214509818727667
184.360158	-10.27697858548914
184.380215	-10.333570871936338
184.400032	-10.380707733003634
184.420103	-10.425256766034044
184.440015	-10.476767359214069
184.460127	-10.542540574363814
184.480014	-10.616666748822531
184.49997	-10.686798118334599
184.520051	-10.740182410833706
184.540238	-10.772995911573263
184.560168	-10.791078567403629
184.579973	-10.803252276926742
184.600209	-10.812116265903006
184.619957	-10.81169118143275
184.639956	-10.793911144710025
184.660089	-10.754670800874893
184.679966	-10.69733956542956
184.699983	-10.626231232109385
184.719966	-10.545462272411743
184.74016	-10.454557140738846
184.760358	-10.354729513165722
184.780532	-10.24961490926117
184.799963	-10.149765023835975
184.820072	-10.05489205790642
184.84002	-9.972771855460776
184.860012	-9.902120650528392
184.879956	-9.841769737383565
184.899976	-9.79208641532747
184.91997	-9.756444284074702
184.939984	-9.736594083586745
184.959979	-9.729166821904352
184.980112	-9.72570482931623
185.000103	-9.718366601855081
185.019971	-9.706496960765502
185.039935	-9.698192435721499
185.060208	-9.705321449181588
185.079955	-9.733948749578087
185.100004	-9.781731739063739
185.120221	-9.838211294048408
185.139989	-9.891490303609467
185.160202	-9.939808817781518
185.179975	-9.982836864622978
185.200266	-10.025685049312953
185.219964	-10.065947058851274
185.240033	-10.102648961445892
185.260304	-10.133633125485007
185.279979	-10.161039364766275
185.300379	-10.194223692956527
185.320012	-10.236472795288336
185.340131	-10.288843771951353
185.360126	-10.340997151694033
185.379965	-10.383439833872949
185.40079	-10.416805770209864
185.419984	-10.446182659350745
185.439993	-10.48830361825166
185.459992	-10.54673331959965
185.479968	-10.61184380888825
185.500203	-10.66567916322052
185.520087	-10.691967127426745
185.540055	-10.691076509432786
185.560225	-10.675417090291237
185.579972	-10.660549571982806
185.600026	-10.652160864299596
185.620234	-10.644927370699062
185.63999	-10.628409218087878
185.660014	-10.59478505888953
185.679985	-10.544295189881359
185.700418	-10.479619320769663
185.720048	-10.408711997347512
185.739977	-10.329558101654529
185.760202	-10.244071846155
185.779983	-10.160572397482595
185.800101	-10.083342213375378
185.820303	-10.01902647867645
185.840216	-9.968034504779116
185.860023	-9.923420810876404
185.88	-9.877683563542133
185.900052	-9.829010952495402
185.920001	-9.781921792439425
185.940051	-9.742262438182449
185.960262	-9.713389699080343
185.980022	-9.694586285698994
186.00004	-9.68164294548796
186.020266	-9.673489551898312
186.040279	-9.6726823790046
186.06002	-9.682460097991813
186.07999	-9.703862166581082
186.100003	-9.73375017931281
186.120354	-9.76767307363488
186.139984	-9.800022872367075
186.160031	-9.831021232576104
186.180001	-9.859077442436547
186.200062	-9.882882678841808
186.219991	-9.900277466751964
186.240129	-9.911643350794007
186.259977	-9.920976124445753
186.27999	-9.9362655636349
186.300049	-9.964675645727233
186.320133	-10.007831131334777
186.340003	-10.059176592849557
186.360051	-10.109560195376426
186.379969	-10.150941203170255
186.400023	-10.184974724447411
186.419963	-10.22000315595285
186.439997	-10.265784255115662
186.459974	-10.323599475267654
186.479954	-10.384530434764969
186.499977	-10.434023733171149
186.520036	-10.46089030904404
186.540021	-10.463661668083084
186.560872	-10.449017288546223
186.580546	-10.42751415418582
186.600809	-10.401777125220525
186.620068	-10.371821726816748
186.640105	-10.32958037055636
186.659994	-10.272629767035097
186.679968	-10.199691786524323
186.700041	-10.112285072941237
186.719997	-10.013418624585208
186.740024	-9.904023887339907
186.75998	-9.787804532883763
186.779956	-9.669821139741739
186.799969	-9.557783968020379
186.81996	-9.4593436122764
186.839932	-9.378172003580165
186.860333	-9.312028151675277
186.879976	-9.261362244660113
186.899989	-9.22041973410607
186.919967	-9.189483145839105
186.939968	-9.168262178611188
186.959939	-9.15511867837495
186.980082	-9.146682771655328
187.000013	-9.140683909077133
187.020012	-9.138094031233411
187.039996	-9.143620315749853
187.060247	-9.162870278699467
187.079981	-9.197139404850555
187.100031	-9.24510394360319
187.119999	-9.299858163437863
187.140231	-9.35554268547407
187.160333	-9.405664788106161
187.179975	-9.446213830668423
187.200196	-9.477832098515558
187.219989	-9.499811763418332
187.240299	-9.51712619054203
187.260346	-9.535354965869743
187.280186	-9.560850329603584
187.299964	-9.597189016704718
187.320019	-9.644261814894293
187.340082	-9.697329181571474
187.360024	-9.751236717924115
187.379957	-9.803775698855205
187.399974	-9.856199722087418
187.420221	-9.91265876322432
187.439974	-9.975136899572835
187.4604	-10.049073616537651
187.479975	-10.126100269336781
187.499978	-10.203790096126022
187.520225	-10.271905314666709
187.539986	-10.320666743702155
187.560309	-10.349954934370242
187.579951	-10.360768622294815
187.599975	-10.35948653171042
187.620045	-10.350608965913958
187.640013	-10.335664231740179
187.660037	-10.312483370165296
187.679961	-10.277336016153267
187.699959	-10.226473854018986
187.719971	-10.159188260807339
187.739946	-10.078756344751472
187.760414	-9.989487528475783
187.77995	-9.905593382034848
187.799944	-9.82773041722877
187.819953	-9.761036537596963
187.839968	-9.705115012140636
187.860217	-9.656760848668092
187.88016	-9.614451913635865
187.900238	-9.576085698752514
187.919987	-9.544113486483077
187.940288	-9.521542939277454
187.959988	-9.514925707669674
187.980214	-9.52744971995754
188.000244	-9.558161610946284
188.020281	-9.601644683075417
188.03995	-9.649432876906427
188.059966	-9.697836973523968
188.079961	-9.74525885227849
188.099964	-9.794968467297348
188.119975	-9.850737862276214
188.139929	-9.913521484279848
188.159978	-9.98144286314631
188.179974	-10.049624895756097
188.200078	-10.114413501908258
188.220032	-10.17238872510724
188.240054	-10.223474562056898
188.260079	-10.26851660081106
188.280247	-10.310719999743267
188.29998	-10.35344909103201
188.319993	-10.402930274707776
188.339981	-10.460304536367733
188.359976	-10.522276451553184
188.379985	-10.58141171414118
188.400277	-10.631967277639019
188.420231	-10.672771477566975
188.440006	-10.712530449837601
188.460565	-10.764069431450427
188.4802	-10.827535913086738
188.500035	-10.900376502662885
188.519957	-10.970159679333575
188.540011	-11.027196245671435
188.559982	-11.069937979468605
188.580092	-11.105603914605894
188.600248	-11.141085539568827
188.620011	-11.176179240431132
188.64039	-11.205798181292312
188.660894	-11.219657342601929
188.680782	-11.212141330692557
188.700981	-11.183383843660561
188.719998	-11.13964955260509
188.740267	-11.077948084762575
188.760517	-11.001250993877727
188.780227	-10.911042459553862
188.80004	-10.806375724975076
188.820061	-10.692972310841368
188.840045	-10.582197341111007
188.859987	-10.483496961017646
188.88019	-10.400420884655075
188.900232	-10.334386360532697
188.919984	-10.282625693132807
188.940016	-10.241698148952281
188.959978	-10.212211523999576
188.980003	-10.19347361602108
189.00025	-10.182907539925068
189.01998	-10.177270253366393
189.040009	-10.174898125350788
189.059988	-10.178410286231458
189.079976	-10.19218022714051
189.100279	-10.218542982531158
189.120213	-10.253580005416348
189.140034	-10.291187849990253
189.160396	-10.326669760154465
189.179961	-10.354918536535342
189.200044	-10.377452572010991
189.22001	-10.393392605219626
189.240245	-10.402768807863305
189.260375	-10.406440948873124
189.279988	-10.408481521109609
189.300031	-10.415560335513787
189.31999	-10.433875647742656
189.339952	-10.46657664417151
189.36005	-10.513100694554879
189.379955	-10.569712005926347
189.400039	-10.635583390454489
189.42001	-10.710912329151032
189.439991	-10.799193204380286
189.459988	-10.901717795530926
189.480207	-11.014987295676866
189.499955	-11.12356340797329
189.519973	-11.21690529997442
189.539972	-11.282784772162861
189.559955	-11.319899768704389
189.579989	-11.335941647133453
189.599987	-11.34151557970231
189.620288	-11.3434703136631
189.640371	-11.341545452481057
189.659994	-11.330920337914915
189.680008	-11.305535791703392
189.700238	-11.26183171163137
189.720058	-11.20085942209813
189.739978	-11.123455025364365
189.760372	-11.032953788398165
189.779961	-10.943178562800966
189.800003	-10.857197046942733
189.820244	-10.781446848661634
189.840034	-10.716562762855881
189.860433	-10.651772948835898
189.880202	-10.583789303545874
189.899977	-10.509228775714128
189.919958	-10.434071862373045
189.940027	-10.370700733177236
189.960369	-10.329645167336876
189.979962	-10.31660367823256
189.999974	-10.327086292013437
190.019995	-10.354006309826824
190.040012	-10.391171102211912
190.06023	-10.437402542109732
190.079953	-10.492784352677829
190.099969	-10.560197757990759
190.119975	-10.634401425578062
190.140008	-10.706270067248582
190.159987	-10.766466451861353
190.179968	-10.812271012146976
190.199966	-10.848712105440113
190.220227	-10.885131825857389
190.23998	-10.926358863220425
190.26	-10.973874250475411
190.279974	-11.022092608318248
190.300905	-11.068204448176301
190.319965	-11.104995544816756
190.339997	-11.141494510454772
190.360425	-11.182549683683858
190.380183	-11.2319536630213
190.400479	-11.297147161992674
190.419954	-11.375374663487868
190.440009	-11.471148024558833
190.460252	-11.580034154012829
190.480346	-11.696344108384505
190.500479	-11.818015520707009
190.520661	-11.943524759130726
190.540056	-12.06679578655648
190.560268	-12.196592519463874
190.579983	-12.321290090013198
190.600246	-12.442244833933657
190.620323	-12.548847730764642
190.64002	-12.63514587260232
190.660232	-12.701696188573152
190.679967	-12.74488923233884
190.699967	-12.768807912593225
190.71997	-12.776335383214661
190.740037	-12.77070974052262
190.760276	-12.754110587059369
190.779967	-12.728918179204049
190.800199	-12.695001084519257
190.819997	-12.654527981872814
190.840011	-12.60536404942045
190.860148	-12.545002263907739
190.879989	-12.471750580136728
190.900029	-12.382430180374433
190.919989	-12.2800231910923
190.939973	-12.169138817809642
190.959986	-12.056744391737553
190.980013	-11.949921723479276
191.000008	-11.853951834059334
191.019984	-11.770043718864937
191.039991	-11.69456269387965
191.060434	-11.6190462283351
191.080102	-11.541368681908056
191.100002	-11.455965373687423
191.120226	-11.367515534907787
191.139975	-11.288741035694107
191.159973	-11.224304505816914
191.180012	-11.17685298265444
191.199994	-11.143247492769238
191.220005	-11.119552972413395
191.23997	-11.105790061498329
191.260591	-11.10541532448237
191.2803	-11.121557977605901
191.30013	-11.15383289832105
191.320004	-11.197450876661101
191.340055	-11.246458950945787
191.360911	-11.29744204729247
191.379967	-11.34133760460832
191.400016	-11.383119915719238
191.419965	-11.419439980551331
191.43997	-11.451243855038081
191.459977	-11.481512304428549
191.480231	-11.515202182715418
191.499986	-11.554232571520375
191.519993	-11.599560377008865
191.540023	-11.6469797259436
191.560234	-11.692648886688527
191.580346	-11.734025431422266
191.600269	-11.77160151868816
191.620017	-11.806823702570377
191.640049	-11.841550348925056
191.660587	-11.87799402411505
191.679998	-11.917224809125901
191.700051	-11.96789107678306
191.719975	-12.030049490623652
191.74006	-12.098906358818454
191.760082	-12.161813569780788
191.780177	-12.208079022756664
191.799945	-12.234395799974289
191.819958	-12.248969756285565
191.83997	-12.262630298155406
191.860128	-12.281580361235829
191.879943	-12.302116908983416
191.900082	-12.315849352190462
191.920252	-12.31507418693919
191.939938	-12.299623497690348
191.959941	-12.274453908581702
191.979963	-12.246251331665647
191.999989	-12.217867367614542
192.020004	-12.187468763132603
192.040279	-12.150604318263763
192.060641	-12.105342357483476
192.080049	-12.056741146305088
192.100236	-12.007351354897494
192.119983	-11.967794571797072
192.139989	-11.940556475021866
192.159981	-11.923639395635176
192.180038	-11.909594134691078
192.200009	-11.891575736133037
192.220054	-11.867948441044135
192.240248	-11.843203384885589
192.260048	-11.824397555887359
192.279982	-11.814001142390055
192.299972	-11.810236621490885
192.31996	-11.809415520363695
192.340018	-11.810379910722322
192.359938	-11.815859540184036
192.379963	-11.82991805009236
192.400006	-11.854023593074146
192.420014	-11.885696467506405
192.440235	-11.920709764667613
192.46022	-11.953865440745975
192.480207	-11.982563273427028
192.499953	-12.005006503069644
192.51996	-12.02210905663417
192.540049	-12.036759828979354
192.559979	-12.054631320311143
192.580056	-12.082379737090445
192.600007	-12.122911115246001
192.620003	-12.174198943790408
192.640234	-12.229260442394164
192.660003	-12.27680803840314
192.679981	-12.311798242993305
192.700016	-12.333763913232739
192.719976	-12.350480434190745
192.740038	-12.374882354359931
192.760278	-12.41779319174097
192.779977	-12.478105951041883
192.800035	-12.546875832320188
192.820043	-12.604522837658456
192.839946	-12.636570339994696
192.859997	-12.641027404103927
192.879956	-12.627422124648884
192.899987	-12.60917037138983
192.920327	-12.59374109679822
192.940029	-12.579632205649476
192.959927	-12.55760745834583
192.980028	-12.51913228905698
192.999974	-12.461723279486806
193.020171	-12.386846604020251
193.040044	-12.302952619789734
193.060219	-12.214582755184772
193.080039	-12.13031843112248
193.100225	-12.050055155167879
193.120223	-11.975694994951844
193.140049	-11.904468744964493
193.160234	-11.831846238009964
193.18	-11.760353545510954
193.20008	-11.690182744885465
193.220034	-11.62741094899892
193.240076	-11.575115883589573
193.259971	-11.535265154614411
193.280332	-11.506445386062182
193.299995	-11.490343140582533
193.319995	-11.488598164269588
193.340091	-11.506435970072674
193.360054	-11.547615765485952
193.379967	-11.61154633205398
193.399973	-11.69213586353052
193.419986	-11.778629840686534
193.440036	-11.861309601706576
193.460032	-11.934389509553661
193.479978	-11.997459281200742
193.500041	-12.052889757964673
193.520103	-12.101500616972583
193.539968	-12.142721926029171
193.56003	-12.17806185573959
193.580089	-12.211319722815157
193.599966	-12.249742138892335
193.620012	-12.301038893709212
193.63998	-12.366050888792959
193.659984	-12.43922619528787
193.679993	-12.511110046315078
193.700044	-12.575866836461786
193.719967	-12.634652122501917
193.73998	-12.695097461091454
193.759992	-12.761878599756162
193.779975	-12.831767685960024
193.79997	-12.894390769624943
193.819975	-12.93882351516544
193.840029	-12.961196874825
193.860238	-12.966205772972462
193.879973	-12.962122337201675
193.900078	-12.953430814601555
193.920059	-12.937939607016258
193.940032	-12.908959644053576
193.960022	-12.861021198726075
193.979982	-12.793802161992806
193.99999	-12.711227692190532
194.020035	-12.61909070143604
194.039965	-12.522705354985979
194.059978	-12.423970837079137
194.079993	-12.325579718547893
194.100072	-12.229931729921534
194.120043	-12.140367421748415
194.140037	-12.057415480802511
194.159987	-11.981191542591642
194.179995	-11.91224576322763
194.200278	-11.855049861986052
194.219988	-11.821172733440328
194.240207	-11.818906070199
194.260016	-11.853076775537556
194.279993	-11.919598919959858
194.300086	-12.006712090701216
194.31998	-12.100196319804077
194.340006	-12.194178791800157
194.35996	-12.2873070410403
194.380002	-12.383220398050577
194.399978	-12.482016615551215
194.419971	-12.580386773348476
194.441091	-12.677166353112717
194.459954	-12.753099348749902
194.48	-12.823119795389532
194.500102	-12.88728188737079
194.52036	-12.951093395308607
194.540764	-13.016982552698675
194.560695	-13.082202856571001
194.579968	-13.144878899471058
194.600236	-13.211351037754829
194.620321	-13.280737699820845
194.640789	-13.356686287797332
194.660971	-13.434069008021838
194.680965	-13.50739634678616
194.69997	-13.570109285891741
194.720017	-13.630723623246272
194.739976	-13.691625353481715
194.75997	-13.756708908070376
194.779973	-13.82090823635763
194.799979	-13.871796266038281
194.819997	-13.897791224153055
194.840029	-13.896902085853778
194.859992	-13.878788229717854
194.87998	-13.857977816886354
194.90022	-13.844123695082649
194.920038	-13.837034650471722
194.940366	-13.827055223142667
194.96021	-13.803659797044077
194.980005	-13.760209986169393
195.000237	-13.695765252163945
195.019976	-13.619139477608423
195.039988	-13.534856119978995
195.059983	-13.44933397201848
195.079981	-13.364304803942408
195.100222	-13.278075465451264
195.120237	-13.191791885576016
195.140215	-13.105616833753931
195.159958	-13.023815145657244
195.17998	-12.949624673697105
195.199953	-12.890330811484679
195.220283	-12.849911901399745
195.23996	-12.831850273763509
195.259972	-12.832302223376125
195.279973	-12.845437561586639
195.300072	-12.865204303402734
195.32006	-12.889377369071598
195.340046	-12.92145907669448
195.359934	-12.96667495684349
195.379997	-13.027430494339102
195.399978	-13.097645295006336
195.420004	-13.16735152291232
195.440018	-13.226944440761926
195.459979	-13.272836539996582
195.479988	-13.30788731712546
195.500097	-13.337329530613106
195.520214	-13.36524627753497
195.540237	-13.39408553386302
195.559972	-13.425701664884258
195.579964	-13.46282482407653
195.600975	-13.5063312126243
195.619973	-13.54434973916109
195.63999	-13.574520318956575
195.659989	-13.590156213787079
195.680207	-13.596843402381927
195.700085	-13.60906809448254
195.720028	-13.641329974761177
195.740033	-13.696092000017966
195.760016	-13.75959712533598
195.780052	-13.810745222249677
195.800075	-13.834705112647894
195.820063	-13.832701946241368
195.840298	-13.818275099304735
195.859983	-13.805868938016701
195.879997	-13.798375588059882
195.900619	-13.787763663660689
195.920066	-13.763850515845583
195.940051	-13.71856360293611
195.960352	-13.652865434162706
195.979997	-13.575654325230076
196.000019	-13.48797247856476
196.020069	-13.393850449196755
196.040058	-13.295873610481955
196.059966	-13.19760501883759
196.079987	-13.102317079950522
196.10007	-13.01310185185349
196.120246	-12.930000244850785
196.140409	-12.852235409571959
196.159963	-12.7823499151803
196.17998	-12.720432460440072
196.200027	-12.67438587863874
196.219999	-12.64954348355644
196.240001	-12.64655253728341
196.259961	-12.661781358067655
196.279974	-12.690040645266008
196.299998	-12.727705060022862
196.32005	-12.773889915418854
196.339963	-12.828106743047375
196.360256	-12.890163578374793
196.379945	-12.952986506279204
196.39996	-13.014564041667766
196.42043	-13.071324815163782
196.439962	-13.117664895777718
196.460957	-13.15825924237228
196.480756	-13.187565287803864
196.500901	-13.208922595000187
196.519967	-13.223685218258025
196.540313	-13.238454366404431
196.560019	-13.256643135150483
196.579967	-13.2811832453515
196.600064	-13.309910812166057
196.62006	-13.33714636337789
196.640204	-13.358210084371306
196.660087	-13.371411122378696
196.67999	-13.379971689177987
196.700057	-13.388586836659941
196.720037	-13.399839792148118
196.739969	-13.412575568063602
196.760037	-13.42322370936568
196.77998	-13.42871553027359
196.800048	-13.429348991188757
196.819968	-13.428198605453705
196.840261	-13.428481696554872
196.859995	-13.430411712456632
196.879964	-13.430021860481252
196.900058	-13.420323949835298
196.920234	-13.394785596328495
196.939956	-13.352216150415803
196.959988	-13.294956277231949
196.979999	-13.232223321734045
197.000232	-13.172081161966371
197.020273	-13.120157886963337
197.04029	-13.07404157204309
197.059979	-13.02862914153619
197.07998	-12.977681893169242
197.1002	-12.921356572042818
197.120231	-12.865556458230236
197.140021	-12.816287883135509
197.15998	-12.775639680934937
197.180249	-12.742670029413954
197.200024	-12.716038457880122
197.220089	-12.693896152740106
197.240019	-12.679767807852036
197.259978	-12.678889642829335
197.280018	-12.69548341207209
197.300025	-12.72919262416952
197.320756	-12.776482532398685
197.340245	-12.825150004074988
197.360051	-12.872550615140211
197.37998	-12.91519778333239
197.399976	-12.952924262950255
197.420265	-12.986886402332896
197.439986	-13.015519517535852
197.460013	-13.03907530522633
197.479978	-13.056825209665043
197.500012	-13.070897587368997
197.52005	-13.084629254635288
197.540031	-13.099874072342166
197.560188	-13.11492149970529
197.580046	-13.124921742783119
197.600001	-13.12755552447176
197.619994	-13.126477999296931
197.64006	-13.131104670567773
197.660216	-13.150262121655727
197.680233	-13.184238626388893
197.700202	-13.223703829576912
197.720014	-13.255773855098711
197.73999	-13.274797521399549
197.759951	-13.285791749800861
197.780303	-13.301302941492187
197.800002	-13.32939685727935
197.820036	-13.369802936549222
197.840001	-13.411039929183238
197.859993	-13.440752473107603
197.879975	-13.451843024206562
197.900026	-13.44423813581899
197.919985	-13.421163262981922
197.940013	-13.384594908797371
197.959941	-13.335307880032303
197.98011	-13.273741798634955
197.999987	-13.206122034996374
198.020012	-13.137702873091676
198.040194	-13.073041266855034
198.060779	-13.01031185020009
198.080629	-12.94713534657752
198.10024	-12.87704173566632
198.120055	-12.799676228037395
198.140235	-12.722662517867324
198.159972	-12.659267785364046
198.179973	-12.612398479253413
198.200011	-12.580120912125862
198.219988	-12.555282208404748
198.239969	-12.532445440444397
198.259958	-12.51219892439968
198.27997	-12.499559651564633
198.300074	-12.499091031817605
198.320314	-12.511175668752653
198.340037	-12.531176182504533
198.360055	-12.554286460972948
198.380004	-12.575990048786919
198.400001	-12.594710838016164
198.420012	-12.61068711072329
198.439994	-12.625405477221362
198.459992	-12.641304362668928
198.48034	-12.661753723351962
198.500017	-12.688506349003799
198.520041	-12.724124502077357
198.539987	-12.766180858705013
198.559991	-12.809979080498296
198.580061	-12.849738646955515
198.599998	-12.8827937940086
198.619995	-12.91415939778887
198.640639	-12.95599648851407
198.659989	-13.015234411383725
198.680202	-13.102845691112517
198.700072	-13.2086955107777
198.720362	-13.323820419197528
198.740036	-13.429736360745519
198.760229	-13.526177319461858
198.780123	-13.609929686533826
198.799982	-13.68608237716138
198.82001	-13.757169982956926
198.840015	-13.820248378939057
198.860005	-13.870655773935189
198.879946	-13.903984480286626
198.899963	-13.91791192942944
198.920003	-13.911271656683803
198.93999	-13.883518329926257
198.959967	-13.834533285624708
198.980012	-13.765959222707366
198.999996	-13.683805784700894
199.019992	-13.596776631647353
199.040003	-13.514125706662306
199.059995	-13.44132807052591
199.080017	-13.37748827478791
199.099985	-13.318063730562779
199.119981	-13.258566168413509
199.140037	-13.198677323162538
199.159989	-13.14193872653485
199.179999	-13.090150131717492
199.199964	-13.041694537430148
199.219994	-12.991051819255995
199.239975	-12.934399528726633
199.260202	-12.872134577246253
199.279975	-12.813425516396238
199.299983	-12.765271770744018
199.320009	-12.734527871181216
199.339977	-12.72193087852512
199.359964	-12.723472629474351
199.379995	-12.734053676890214
199.399967	-12.750719373485948
199.419997	-12.774331347417615
199.440016	-12.807885550508159
199.459959	-12.853512087198956
199.479969	-12.910879768077324
199.49998	-12.977000735415992
199.519984	-13.049727745401656
199.540033	-13.12939095847764
199.559928	-13.215171101776658
199.58002	-13.304205852259665
199.599964	-13.385440002628616
199.619963	-13.450563514612398
199.640005	-13.498698633872149
199.659989	-13.539760258789705
199.679984	-13.587940648222984
199.700931	-13.652657948073664
199.720349	-13.719277913880319
199.740011	-13.778916868635635
199.759949	-13.820167082997207
199.779957	-13.841611213301672
199.799968	-13.850373570048871
199.819993	-13.852852309099042
199.840141	-13.848735990315761
199.859989	-13.833208408814054
199.879957	-13.802667160503212
199.900221	-13.758489248819004
199.920275	-13.706846746815936
199.940862	-13.649328145043166
199.959965	-13.591624134260723
199.980067	-13.524743323078185
200.000009	-13.452834400550605
200.020227	-13.378142799082498
200.040037	-13.30789909977097
200.059975	-13.242486893651261
200.080192	-13.180193378518759
200.099982	-13.120096984259074
200.119998	-13.058702387425413
200.139971	-12.999213552332623
200.15998	-12.94740636487208
200.179996	-12.910662165276285
200.200003	-12.894932610744194
200.219988	-12.90338028540179
200.239973	-12.936557899951945
200.259954	-12.992960467278357
200.279986	-13.069188396303637
200.300278	-13.160039792408782
200.32013	-13.253638292284679
200.340259	-13.343763946809126
200.360196	-13.4206813444757
200.380006	-13.48117606012379
200.400045	-13.52669789176422
200.420065	-13.559686269448164
200.440036	-13.584353403883258
200.459995	-13.60511157386713
200.479979	-13.62584743485673
200.500033	-13.648728762054676
200.51999	-13.672295094456375
200.539971	-13.691686197234691
200.559981	-13.7005569143422
200.580037	-13.695461840416224
200.599981	-13.678989993289903
200.620026	-13.658442725753517
200.640036	-13.6418347590939
200.66101	-13.632399364253274
200.680252	-13.629532604363296
200.699984	-13.628628858232155
200.719977	-13.627454721643103
200.740005	-13.62696303114134
200.759983	-13.62965299806292
200.780064	-13.636753029855614
200.799999	-13.647023411986105
200.820006	-13.65869654710917
200.840075	-13.671599857987186
200.859986	-13.687751091537173
200.87999	-13.710071291035833
200.899992	-13.739221939355051
200.920226	-13.773456458497087
200.940004	-13.808132241786632
200.960041	-13.842274325942553
200.980033	-13.875644269245166
201.000063	-13.910056374055767
201.020227	-13.946386107816375
201.040075	-13.982133152012718
201.060011	-14.014822252267397
201.080207	-14.04235333595423
201.100315	-14.064767156581206
201.119955	-14.084936473067826
201.139957	-14.107358798049754
201.159952	-14.133135175471523
201.17995	-14.16057942841128
201.200029	-14.18609502023544
201.220192	-14.206313811926206
201.240281	-14.219752552203326
201.259988	-14.226703528733205
201.280061	-14.22746473283203
201.299977	-14.219837597961865
201.319981	-14.199650986994689
201.340019	-14.163145192451976
201.360213	-14.109247246667247
201.379953	-14.042700502368866
201.400268	-13.964226660252045
201.420033	-13.88055626819532
201.440043	-13.788185308498253
201.459994	-13.688049536797136
201.479965	-13.583203265724507
201.499963	-13.482691955630285
201.520212	-13.397871248184684
201.539982	-13.34145726336413
201.559953	-13.314063590038886
201.580179	-13.31152079086249
201.599962	-13.32539469701953
201.620027	-13.349955860909047
201.639963	-13.385165101016703
201.659964	-13.438118909326928
201.679954	-13.517715825031452
201.700031	-13.629999797867168
201.719988	-13.771610983285342
201.739952	-13.933307979307267
201.759942	-14.10141996814278
201.77994	-14.263743177219945
201.800169	-14.415664468466955
201.820904	-14.558515133802905
201.839954	-14.68070316618481
201.859943	-14.802396197392168
201.880044	-14.920118003574874
201.900438	-15.036267876433119
201.920389	-15.148103025405984
201.940499	-15.259432359564542
201.961111	-15.36968698687706
201.981132	-15.46788183905085
201.999987	-15.547191629229363
202.020213	-15.617079534643555
202.039988	-15.67465512340879
202.059972	-15.7274434096428
202.080274	-15.775841141587419
202.099992	-15.809416993872398
202.119982	-15.816418594876588
202.140006	-15.78717367859061
202.15995	-15.72462420734919
202.180051	-15.64193822353347
202.200018	-15.55664669114032
202.220022	-15.476591062242356
202.240256	-15.398210498861813
202.259966	-15.315879190714854
202.280345	-15.219544130133583
202.299968	-15.120052370730395
202.31997	-15.022209145783721
202.34004	-14.93658239877739
202.359965	-14.86571805784474
202.380024	-14.803808724110212
202.399974	-14.74601681560916
202.419967	-14.690431549752414
202.440095	-14.639511382996995
202.45997	-14.59674375549552
202.479983	-14.559843364422786
202.500015	-14.524299627756083
202.520037	-14.486683710058958
202.540052	-14.449435251718805
202.560025	-14.42155435600341
202.580157	-14.414436181641927
202.600216	-14.437229204773509
202.619958	-14.492550100874022
202.639958	-14.580576605249924
202.660102	-14.69729447519161
202.679989	-14.834591947622208
202.700112	-14.988598654007529
202.719981	-15.146773771859788
202.740051	-15.30324123578874
202.759983	-15.447119876627374
202.780002	-15.57426136344804
202.799972	-15.680427418190222
202.820005	-15.764560075442947
202.840019	-15.825976700304679
202.859975	-15.866095987252104
202.880049	-15.888859450156893
202.899996	-15.899106056454224
202.919974	-15.90149686640369
202.93995	-15.89771822810494
202.960019	-15.886196778475243
202.979955	-15.864705651071228
202.99997	-15.833638739005224
203.020012	-15.79893549446496
203.039981	-15.770382104298458
203.05997	-15.756305311170145
203.079994	-15.759417987627836
203.10025	-15.77590533827713
203.120058	-15.797730433943633
203.140221	-15.819581021636456
203.159926	-15.838253291801083
203.179999	-15.855112208342623
203.199962	-15.870949543053715
203.219994	-15.886437225927422
203.239966	-15.901329550006293
203.259963	-15.915030895099022
203.279978	-15.925844115436986
203.300035	-15.93057171940898
203.320004	-15.925327748782065
203.340007	-15.907564037580205
203.360237	-15.877265877692063
203.380072	-15.838188042573035
203.399965	-15.792748687047814
203.419986	-15.742591689270888
203.439963	-15.688485044262
203.459954	-15.630128462419778
203.479958	-15.567800733160452
203.499966	-15.502395354562706
203.519964	-15.435103559008382
203.540005	-15.36694546054373
203.559977	-15.299440456489384
203.580017	-15.23291892826695
203.599987	-15.168021972112244
203.620242	-15.103470828927174
203.639967	-15.042302319422484
203.660004	-14.983694723075553
203.679969	-14.931518795982862
203.700236	-14.88688270285895
203.719979	-14.851284271299681
203.740012	-14.820827526599475
203.759971	-14.79358803169136
203.780031	-14.768689115913155
203.79995	-14.748218585494389
203.820012	-14.734694549615988
203.840054	-14.729975973174028
203.86053	-14.733692484370016
203.880517	-14.743687748895747
203.899996	-14.757552212241503
203.92006	-14.774619336961097
203.940048	-14.79351962534156
203.96	-14.81341954849808
203.980291	-14.833584415176837
203.999993	-14.852054301912773
204.020199	-14.869375403644218
204.039931	-14.885081636992448
204.06027	-14.901174248209358
204.080171	-14.918366049119559
204.099964	-14.938512110336307
204.119989	-14.963348053341957
204.14024	-14.993650662029676
204.159957	-15.027750566801824
204.179992	-15.065384485684003
204.199975	-15.103564253895122
204.219982	-15.140523132159394
204.240041	-15.175718065567184
204.260007	-15.209678022048314
204.279983	-15.243882629403108
204.299971	-15.279044327618553
204.320003	-15.314819145493052
204.340064	-15.350044722894223
204.360008	-15.38342650456666
204.379945	-15.41476517310034
204.399956	-15.444373713397923
204.419962	-15.472486615394413
204.440018	-15.499402101472494
204.460043	-15.525122647005722
204.480024	-15.5497780024508
204.499972	-15.573534904156359
204.519977	-15.596459904278738
204.540002	-15.618152842798978
204.5602	-15.638177475047275
204.580049	-15.655426229998579
204.600253	-15.670061017270196
204.61997	-15.681347831529417
204.640085	-15.690075836293657
204.659986	-15.696674615360793
204.679951	-15.702250613991183
204.70016	-15.707715074776747
204.720029	-15.713237655474831
204.740067	-15.718613441191245
204.759982	-15.722906148597298
204.780047	-15.725038710287318
204.799982	-15.723776885491391
204.820016	-15.718091687932246
204.839987	-15.707635693412655
204.860249	-15.69283392563317
204.879974	-15.675915905451483
204.900064	-15.657829638256436
204.920391	-15.63935489229446
204.93995	-15.620612719236153
204.960262	-15.598452158743672
204.979993	-15.573116826506322
204.999987	-15.543794380076404
205.019974	-15.512314252374278
205.039979	-15.480358409649916
205.059948	-15.448937267905952
205.080016	-15.417657623627722
205.099996	-15.386001813907457
205.120257	-15.352691891408641
205.139958	-15.319076517107634
205.159989	-15.284259336920877
205.180043	-15.24972487200913
205.200206	-15.216248056540435
205.220208	-15.18483671019638
205.240022	-15.155623823542113
205.260185	-15.127681796705225
205.280013	-15.101825816795532
205.300196	-15.077206426068638
205.319977	-15.054881578131667
205.34001	-15.034087029474472
205.360206	-15.014705054884564
205.379962	-14.99706974281791
205.399958	-14.980715668171138
205.420034	-14.966399376548289
205.439953	-14.954922485452641
205.460713	-14.945947126910495
205.479964	-14.939875785094097
205.499962	-14.9351040351748
205.520335	-14.931363841028269
205.540518	-14.928994592996197
205.560685	-14.928536718105159
205.58114	-14.93033644016744
205.599984	-14.933856244004952
205.62021	-14.939069801658983
205.639997	-14.94522117550466
