42.100028	-0.00269150812710511
42.120033	-0.0026956552908995175
42.140013	-0.0027017038337777506
42.160371	-0.002705264844385328
42.180023	-0.0027011900166362787
42.200002	-0.0026917697135285645
42.221081	-0.0026899985225101357
42.240019	-0.002707851963735375
42.260031	-0.0027399421993899533
42.280265	-0.0027538113189099467
42.300239	-0.002720875590280893
42.320314	-0.0026582790867064835
42.339983	-0.002636840056516903
42.360048	-0.002719320838155753
42.380185	-0.0028713064651907727
42.400215	-0.00291459081147884
42.420131	-0.002600595295510505
42.440211	-0.0017408080651195078
42.460116	-3.466356188182916E-4
42.480082	0.001429199982721901
42.499978	0.0033591714298505182
42.520079	0.005333887920575368
42.540035	0.00730556606809187
42.559989	0.009338953100982806
42.579983	0.011462342994672168
42.599967	0.013621576708579676
42.619973	0.015723702582645403
42.640187	0.017702993879728266
42.660011	0.019477267001986737
42.679968	0.021135648430656524
42.699969	0.02274865874222562
42.720252	0.024411148644450202
42.739964	0.026085728614067848
42.760243	0.027845367555006578
42.779965	0.029533243432540702
42.799975	0.03117089281085723
42.819967	0.03272591362402164
42.840055	0.03424475947141888
42.859993	0.03575415085317182
42.879959	0.03728005082979432
42.899953	0.03879620900133581
42.920235	0.04028898684305956
42.94028	0.0417181051126772
42.959984	0.04311667001555676
42.979956	0.04458155190496999
43.000378	0.04615646271186574
43.020624	0.04777993348871864
43.040869	0.049426428044254636
43.059981	0.05097238713765138
43.08019	0.05258892796963288
43.099964	0.05415285528850483
43.119986	0.05570140827901219
43.139974	0.057168374862637115
43.159972	0.05850451970658563
43.179986	0.059684450141750625
43.199988	0.06073209084560709
43.220015	0.06172041568483569
43.239979	0.06273146010678415
43.260156	0.06384408682373638
43.280479	0.06507501995392373
43.300001	0.06633877149915869
43.320102	0.06767820905895426
43.340027	0.06901106893998527
43.360079	0.07035704731645043
43.379991	0.07172435723689126
43.400213	0.07317537538330202
43.420184	0.07468990746700734
43.439989	0.07629157973377072
43.460006	0.07805409408873287
43.479991	0.0800314222637798
43.500005	0.08230162869454932
43.52005	0.08487341713607843
43.540012	0.08763585493968336
43.559977	0.09042965420006159
43.580014	0.09311324030417292
43.599972	0.09563327987773768
43.620113	0.09813419238113497
43.640135	0.10076156614294554
43.660119	0.10365238086279238
43.680072	0.10679396030109797
43.700264	0.11009608942604487
43.720057	0.11329900192515498
43.739976	0.11640454571118672
43.759976	0.11941240907900835
43.780003	0.12236179806528004
43.800743	0.1253828093185981
43.820021	0.12816294563753505
43.839972	0.13101535060451935
43.859966	0.1338702737804518
43.880068	0.13675611877046412
43.900068	0.13963312750961854
43.920351	0.1425231533316928
43.939987	0.1452734417288413
43.960241	0.14807470694407726
43.979979	0.1507963539866065
44.000005	0.1535481863756512
44.019993	0.156244730013248
44.039974	0.15884411785729088
44.060015	0.16134607383146723
44.080065	0.16377538627434085
44.100225	0.1661774517143073
44.120029	0.1685006775636581
44.139983	0.17078983678892834
44.159981	0.17303651986166937
44.180061	0.1752810330973095
44.200052	0.1775398312159777
44.219984	0.1798099522870041
44.239973	0.1820536043307548
44.260234	0.18424234864735314
44.279958	0.1862889186516145
44.299925	0.18833525836505347
44.320049	0.19045699366905766
44.339954	0.19266966644811287
44.360005	0.1950095467472212
44.380049	0.19740321100626984
44.399974	0.19976883044306387
44.419993	0.20209721442808362
44.43995	0.2043892474697642
44.459995	0.20671115801295709
44.479996	0.20907288355844827
44.499989	0.21144016060787202
44.519994	0.21372373167313496
44.539968	0.21583497766576556
44.559999	0.21777141668339606
44.580026	0.21960607279929023
44.599989	0.2214626438999434
44.619992	0.22345927858360745
44.639959	0.22562807777634214
44.659964	0.22794613497873725
44.679962	0.23034073975872715
44.700011	0.23275316841267318
44.719972	0.23512571444160774
44.739959	0.237459990476024
44.761075	0.23989535850527768
44.780265	0.24210822248046066
44.800082	0.24442611903619627
44.819997	0.24681193351821748
44.840194	0.2492920758916334
44.860529	0.2518356563996725
44.880279	0.2543334592808766
44.900052	0.25685368667203007
44.920016	0.2594189847373334
44.939962	0.2619982139270881
44.960036	0.26458632526607284
44.980023	0.2671162718949841
44.999984	0.2695665922680717
45.02	0.2719538782608561
45.040197	0.27434066123886786
45.05997	0.2767194955888963
45.080083	0.27923014601757185
45.100226	0.28184908573071704
45.11997	0.2845058778626291
45.139965	0.28726598698064754
45.16	0.2900798886644853
45.180004	0.29291290720251606
45.20003	0.2957432643938249
45.219952	0.29853015196167615
45.23997	0.30129852729704387
45.259972	0.304055414786965
45.280004	0.30684084659952116
45.299971	0.30966288954694166
45.319962	0.3125260574644969
45.339959	0.31538634298505147
45.359973	0.31818466673880047
45.379992	0.32086639413667656
45.399961	0.3234080654426024
45.420861	0.3259642195571345
45.440188	0.3282977682010647
45.460196	0.3307420997013212
45.479977	0.3331979773233977
45.500215	0.3357092127491451
45.520913	0.33822073251731993
45.539963	0.340467456515382
45.559981	0.3428053162364279
45.579983	0.34518386306813253
45.599977	0.3476299224490306
45.620245	0.350139810150233
45.63997	0.35254805733115924
45.659963	0.35493553144712325
45.679976	0.3573346354411727
45.699965	0.35984008951330076
45.719989	0.3625055892270228
45.739947	0.36525216457261866
45.75997	0.3679563892585193
45.779951	0.37048789953703215
45.799995	0.3728498903939498
45.81999	0.37511544611956166
45.839989	0.37738804741707627
45.859978	0.3796969089474521
45.879986	0.38201011427430337
45.899987	0.38429029917636826
45.920224	0.3865901890593287
45.939963	0.388899064478542
45.959981	0.3913591995556169
45.980376	0.39395841372891366
45.999969	0.3964482915389328
46.020015	0.3988870396785762
46.039968	0.40116676965004167
46.059971	0.4033332829034851
46.080594	0.40550038169776614
46.099985	0.40751121650743055
46.120244	0.4096041286517929
46.139975	0.41167220738203764
46.160214	0.4139053203108
46.180084	0.4163068083836733
46.199983	0.4189836052227465
46.22004	0.4219393613673715
46.239966	0.4250415338062689
46.260054	0.4282158028586082
46.280642	0.43141546843950945
46.300077	0.43433504338783524
46.320032	0.4372283054569426
46.339956	0.44005854294062374
46.359971	0.44292576739767975
46.380314	0.44596266369596754
46.400442	0.4491591979185727
46.421121	0.45264514091098784
46.43996	0.4559443640423246
46.459986	0.4594915742850594
46.479985	0.4630168594738939
46.499997	0.4665338189495638
46.520032	0.4700925657568357
46.539977	0.47371046046947707
46.559971	0.47740180961788026
46.579973	0.481102497226155
46.600019	0.48474500585220787
46.620236	0.48828721792728164
46.639968	0.49157577295599
46.660243	0.4947704929518374
46.679994	0.4977331181628317
46.700218	0.5006899831445772
46.719989	0.5036003026703739
46.739991	0.5066274160392882
46.760056	0.5097348495296297
46.780064	0.5128272022699962
46.800264	0.5158646428531405
46.820011	0.5187359444001586
46.839976	0.5215864178411559
46.860048	0.5244395844224341
46.879976	0.5272253139587596
46.899954	0.5298690148544533
46.920226	0.5323170039519691
46.939968	0.5344981253074941
46.959986	0.5366399542360588
46.979976	0.5388619856691398
47.000051	0.5412409801704842
47.020263	0.5437330989678937
47.040222	0.5461940994882544
47.060212	0.5486113512917506
47.080013	0.5509909089495588
47.10028	0.5534773586167379
47.120251	0.556002862945913
47.139977	0.5585265865329291
47.160307	0.5610686334766763
47.179972	0.5633994030946369
47.199984	0.5656235258381482
47.219973	0.5677383303143511
47.240614	0.569893499865542
47.260244	0.5720044267422715
47.280236	0.5742920014510049
47.299956	0.5767224395285585
47.31999	0.5793581603361522
47.341058	0.582253961827159
47.360259	0.584954651815751
47.379963	0.5877653291163918
47.400046	0.5906841303523761
47.420251	0.5937039063880718
47.439963	0.5967381098903749
47.459976	0.5998812766801777
47.480093	0.6030707366869346
47.500177	0.6062890793716194
47.520027	0.6095579328607139
47.539979	0.6129962820521211
47.559986	0.6166026929127576
47.579989	0.620278669593801
47.600021	0.6238889045658983
47.620196	0.6273558571581107
47.639975	0.6306125822066914
47.660235	0.6339346825989706
47.680244	0.637338378922693
47.699987	0.6408551151776545
47.719984	0.6444945707644948
47.740062	0.6481005537303531
47.76013	0.6515949019750323
47.780292	0.6550387298276016
47.799971	0.6584223165942287
47.820058	0.6619358142558697
47.839965	0.6654148434162889
47.859956	0.6687867394314337
47.87994	0.6719478916907796
47.89997	0.6749004812990032
47.919969	0.6776871080715887
47.939951	0.6803645800787022
47.959957	0.6829603752201153
47.979982	0.6854799524933647
47.999982	0.6879427950145544
48.020091	0.6904158282690499
48.040029	0.6929104967607888
48.060025	0.695464015312275
48.080217	0.6980614023246918
48.099976	0.7005680951223228
48.120123	0.7030360108863519
48.139968	0.7053418961514482
48.160247	0.7075491112872231
48.180212	0.7095791725037591
48.200232	0.7115064730198967
48.219967	0.7133541334322697
48.239965	0.7152211326966752
48.26001	0.717100113299968
48.280013	0.7189578389546057
48.30024	0.7207799976258021
48.320169	0.7225001216778535
48.339996	0.7241519962814441
48.360253	0.7258253899514333
48.379991	0.7275012433339313
48.400219	0.7293212137762444
48.420541	0.7312846056929855
48.440755	0.7333625061591408
48.460668	0.7354741019287386
48.480102	0.7375040941884581
48.50004	0.7394540855421272
48.520012	0.7412076549133868
48.540279	0.7427758831988749
48.56004	0.7441434590888701
48.579985	0.7454294046015789
48.600013	0.7466842412982534
48.62	0.7479306326353357
48.63996	0.7491839065258441
48.660061	0.7504767558926628
48.680028	0.7518263707168822
48.699998	0.7532665156152086
48.720063	0.7547835915948022
48.739993	0.7562845288887461
48.759976	0.7576892275183451
48.77998	0.7589443376318938
48.799998	0.760079822160243
48.82002	0.7611887916305682
48.840215	0.7623786469549639
48.860002	0.763662254670105
48.880006	0.7650742040119684
48.900292	0.7665986479329003
48.920076	0.7681676771190031
48.940183	0.7698512738146879
48.960063	0.7715961513222934
48.980183	0.7734006817422522
49.000314	0.7751731580898564
49.020081	0.7768114842010555
49.040009	0.7783231524152351
49.060095	0.7797188831443653
49.080057	0.7810339990947799
49.099948	0.7823395697349286
49.120026	0.783688643029839
49.140233	0.7850537383503041
49.16004	0.7863269708489977
49.180007	0.7874700302961143
49.20028	0.7884613047684371
49.220013	0.7893013930184335
49.240057	0.79010878927076
49.260089	0.7909427665612545
49.280316	0.7918453204736718
49.300089	0.7927784474077375
49.320009	0.7937381211173299
49.339983	0.7946784466382422
49.360057	0.7955603965985794
49.379933	0.7963503241201549
49.400288	0.7970949772242585
49.420048	0.79781956187784
49.440183	0.7986311240367523
49.459995	0.7995219845408974
49.479965	0.8004584146850183
49.500031	0.8013452068084217
49.520145	0.8021171426873805
49.539999	0.8027680645586475
49.560074	0.8033541831625861
49.580049	0.8038738566894214
49.599929	0.8042690887779452
49.620039	0.8044557893494212
49.63996	0.8043890775270434
49.659973	0.8041264116891474
49.679944	0.8038015793750142
49.700011	0.8035419971254795
49.721032	0.803396037886518
49.740105	0.8033434036826416
49.760381	0.8032919001211278
49.780702	0.803184552959871
49.800663	0.8030198700635001
49.821076	0.8028356412399501
49.839964	0.802707727135632
49.859967	0.8026644851498083
49.879968	0.8027336064088471
49.899991	0.8029082026133451
49.920024	0.8031600168963223
49.94019	0.8034518044053396
49.959987	0.8037442797463515
49.979957	0.8040422980339433
50.000205	0.8043836085128335
50.020032	0.8048139518980258
50.04012	0.805385908573667
50.059992	0.8060618553209407
50.080217	0.8067658259193877
50.100039	0.807348382275241
50.120086	0.8077433272747077
50.139984	0.8079429318563711
50.160039	0.8080270677502585
50.179991	0.8080884448518812
50.199965	0.8081781945440614
50.220152	0.808286651041294
50.239963	0.8083739710168507
50.259966	0.8084311907701662
50.2802	0.8084889839530677
50.300007	0.8085855319505173
50.319984	0.8087256106524814
50.339973	0.8088612246927098
50.360216	0.8089393055459779
50.379988	0.808955743442419
50.400012	0.8089787623363174
50.420071	0.8090965232376397
50.439972	0.8093425193422155
50.460323	0.8096753433463261
50.47998	0.8099825194179744
50.500195	0.8102248868354804
50.520046	0.8104184450809373
50.539979	0.8106574509454275
50.560292	0.8110217228890886
50.58001	0.8114866696262711
50.600023	0.8119855477267212
50.620077	0.8124075662597472
50.639963	0.8126998018774271
50.660218	0.8129059246728297
50.680277	0.8131130368403966
50.700019	0.8134046320342707
50.720062	0.8138143008998635
50.740063	0.8142928281398248
50.759966	0.8147665039974405
50.779986	0.8151950543720153
50.800035	0.8155870749590567
50.820064	0.8159924263261996
50.839972	0.8164540853376578
50.859985	0.8169801930439151
50.880232	0.8175322763462686
50.899978	0.818027875161093
50.920221	0.8184369825976454
50.940237	0.8187091165410942
50.959979	0.8188245311317627
50.979993	0.8187669416863793
51.000053	0.8185234701748665
51.020046	0.8181157991329825
51.040067	0.8176140562217213
51.06003	0.8171362018319455
51.079995	0.8167957774931035
51.100014	0.8166462819553818
51.120241	0.8166494432178311
51.140187	0.8166991728489573
51.160303	0.8166918466707843
51.179968	0.8165839905857228
51.200027	0.8163853617728997
51.220117	0.8161211238653596
51.239977	0.8157832817365661
51.260061	0.815325080045194
51.279961	0.8147507539068741
51.299924	0.814137543525451
51.320156	0.813638409814935
51.341045	0.8134021719606743
51.36023	0.8134771731556895
51.380229	0.8137567239332157
51.400226	0.8140557630443054
51.42053	0.8142288255308654
51.440643	0.8142430629155264
51.460822	0.8142008200145222
51.479973	0.8142616758554598
51.499984	0.8145659147609823
51.52012	0.8151705970309533
51.539992	0.8160401523837457
51.560234	0.8171332449313915
51.580222	0.8183254913880025
51.599978	0.8195177066403632
51.620269	0.8206727783456839
51.640008	0.8217056774837102
51.660047	0.8227288499241046
51.679988	0.8238546210026145
51.699968	0.8252093135397994
51.720124	0.8268234813225875
51.740021	0.828562918325116
51.760008	0.8303104791736781
51.780012	0.8319652404592546
51.80006	0.8335374210329572
51.820161	0.8351069487635913
51.840071	0.836733791450149
51.860367	0.8385007646094456
51.880057	0.8403177393509016
51.90002	0.8422570733429672
51.920279	0.8443247476558368
51.939974	0.8464214091418304
51.960287	0.8486310887375503
51.980096	0.8507685657913197
52.000019	0.8528445012562137
52.020051	0.8548297978531083
52.039968	0.8566940916780544
52.060025	0.8584488480902888
52.079968	0.8600518244547971
52.100026	0.8615205623216189
52.120135	0.8628970637977288
52.139966	0.8642444576198303
52.160241	0.8656798385833329
52.180025	0.8671284703055253
52.199979	0.8685522809862104
52.220258	0.869864091355104
52.239969	0.8709830900926396
52.260208	0.8720398476419
52.279973	0.8730784049510024
52.299993	0.8741728926981549
52.320275	0.8752560609803395
52.339982	0.8761663199178267
52.360351	0.876894519059257
52.380213	0.8774592667319832
52.400628	0.8780655381763988
52.420253	0.878854974834201
52.439958	0.8799504720530046
52.460004	0.8813424559845131
52.480042	0.8828950425434158
52.500891	0.88455126625616
52.520141	0.8860542378754718
52.539998	0.8875765652969059
52.559955	0.8891142354871144
52.579963	0.8907010905976753
52.599976	0.892353082929134
52.620286	0.8940953121637811
52.639971	0.8958341754731945
52.659989	0.8976301946340275
52.679956	0.8994200454459058
52.699972	0.9011874642795136
52.720151	0.9029330473126329
52.73997	0.9046233155651012
52.759972	0.9063261560239025
52.779981	0.9080381357055722
52.799988	0.9097476288482088
52.820237	0.9114453637309359
52.840208	0.9130550638833245
52.860065	0.9145697225155717
52.879999	0.9159967843972663
52.9	0.91733684305808
52.920245	0.9186084496572312
52.939978	0.9197856817371194
52.959992	0.9209576782520413
52.980016	0.9221626800459939
52.999916	0.9234345002303251
53.020209	0.9248087183379041
53.03996	0.9261751314339606
53.059984	0.9275193157203039
53.07997	0.9287634504384574
53.100018	0.9298906044129738
53.120262	0.9309093268846336
53.139973	0.9317957390478616
53.160026	0.9326098053148298
53.180025	0.9333775564820732
53.200019	0.9341731270029062
53.220166	0.9350760437394917
53.239986	0.9360878437779531
53.260001	0.9371804628970427
53.280213	0.9382418782411999
53.300025	0.9391315694653626
53.320317	0.9398373813863448
53.33997	0.9403493422423569
53.35999	0.9407716560932452
53.379968	0.9411629647348525
53.399919	0.9415437961275289
53.420315	0.9418896285440552
53.439944	0.9421320307780463
53.4602	0.9422764002773886
53.479955	0.942372041670592
53.499959	0.9425331695865603
53.519979	0.942850345730869
53.539973	0.9433219627444084
53.559976	0.9438402340777081
53.579956	0.9442524251231224
53.599981	0.9444643597029495
53.620324	0.9444981218266981
53.639991	0.9444700994926643
53.660392	0.9445079511710243
53.679976	0.9446667975639647
53.699993	0.9449263564959582
53.719998	0.9452061732406107
53.740035	0.945438181013471
53.760251	0.9455966801435679
53.780374	0.9456956599715918
53.80063	0.9457758215362517
53.820757	0.9458785107715547
53.839968	0.9460300282738925
53.859973	0.9462617072220155
53.879964	0.9465743160856316
53.899953	0.9469753654244105
53.920002	0.9474850600869212
53.94	0.9481280732131351
53.959983	0.9489178434030581
53.979992	0.949822318495324
54.000248	0.9507597200216314
54.020216	0.951584079040585
54.039971	0.9522145608060256
54.060008	0.9526720280887148
54.079991	0.9530577315389267
54.100004	0.9535348939602657
54.119965	0.9542163473511308
54.139972	0.9551009443918301
54.160234	0.9560809081585336
54.17998	0.9569712696079931
54.199977	0.9577320066199803
54.219934	0.9583935522935391
54.240061	0.9590803980458267
54.26035	0.9598926650611519
54.280099	0.9608120129896519
54.300025	0.9617977742048263
54.320421	0.9627679944241861
54.340214	0.9636124306554503
54.360029	0.9643559549363309
54.380181	0.9650366604184167
54.399965	0.9656574045489652
54.420009	0.9662482165072417
54.439959	0.966799077612791
54.460004	0.9673196635718758
54.480205	0.9678262439753875
54.499966	0.9683303279534429
54.520036	0.9688851429906639
54.539974	0.9695078841001578
54.560221	0.9702146986851706
54.579984	0.9709315048593316
54.599973	0.9715940334080715
54.619969	0.9720996277110552
54.639967	0.9723988845735729
54.65996	0.9725193049170714
54.679991	0.9725558535562526
54.700214	0.9726310448241154
54.719988	0.9728461570993007
54.739981	0.97326571626755
54.759974	0.9738860655711643
54.779979	0.9746463918722815
54.80005	0.9754483706437924
54.819946	0.9761915213822357
54.839956	0.976863865290704
54.860029	0.9775337924988308
54.879979	0.9783194211250215
54.900012	0.9793205109541145
54.920658	0.9805621622812034
54.939971	0.9818276508256026
54.959955	0.9831414238227802
54.979964	0.984421904804441
54.999963	0.9856893906312838
55.020006	0.986963414120427
55.039994	0.9881899784042391
55.059973	0.9892796847134506
55.080284	0.9901898696822818
55.100001	0.9909213614263469
55.119974	0.9916326635153041
55.139954	0.9924389081433677
55.159982	0.9933832949554002
55.180026	0.9944023930952882
55.200027	0.995377405243981
55.219955	0.9962170443947758
55.239975	0.9969212776604262
55.260215	0.9975776260976924
55.279991	0.9982985734579417
55.300241	0.9992364122178811
55.319991	1.0003815631125996
55.340201	1.001732855140523
55.35999	1.0031358310647553
55.379949	1.0045731469871069
55.399977	1.006059621285739
55.420296	1.0076772996831769
55.440238	1.0093920907587803
55.460314	1.01116897721593
55.479992	1.0128258914838073
55.500037	1.0143314357205995
55.520002	1.0156669342882425
55.540174	1.01696152758676
55.560324	1.0183119661639424
55.580654	1.0197662509631884
55.6003	1.0212154097294341
55.620322	1.0226736174698228
55.639999	1.0240617592781878
55.660099	1.025442215334475
55.680276	1.0267959385011898
55.700802	1.028117904354444
55.720407	1.0292951458213817
55.739995	1.0303780472767685
55.76006	1.0314244064231703
55.779984	1.0324583993951615
55.8	1.033544731188807
55.819988	1.0347039062692938
55.839974	1.0359331194210126
55.86022	1.0372150071172457
55.880652	1.0384905623676797
55.901221	1.0397066365762613
55.919974	1.0407447103569172
55.939976	1.041826612957855
55.959965	1.0429744066147841
55.979941	1.0442742411299328
56.00006	1.0457748024348548
56.020376	1.0474582607656806
56.039965	1.0491765331100384
56.059987	1.0509481471572089
56.079981	1.0526685177145578
56.100025	1.0543287578620835
56.119983	1.055974827242646
56.140019	1.0577418115836048
56.160083	1.0597505218097003
56.180029	1.0620208800469866
56.200015	1.0644630531517782
56.219971	1.0668608441702025
56.239962	1.0690353955483276
56.25997	1.0709325687008036
56.279984	1.072648701915441
56.300085	1.074345062508349
56.320043	1.0760934585339528
56.339974	1.0778839797822124
56.359979	1.079641291907527
56.379988	1.0812901599273068
56.400033	1.08282106535655
56.41997	1.0842540461840182
56.439973	1.0856462884935947
56.46001	1.0870480384833727
56.479959	1.088514487096474
56.499998	1.0901080424692011
56.519967	1.0917943010780842
56.539972	1.09345574800648
56.55998	1.0949073244074923
56.579975	1.0960269316464752
56.599978	1.0968536258707735
56.619957	1.0975760068300124
56.63998	1.0984262848771922
56.660013	1.0995418263761663
56.679988	1.1009110631768375
56.699957	1.1024340690730199
56.719967	1.1040092044106635
56.739993	1.105585921529457
56.760272	1.1071857578591318
56.780221	1.1087713177919756
56.8	1.1103337700745377
56.819976	1.111853995394813
56.84019	1.11329612081167
56.859969	1.1146256626547193
56.880046	1.1159625070509878
56.900014	1.1173645634352949
56.920041	1.1188757337638309
56.939992	1.1204200518580005
56.959998	1.1218703062310014
56.980037	1.1231029073140966
57.00018	1.1240942822034474
57.019971	1.1248960669528276
57.039959	1.1256275123925896
57.059974	1.1263257208291562
57.079963	1.126979052206969
57.100036	1.1275977752839734
57.119977	1.1282607515709902
57.13995	1.1291146201558115
57.160024	1.1302644942339042
57.180066	1.1316786138078514
57.200278	1.133226992647353
57.219964	1.1346835053179516
57.239984	1.1360057022852217
57.260041	1.1371570286619437
57.279981	1.1381606325759082
57.299956	1.1390376685595685
57.31996	1.1397595336673976
57.339972	1.1402860025343369
57.359971	1.1406168828492067
57.380051	1.1408220987387867
57.400032	1.1410207529686947
57.419963	1.1413353147693788
57.439975	1.1418350661733991
57.45998	1.142502229998211
57.479981	1.143257593506072
57.499975	1.1440126321945654
57.519966	1.1447182717245055
57.539956	1.1453749884447155
57.559985	1.1460064125459182
57.580003	1.1466180885121493
57.600028	1.1471885300737195
57.620001	1.147681961371922
57.63995	1.1480820279408153
57.659985	1.148408217981599
57.679969	1.1487075933619009
57.699927	1.1490412031529904
57.719986	1.1494528383368963
57.739951	1.1499316817223746
57.759979	1.1504176465985718
57.779965	1.1508191501776817
57.800021	1.1510860299392578
57.820009	1.1512534944698725
57.839939	1.1514439629896316
57.859981	1.1517956711627935
57.879971	1.1523678876539272
57.899948	1.153108263724748
57.920202	1.1538994394891129
57.939934	1.1545916637268663
57.960179	1.1551741420863213
57.980198	1.155651939441865
57.999953	1.156082180346096
58.019945	1.156515562595962
58.039978	1.1569587745060006
58.060012	1.157407127278292
58.080041	1.1578581318979082
58.100207	1.158319642897141
58.120003	1.1587939508446266
58.140432	1.1593354145937707
58.160268	1.1599545980794068
58.180248	1.1607064488130112
58.200037	1.1615708445827777
58.220009	1.1625068846501323
58.240288	1.1634485928906795
58.259967	1.1643208551409954
58.28	1.1651938941712712
58.300017	1.166105973624145
58.320022	1.167079641335938
58.34085	1.1681232658054788
58.36017	1.1690656690810923
58.380042	1.1699848118678542
58.400063	1.1708783951077482
58.420013	1.1717517641096096
58.439975	1.1725700372571348
58.460285	1.1732565297733313
58.48027	1.173717293525574
58.500255	1.1739793523877111
58.519992	1.1741524104290428
58.540224	1.1743853024497517
58.560203	1.1747525341977265
58.58003	1.1752341967755568
58.600259	1.1757554694299834
58.619997	1.1762105894020731
58.640115	1.1765987581816095
58.660006	1.1769499605107412
58.680067	1.1773309814877484
58.700014	1.1777618717620562
58.719967	1.178219675654027
58.73998	1.178660003671908
58.759993	1.1790649010652725
58.780272	1.179479376632168
58.800373	1.1799743865812269
58.819974	1.1806062824578178
58.839962	1.1814136329132163
58.859983	1.182330754901329
58.879958	1.1832675266519064
58.900869	1.1841968515477383
58.919959	1.1849722184193991
58.939959	1.18572072250532
58.960227	1.1864495617433064
58.980047	1.1871769462781203
59.000109	1.1879798509435786
59.020476	1.188917811844815
59.039976	1.1899691039676257
59.060323	1.1912156157143068
59.079972	1.192492538099642
59.100265	1.1937685406155316
59.119956	1.1948579631253828
59.140089	1.1957780003751657
59.160035	1.1965513534742354
59.179961	1.197305986418223
59.199973	1.1981573241548016
59.21996	1.199129163850065
59.239986	1.2001523193654005
59.259958	1.2011014725161713
59.279977	1.201892090199096
59.30026	1.202518003096739
59.320203	1.203007410056604
59.339966	1.2034163177789243
59.359985	1.2037718287418238
59.38	1.2040715863148674
59.399976	1.204340857167075
59.419965	1.2046401955357522
59.439988	1.2050294528823002
59.460283	1.2055302296365151
59.479971	1.2060869843847342
59.500025	1.2066896849038653
59.520041	1.2073353627752854
59.539992	1.2080767357716478
59.560266	1.208978096569505
59.579967	1.2099868112835317
59.600018	1.2110780391491969
59.620208	1.2121694043751463
59.64025	1.2132385559041348
59.660243	1.214365183326029
59.679999	1.2156409449724084
59.700006	1.2171559174534738
59.720014	1.2188668658880173
59.739992	1.2206837850583827
59.760246	1.222551465572844
59.780286	1.2243900520365503
59.800026	1.2261966344257473
59.819983	1.2280201628519407
59.839991	1.2298182443187362
59.860032	1.231555658221206
59.88002	1.2332306649671927
59.899995	1.2349064844091016
59.920054	1.236664758025698
59.939968	1.2385084990787272
59.960079	1.240417701885198
59.9805	1.2423169210185792
60.000047	1.2440501469549912
60.0202	1.245776123012636
60.039963	1.2474819980808003
60.059969	1.2492822463146378
60.080036	1.2511665634329223
60.100284	1.2531020102703048
60.120187	1.254974798755693
60.139954	1.2567465623351832
60.159957	1.2584054123633457
60.179998	1.2599178312443327
60.200052	1.2613172724975028
60.22023	1.2627028288705984
60.239975	1.2641426808789435
60.259962	1.2657369483927245
60.279963	1.2674149625017421
60.30001	1.2690420649827128
60.320204	1.270494956715088
60.339955	1.2717031008563064
60.359982	1.2727963137004368
60.380013	1.273884458929698
60.400114	1.2750415704949143
60.420006	1.2762239856460336
60.439958	1.2773714610621565
60.460156	1.2784557719176382
60.479993	1.2794889288873872
60.500274	1.2806045826183015
60.520197	1.2818180930426952
60.540213	1.2831399403270094
60.559983	1.2844812327141968
60.580266	1.2858377730188124
60.599985	1.2871288181163727
60.619989	1.2884314893799729
60.63998	1.28973714896971
60.660065	1.2910360126723175
60.680353	1.292304722839589
60.700042	1.2934705945718132
60.720749	1.2946131011088444
60.740609	1.2956215811172611
60.760812	1.2965755406863797
60.779986	1.297474476034197
60.800001	1.2985090732295934
60.819981	1.2997147372356859
60.840218	1.301086352388515
60.859981	1.3024382131710308
60.880017	1.3036591259258423
60.900049	1.3046625069993865
60.919945	1.3055193235895888
60.93997	1.3063974723929654
60.959975	1.3074060999496728
60.980002	1.3085525264364253
61.00005	1.309760168728372
61.020018	1.3109470409455413
61.039969	1.3120945474970285
61.060319	1.3132446569466785
61.079969	1.3143526123940408
61.100249	1.3154902954616026
61.11997	1.3165826620980348
61.139964	1.317681679147072
61.159987	1.3187890886399607
61.18003	1.319905891980197
61.199989	1.32100680862142
61.220213	1.322089086106518
61.23997	1.3231175892690465
61.260042	1.3241653584628563
61.279994	1.3252401153268336
61.299976	1.3263430306353698
61.320022	1.3274205122378842
61.339957	1.328385599632882
61.360206	1.329201542129682
61.379975	1.3298384460337602
61.40002	1.3303808571066165
61.420036	1.3309049587072548
61.439964	1.3314834291205828
61.460093	1.332167823227235
61.48	1.3329617183472737
61.499974	1.3338888230168187
61.519979	1.3349635481347035
61.539978	1.3361891772147545
61.560041	1.3375541481624431
61.579962	1.33902022225646
61.60004	1.3406119346324379
61.620035	1.3423503127145315
61.640249	1.3442991190951268
61.660261	1.3463845740225855
61.680018	1.3484722136886649
61.700064	1.3504623070808448
61.719995	1.3522369541358652
61.740137	1.3538889789945165
61.760386	1.3555650644014967
61.781241	1.3574350393769363
61.800135	1.3592571706983414
61.820121	1.3612048310987122
61.83999	1.3630242616696595
61.859994	1.3646601030583925
61.880209	1.366113470702439
61.900015	1.3673827444870927
61.91998	1.3685619677031786
61.9401	1.3697165432735015
61.960007	1.3709036104994226
61.980226	1.3722265656127293
62.000025	1.37367300442959
62.020032	1.3752864313163389
62.040029	1.3770385108815664
62.060259	1.3789496988053946
62.080212	1.3809659586456444
62.100093	1.3830626553135552
62.119997	1.385161691514722
62.140005	1.3871840180305277
62.160081	1.389106587913833
62.179987	1.3909843254064926
62.20008	1.3929816775605781
62.220026	1.3951646510418323
62.240255	1.3975913752382978
62.26001	1.4000966787751052
62.280919	1.402787575901578
62.300395	1.4052671404489039
62.319981	1.4077277679063407
62.340935	1.4103604058033676
62.360766	1.4128858246316107
62.381034	1.415506563084973
62.399976	1.41797215518639
62.419995	1.4205764872476587
62.43997	1.4231898579375553
62.459997	1.425881143857056
62.479976	1.4287029595826224
62.500049	1.4317080827263289
62.519987	1.4348331925965205
62.539978	1.438023030250797
62.560007	1.4411634638301454
62.579969	1.4441335144103793
62.599989	1.4468833899324924
62.61997	1.4493875223106858
62.639995	1.451704381526689
62.660055	1.4539198841136953
62.679983	1.4561006535950534
62.700059	1.4583184466841919
62.719982	1.4605260114361305
62.740037	1.4627155536974437
62.759992	1.4648459894736192
62.780002	1.4669695071991746
62.800082	1.4691550028161822
62.820216	1.471443108839388
62.839998	1.4737527010003346
62.859968	1.476038443447334
62.879956	1.4781602353750558
62.899957	1.4800648629689783
62.920202	1.4818227604238718
62.939964	1.4834822271595025
62.959962	1.4851863383943529
62.980042	1.4869173785061904
63.000006	1.4885871024353934
63.019956	1.490147609561392
63.039986	1.4916240086641852
63.060037	1.4930810842541833
63.080206	1.4945643296359643
63.100234	1.4960087078832713
63.119968	1.4973175641727265
63.139984	1.498503195256161
63.159991	1.4996426622785373
63.179974	1.500898321692127
63.200002	1.5023725500060756
63.219956	1.5039977562212314
63.240295	1.50563403582207
63.260008	1.5070460871148375
63.280268	1.5083006364633285
63.29996	1.5094475746121945
63.31996	1.510685733799681
63.339964	1.512050259402018
63.359975	1.5134714823036017
63.379962	1.5148329079520821
63.399949	1.5160834548846713
63.420221	1.5172875444503005
63.439971	1.518488765152604
63.460029	1.51978138954104
63.47996	1.5210908520530833
63.500038	1.5223416214845895
63.519973	1.5234691631979658
63.539968	1.5245427534924343
63.560257	1.525709342458824
63.580204	1.5270473466156753
63.6007	1.5286283047924654
63.61993	1.530198612036588
63.640015	1.5317677521830069
63.65996	1.5331472885547068
63.680203	1.534375462033483
63.699991	1.5355208461777614
63.71997	1.5367605013577954
63.739962	1.538158574565761
63.76007	1.5396893927741415
63.779984	1.5412122184333032
63.800028	1.5426216998330795
63.819971	1.5438291319643622
63.840023	1.5448623456883885
63.859994	1.545791433259504
63.879991	1.5467172473524473
63.900013	1.5477055278545866
63.920222	1.5487841844295274
63.939965	1.5499006480705009
63.959978	1.5510634674796169
63.980018	1.5522260927082887
64.000059	1.5533637449500288
64.019985	1.5544638109766438
64.039961	1.5555475271875032
64.060291	1.5566530604484086
64.080051	1.5577435585660484
64.100066	1.5588561214721584
64.119957	1.5599406422187354
64.139978	1.56097375500963
64.160037	1.561922044934571
64.18023	1.5627809717129464
64.200013	1.5635437108783452
64.219983	1.5642713770805736
64.24001	1.565010470275558
64.259981	1.5658041753084866
64.279981	1.5666770496309415
64.299981	1.5676153281123726
64.319984	1.56859091287119
64.339982	1.56959374543261
64.360257	1.5706638064749183
64.380066	1.5717931488675856
64.400014	1.5729972977634432
64.420023	1.5741736966862045
64.439994	1.5751735502990165
64.460057	1.575905709729216
64.479964	1.5763840689308608
64.499981	1.5767470743186478
64.519958	1.577142685770407
64.540082	1.5776450452452198
64.560277	1.5782042577706132
64.580561	1.5786999293632835
64.600604	1.5790223589710175
64.620782	1.5791530223277899
64.640866	1.5791356838012647
64.660344	1.579039267326614
64.680408	1.5788941339610199
64.700777	1.5787029544612827
64.720874	1.5784760544192655
64.739967	1.5782640533878816
64.760089	1.578116155411765
64.780013	1.5780952829825698
64.800021	1.578184250667872
64.820218	1.5783062943325514
64.840588	1.578380533686149
64.861037	1.5783865551620841
64.880297	1.5783736907711996
64.900019	1.5783989063397048
64.920008	1.5784692621900087
64.939989	1.5785360618962705
64.96003	1.5785619221368332
64.980032	1.5785847299096891
65.000066	1.5787081822950726
65.019969	1.579009690727175
65.039988	1.5794555223946476
65.060009	1.5798829764016795
65.079985	1.580104869058832
65.099988	1.5800410096170212
65.12	1.5797801978319201
65.139972	1.5795341198890123
65.160332	1.5795100641369075
65.180009	1.5797994266775885
65.200056	1.5803632913173864
65.220033	1.581054322386112
65.239966	1.581734703287193
65.26011	1.5823400433493298
65.279971	1.582857013632132
65.300018	1.5833387830069812
65.319984	1.5838181970618956
65.339963	1.5843188447098075
65.360332	1.584862777964023
65.380208	1.5854417418790543
65.399983	1.586081495942551
65.419953	1.5867885946003986
65.439962	1.5875184346016784
65.460054	1.5881992786399861
65.479973	1.5887458831562076
65.499969	1.589121556291799
65.51995	1.5893347926745858
65.539974	1.5894434824455923
65.560308	1.5895199160228137
65.579993	1.5896132613702165
65.600006	1.5897505996376777
65.619974	1.58993238684572
65.64024	1.5901556007327764
65.660039	1.590393007349937
65.679964	1.5906103556750064
65.700051	1.590746467974631
65.72023	1.5907454438260427
65.739976	1.5905946549727694
65.760068	1.5903200058152407
65.780183	1.5899753960881617
65.80029	1.5895934342225781
65.820091	1.5891711917742786
65.839994	1.5886648041937004
65.860028	1.5880481758488758
65.879962	1.587345791079459
65.900039	1.5866087655488244
65.920152	1.5859120258144845
65.939988	1.5853032483397527
65.959974	1.5847423045414502
65.980012	1.5841435178483618
66.00024	1.583390462380732
66.019987	1.5824418421306359
66.04	1.5812795058963658
66.060347	1.57998758054416
66.080056	1.5787401823219902
66.100295	1.577529783117607
66.119984	1.5764144590798488
66.139997	1.5752976916121697
66.16008	1.5741637494903569
66.179982	1.573042815122986
66.199979	1.5719629095116623
66.220061	1.5709501808339863
66.240002	1.5699927361930648
66.260087	1.5690179201694991
66.279983	1.567990350367305
66.300056	1.5668828542890598
66.319973	1.5657530138663047
66.340008	1.5646433864252456
66.359967	1.563602379617082
66.379974	1.5626199522785924
66.399969	1.5616615676127688
66.419966	1.560682952522012
66.439996	1.5596651106068873
66.459989	1.5586374437634631
66.480233	1.5576444208776175
66.49996	1.5567814683018464
66.519975	1.5560369787529453
66.540283	1.555385416663218
66.559965	1.5547809425119117
66.579973	1.5541008429687624
66.600024	1.5532744485948327
66.619976	1.5522669716183464
66.640045	1.5510738311712315
66.659977	1.5497619250387316
66.680031	1.5483998181853769
66.699953	1.5470977283385825
66.720001	1.5459045484093101
66.739948	1.5448417006343937
66.76026	1.5438318820917059
66.780314	1.5428279453418658
66.800452	1.541765778011628
66.820971	1.5406506998379903
66.840645	1.5396246828662727
66.860044	1.5387244724696918
66.880218	1.5379135077791886
66.89996	1.5371844386836804
66.920029	1.5364335011886536
66.939966	1.535650827789023
66.960306	1.5348543139331212
66.980095	1.5341387976726573
67.000021	1.5334856755320152
67.019991	1.532827409210778
67.039976	1.5320575687433824
67.060236	1.5310984777110597
67.079967	1.5300154141211386
67.100021	1.5288611031985726
67.119978	1.527763470130958
67.139962	1.526770982182557
67.160327	1.5258662923874877
67.180001	1.5250687839451718
67.200264	1.5243078894700424
67.219962	1.5236243974473895
67.239955	1.5229857828381645
67.260196	1.5223825732174323
67.280249	1.521813934688022
67.300225	1.5212783907607823
67.319989	1.5208016780346498
67.340056	1.5204001572673793
67.360247	1.5200918184706775
67.379989	1.5198721513093405
67.399999	1.5197063123727417
67.419986	1.5195709142773852
67.440354	1.5194383957408704
67.460024	1.5192808500876263
67.48002	1.5190363863837193
67.500002	1.5186517615249224
67.519988	1.5181051987331562
67.539965	1.5174401411612861
67.560053	1.5167491581109502
67.579977	1.5161378116876725
67.599954	1.5156350273598065
67.619982	1.5151985099615912
67.640395	1.5147385261586273
67.660284	1.5142186489156326
67.680003	1.5136339028198684
67.69995	1.5130120966206757
67.72001	1.5123855244070668
67.739957	1.5117571903793336
67.760236	1.5111045881431329
67.780041	1.510487290790032
67.800022	1.5099670172121487
67.820015	1.509622093253866
67.839963	1.5094390283085162
67.859975	1.5092950877459814
67.879972	1.5090335938353392
67.900022	1.5085769086667762
67.919946	1.5079979078383101
67.940005	1.5074534530589012
67.95997	1.5070839657425397
67.979965	1.506896321579946
68.000075	1.506790443472105
68.020166	1.5066617266074458
68.039942	1.5064966281963894
68.060006	1.5063590358234624
68.08022	1.5063096899420005
68.100037	1.5063051882329943
68.119951	1.506201496876828
68.139982	1.5058529780521024
68.159994	1.5052268638394228
68.179948	1.5044268163769443
68.200591	1.5035773757252904
68.219962	1.50284638742438
68.240005	1.5021242737325886
68.260239	1.5013211245927467
68.280518	1.5003718163547153
68.300871	1.4993273668873524
68.319995	1.4984155397803463
68.340171	1.497704626577976
68.360421	1.4973185114655816
68.380071	1.4971809717771483
68.399974	1.497086528761791
68.419986	1.4968381097341779
68.440065	1.4963447497843347
68.459976	1.4956723302660142
68.480002	1.494967160616976
68.499981	1.4943779263245514
68.520001	1.4939416834891344
68.540226	1.49357441672545
68.559981	1.493149341856469
68.58025	1.4925402306908897
68.600034	1.4917675879331087
68.619995	1.490873102734081
68.639991	1.4899245324718673
68.660057	1.4889162945065042
68.680006	1.4877999693106778
68.699976	1.486539090772312
68.719946	1.4852171977190267
68.740076	1.4840155205566985
68.760009	1.4831505819788664
68.78023	1.4826752595377843
68.79997	1.4825027421605088
68.820067	1.4824273940280277
68.84	1.4823167475811936
68.860286	1.4822008739824353
68.88001	1.4822671378452132
68.900032	1.4827290646896971
68.919948	1.4836844200307397
68.940065	1.4850849559632884
68.960221	1.4867309976793985
68.980038	1.4883693925452943
69.000036	1.4898897045605926
69.019959	1.4912411140601234
69.039977	1.4925308750642572
69.060013	1.4939300276762404
69.079963	1.4956027287258296
69.10005	1.4976489737390695
69.120002	1.4999858792471124
69.139957	1.5024709943067356
69.160409	1.5049994583727233
69.180295	1.5073530461558349
69.200413	1.50964246165968
69.219928	1.5118398463524314
69.240348	1.5141594674907148
69.26008	1.5163979518568211
69.279981	1.518575915113584
69.300038	1.5206030156109471
69.319943	1.5223881087022577
69.340027	1.5239380181893527
69.360002	1.5252370694996071
69.380218	1.5263306255612175
69.399985	1.5272178347570728
69.41995	1.527975500408436
69.440279	1.5286659012750836
69.459967	1.529325151454288
69.480003	1.5300574481261613
69.499976	1.5308994023861204
69.519948	1.5318594162149555
69.540027	1.5328935422808128
69.56001	1.5338998208654866
69.580231	1.5347950608468912
69.600252	1.5354939174317053
69.619981	1.535992141636233
69.640159	1.5363640517352766
69.660244	1.5366942878779217
69.679979	1.53707562708408
69.700024	1.5375768052900018
69.719968	1.5381786894421436
69.740104	1.5388254720369068
69.760003	1.5394280436972272
69.779986	1.5399566273694658
69.799979	1.5404190359642427
69.820209	1.540851471093241
69.840032	1.5412501984797862
69.859982	1.541601382965081
69.879976	1.5418718476092077
69.900029	1.5420662566443126
69.919992	1.542237557730279
69.939966	1.5424605802136797
69.959977	1.5427835344182204
69.980052	1.5432031217846314
70.000191	1.5436723935228667
70.020399	1.544130040477106
70.039967	1.5445096398486422
70.060067	1.5448033678596833
70.079944	1.544997267625438
70.099978	1.545125444370819
70.120334	1.545236872803765
70.139949	1.5453607083388583
70.159962	1.5454933066441887
70.179998	1.5455758810684463
70.200233	1.545551412838039
70.220494	1.5454199943427798
70.240459	1.5452626544626629
70.260686	1.5451825757691353
70.280674	1.5452361033407191
70.299999	1.5453751470674242
70.319977	1.5454987838475631
70.340143	1.5455060347086478
70.359973	1.5453822971268198
70.379988	1.5451902024429056
70.400201	1.5450122863823952
70.420024	1.5448876169657544
70.439945	1.5447813147306877
70.460328	1.544634974913164
70.479992	1.5444326115536897
70.49999	1.5441893101440196
70.520003	1.5439531000418578
70.539961	1.5437411183928822
70.559973	1.5435195364103766
70.579972	1.5432317480376725
70.600192	1.542837914070453
70.620039	1.5423690923354012
70.639959	1.541881995648448
70.659968	1.5414484294687967
70.679979	1.5411000633106626
70.70008	1.5407958282429155
70.720062	1.5404402211759605
70.739956	1.539921051976719
70.760075	1.5391545738510668
70.780225	1.5381379628121545
70.799984	1.5369437741729968
70.820044	1.5355911683102017
70.840249	1.534124669827909
70.859967	1.53260683304064
70.879973	1.5310081584510278
70.900042	1.5294202483225647
70.919927	1.5279687654901195
70.940083	1.526702595403273
70.959974	1.5256564774102641
70.980031	1.5247267629021504
71.000237	1.5238106246479064
71.019986	1.5228751681104455
71.040333	1.5218767058501517
71.060024	1.5209195668775504
71.080209	1.5199789601046247
71.09999	1.519088251809414
71.120162	1.5181718883908526
71.13998	1.5172205084938297
71.160237	1.5161712628514998
71.179998	1.5150772184434491
71.200012	1.5139261713684733
71.219968	1.5127709762808266
71.240167	1.5116155771314264
71.260248	1.5104797080192374
71.280158	1.5093651456071624
71.299999	1.5083074324568237
71.319924	1.507404603676364
71.340285	1.5067825691425196
71.359979	1.5065475836984048
71.380022	1.5066261252119955
71.400047	1.5068421594698407
71.419981	1.5069935243852912
71.440069	1.5069829907437664
71.45998	1.5068633885750868
71.479986	1.506772289421009
71.499966	1.5068069443596537
71.52021	1.5069358098364682
71.539968	1.5070126659367629
71.560283	1.506900021809726
71.580415	1.5065774198561694
71.599941	1.506183688472733
71.620084	1.5058904040562735
71.640011	1.5058446194597281
71.66003	1.5060321291089607
71.680008	1.5063172864935714
71.70006	1.506546385341214
71.720001	1.5066401096681072
71.740056	1.506618790893582
71.76001	1.5065387817984417
71.779968	1.5064209523620966
71.80004	1.5062332194675074
71.820035	1.5059371767697027
71.839958	1.5055363229597074
71.85997	1.5050779301561752
71.87996	1.5046183193386125
71.899963	1.504167946281433
71.91995	1.503692050779747
71.939969	1.5031467245909065
71.959991	1.5025252951339345
71.980041	1.5018655808833288
72.000036	1.5012287540560774
72.020006	1.5006555776921902
72.039963	1.5001481670497214
72.059984	1.499669240167871
72.079982	1.49916862713735
72.099974	1.4986066829448679
72.120001	1.4979782046868733
72.1403	1.4973081315475134
72.15998	1.4966726784856237
72.179973	1.4960670563969567
72.200148	1.4954766017294925
72.219973	1.4948577408851376
72.240232	1.4941138843962973
72.259961	1.4932337711940014
72.279958	1.4921800490182573
72.299983	1.4910007168214365
72.319938	1.4897592224949545
72.340045	1.4884920569018993
72.360206	1.487231057466082
72.380627	1.485968259010416
72.399985	1.4847887360800902
72.420028	1.4836028425371621
72.44041	1.4824527778637755
72.460769	1.4813502650053705
72.480998	1.4802441011982153
72.500018	1.4791188345689101
72.52	1.477801496064124
72.540117	1.4763677650709481
72.55999	1.4749305776801735
72.58005	1.4735358918809736
72.600006	1.4722129397120285
72.619973	1.4708963635168961
72.639973	1.469518304452452
72.660059	1.4680557963515162
72.679994	1.4665564435794785
72.700025	1.4650290854437502
72.720211	1.4634406525875907
72.740237	1.4617307502307608
72.760082	1.4598154685858147
72.780355	1.457605146479293
72.800066	1.4552659720889065
72.819972	1.4528242723652485
72.839955	1.4504047204775465
72.860306	1.448038348719394
72.880049	1.4458490594167552
72.900227	1.4437022918096571
72.920037	1.4416616567477296
72.939928	1.4396599387649327
72.959944	1.4376648863562367
72.9802	1.4356223957894096
73.000001	1.4335600083411528
73.01996	1.431395347710886
73.040073	1.4291459046018915
73.059985	1.426896528342088
73.080185	1.4246333173799193
73.099963	1.4224463251040806
73.119971	1.4202429252223503
73.140006	1.4180204003002395
73.159979	1.4157887014605777
73.179969	1.4135717482731458
73.200102	1.411399501923967
73.219979	1.4093347165976633
73.240037	1.40731035775048
73.260198	1.4052876839804798
73.280258	1.403253743995423
73.300231	1.4012186239953701
73.319977	1.399247956814352
73.339974	1.397346304447353
73.360206	1.395524104498156
73.380009	1.393788769648148
73.39999	1.3920087440970945
73.419968	1.3901495318970343
73.44	1.3882145847272838
73.460103	1.3862559066483928
73.479985	1.3843512358261045
73.500017	1.38246711915672
73.52004	1.3805669364385935
73.539962	1.3785892311223233
73.559971	1.3764771909566416
73.579954	1.3742659863011752
73.599972	1.372021435155236
73.62018	1.3698007124177263
73.639983	1.3676983689762257
73.66004	1.3656197612448793
73.680025	1.3635533527471326
73.700288	1.361439112206
73.719936	1.3593867497177858
73.739993	1.3573209091312552
73.760006	1.3552900221205528
73.779992	1.3532372090982232
73.800215	1.3510441315358528
73.819957	1.3487253544732636
73.839965	1.346210379049979
73.860056	1.3436299217331467
73.88003	1.3411702747900962
73.900026	1.3389487879544943
73.919946	1.3370250621753443
73.940072	1.335333303566776
73.960008	1.3338237393694896
73.980242	1.3323884934186339
73.999963	1.3310460467255563
74.019957	1.3297091175012534
74.04005	1.3283256664712932
74.060155	1.326806595685433
74.080245	1.3250780896029573
74.100573	1.3231223724548817
74.120601	1.321104204578808
74.139999	1.3192341981632465
74.160375	1.3175274793619463
74.180061	1.3162106634611819
74.200049	1.315190881074266
74.220011	1.314389104274761
74.239981	1.313673452274814
74.260013	1.312932897205807
74.279983	1.3121176815513256
74.299961	1.3112353782894168
74.320164	1.3103352818910239
74.339952	1.3095183795791627
74.360033	1.3088009836094143
74.380048	1.308183928931748
74.399988	1.3075923430382466
74.420174	1.3069136507556325
74.440073	1.3060919096687
74.46027	1.305098759418449
74.480092	1.3040300906578564
74.500038	1.3029407064198204
74.51998	1.3018819967288786
74.540318	1.3008256743146904
74.559975	1.2997997094641862
74.579997	1.2987441373050186
74.600005	1.297707761697508
74.620004	1.2967278128930533
74.640028	1.2958158949057252
74.659991	1.2949572052623504
74.679982	1.2941143525566063
74.699969	1.2932538572976064
74.719926	1.2923345312879035
74.740047	1.2912866516573922
74.75997	1.2900704390052393
74.779985	1.2886602553806987
74.800035	1.287139502089478
74.820011	1.2856658794157159
74.840096	1.284360471278782
74.860227	1.2832558642738146
74.880033	1.2822664311202578
74.900018	1.2812040340337338
74.919952	1.2799782930434904
74.940011	1.2786029784975403
74.959997	1.277206078305005
74.980001	1.2758751495748313
74.999981	1.2745990268737195
75.020034	1.2732638550430806
75.039976	1.2717832081974487
75.060064	1.270145730024122
75.080047	1.2684932658765056
75.100178	1.2669507884393194
75.12004	1.2656109158300959
75.140253	1.2643792784770291
75.159983	1.2632002030561167
75.179989	1.2619573367561678
75.199984	1.2606729858301113
75.219969	1.259393353032341
75.240298	1.2581219183382453
75.259976	1.2569012977568839
75.279989	1.2556385906948897
75.300025	1.2543613738418369
75.319976	1.2531394740380106
75.339997	1.2520415347966356
75.360002	1.251106189140499
75.379999	1.2502946049660189
75.399966	1.2495258829040496
75.420007	1.2487282249108207
75.439961	1.2478926166261055
75.46	1.2470370875666978
75.480265	1.2461803131800093
75.500021	1.245351350939837
75.519954	1.2445083376703265
75.54003	1.243665679633631
75.559996	1.2428838403185551
75.580718	1.2421840486527
75.600568	1.2416247271063483
75.620781	1.2411187823744994
75.640002	1.2406530997022436
75.660056	1.240206819301914
75.680232	1.2399025945887936
75.700089	1.2398572069766252
75.720569	1.2400934339838914
75.740071	1.2404779871229252
75.760402	1.2408528221021586
75.779974	1.2410371000736864
75.800037	1.2410056969505674
75.819978	1.24082644719443
75.840019	1.240609238533732
75.859978	1.2404387983442224
75.880229	1.2403441427964488
75.900014	1.2403277796803558
75.919969	1.2403859887847954
75.93999	1.2405322325510613
75.959967	1.2407915086423633
75.980061	1.2411888039337764
76.000137	1.241715112575678
76.019966	1.2423021551701818
76.040052	1.2428482997602757
76.060209	1.2432154362774035
76.079979	1.2433175198509756
76.099979	1.24317061867209
76.119979	1.242858855710197
76.140022	1.2424707303165288
76.160201	1.2420335761153678
76.179975	1.241525063866487
76.199987	1.2408823545886387
76.219969	1.2401111891952268
76.240053	1.2392611644414502
76.259973	1.238417954563489
76.279956	1.2376230795889258
76.300061	1.2368924399404777
76.320027	1.236239755498083
76.340042	1.2356725649146
76.359978	1.2352227583146427
76.37997	1.234920327580159
76.400323	1.2347943731678066
76.420273	1.2348714163313237
76.440112	1.2351495799811687
76.460001	1.2355892033092886
76.480307	1.236099074203954
76.50006	1.2365178631403413
76.520043	1.2367594025764879
76.53996	1.2368236618849282
76.560044	1.2368382546632921
76.580226	1.2369739251147518
76.600324	1.237314167028749
76.619974	1.237770444948886
76.639997	1.2381665509159827
76.659981	1.2383305075444093
76.680017	1.2382670007954186
76.700288	1.2381533789285801
76.720245	1.2382130018079676
76.740033	1.2385332568334584
76.760023	1.2390137764971136
76.780078	1.2394315421227642
76.800011	1.2396145541524397
76.819986	1.239560025277062
76.84022	1.2393991805814897
76.860034	1.239286578624031
76.879968	1.2392729740645954
76.899965	1.239304042572222
76.920019	1.2392872235285273
76.939967	1.2391770629447985
76.960024	1.2389994147856058
76.980068	1.238814814232677
77.000007	1.2386555116335982
77.020305	1.238493784491329
77.040042	1.2382777114896557
77.060244	1.2379419521510102
77.079969	1.2374838099010643
77.099971	1.23690254502788
77.120217	1.2362248566033427
77.140257	1.2354843305930683
77.15998	1.2346911576939628
77.179991	1.2338254936661872
77.200008	1.2329216213023904
77.220198	1.232019904061273
77.241177	1.2311501626340058
77.259992	1.230454181666534
77.279976	1.229774962800015
77.300014	1.2290802474563556
77.319994	1.228298288773911
77.33995	1.2273933305592393
77.359962	1.2263767145673186
77.379978	1.225287188471302
77.399932	1.2241494734714387
77.419993	1.2229494376002283
77.439973	1.2216892918988063
77.460003	1.2203758533355165
77.480005	1.2190602324895325
77.500286	1.2177798322678337
77.520012	1.216627317587993
77.540043	1.215564939674184
77.559986	1.2146075603079294
77.579977	1.2137341918743245
77.600059	1.2129331845947333
77.619968	1.212212034270539
77.640006	1.211561813688145
77.660221	1.2109804647597453
77.679996	1.2104661845153946
77.700012	1.2099584891361237
77.719966	1.2094124906091885
77.739991	1.2087915883112963
77.759972	1.20811042555552
77.779982	1.2074139132078054
77.800058	1.2067428860951577
77.820204	1.206092228523521
77.840005	1.2054203835054302
77.860192	1.2046406071043452
77.879948	1.203776527989726
77.900001	1.2028653074658653
77.919978	1.2020315599516647
77.939929	1.2013488641032593
77.959958	1.2008043237805093
77.980018	1.200307276185761
77.999975	1.199744670737908
78.019973	1.1990445185037555
78.040057	1.1982191912822346
78.05997	1.1973512247008526
78.079959	1.1964946394215075
78.100004	1.1956554109412216
78.119957	1.194781667762972
78.140023	1.1937903117063096
78.159968	1.19266012690954
78.180014	1.1914128062145095
78.200006	1.1901393367799677
78.220035	1.188914449408102
78.240244	1.1877665153888428
78.259995	1.186707084521172
78.279987	1.1856328856381264
78.300215	1.1844773192042248
78.320004	1.1832578488129966
78.340356	1.1819588444141726
78.359991	1.180757008156585
78.379963	1.1796775662033057
78.399987	1.178764240442149
78.420227	1.1779579233806492
78.439995	1.1772052741077426
78.460046	1.1764472619814506
78.48	1.1757487690394286
78.500027	1.175182190122921
78.520029	1.1747609284976683
78.540295	1.174371730225531
78.559963	1.1738598813699805
78.579985	1.1730790568592697
78.600148	1.172046378187079
78.620061	1.1709240897361581
78.639973	1.1698707616514246
78.660323	1.168968710050758
78.680573	1.1682462483564324
78.700756	1.167640694820562
78.72088	1.167086910963772
78.739974	1.1665670276034388
78.759999	1.1659934345859613
78.779976	1.1653607596311544
78.800005	1.1646500882877262
78.81999	1.1638870345450938
78.840293	1.1631127240274197
78.859987	1.1624109031772756
78.879981	1.161749994814526
78.899959	1.1610889635944526
78.919973	1.1603562801379388
78.940281	1.159501057936869
78.960219	1.1585630139912364
78.980046	1.1575774416584896
79.000017	1.1565801970182243
79.019959	1.1556146878928486
79.04	1.1546983579008916
79.059986	1.1538591733902228
79.079974	1.1531135462602002
79.100015	1.1524717412680676
79.120057	1.151938136119563
79.140287	1.1515052499161604
79.160214	1.1511784321002925
79.179965	1.1509499730388635
79.20002	1.1508166547894103
79.219959	1.1507968690900385
79.240034	1.1509208005160696
79.259994	1.1512172312667712
79.280018	1.151688298228421
79.300224	1.1522889537180037
79.319959	1.1529154571632976
79.339989	1.1535198807739657
79.360314	1.1540832448860012
79.38023	1.1546202949589224
79.400217	1.1551820593262832
79.419977	1.1557483878480954
79.440039	1.156266423304671
79.460227	1.1566598063843014
79.480005	1.1569214020400895
79.499995	1.157159670845807
79.52007	1.1575152459253737
79.540086	1.1580658979611438
79.559975	1.1587479173452173
79.580033	1.1593836503049768
79.600259	1.159760251889416
79.62002	1.15976719253962
79.640046	1.1594687934498444
79.659978	1.1590412190937265
79.680014	1.1586466886387936
79.700294	1.158340949906708
79.719983	1.1580741525732545
79.740087	1.1577327084378046
79.760429	1.157282987405232
79.780002	1.1568205759896042
79.800206	1.1564417171859487
79.819968	1.1562521064882452
79.840304	1.1562189115244135
79.861131	1.1562249961815314
79.880013	1.1561343846183196
79.900057	1.1558554406061508
79.91998	1.1554045291524055
79.940061	1.1548425901666506
79.959999	1.1542460395239096
79.980017	1.153630131613965
80.000231	1.1529505895614525
80.019972	1.1521533357804443
80.040089	1.151140182170144
80.060324	1.1499226340293436
80.079977	1.1486367023296609
80.100008	1.1473626270933868
80.119974	1.14624703390732
80.14017	1.1453109174708895
80.160003	1.1445382622202824
80.179974	1.1438436077064207
80.199977	1.143199567099126
80.219969	1.142610836604567
80.24013	1.1420690073818704
80.260248	1.1415398426183094
80.280074	1.1409744422906059
80.300327	1.1403288926406971
80.319966	1.139667183211614
80.340077	1.1390057558913909
80.359987	1.1383920746700669
80.380005	1.1378006298534675
80.400007	1.1372119159643863
80.419958	1.1366355531876247
80.439998	1.1361123429614945
80.459985	1.1356989289088173
80.47998	1.135432396917634
80.500008	1.1353413157794898
80.51998	1.135457072647636
80.540051	1.1358087674163202
80.559996	1.1363882940530192
80.580042	1.1371479771478683
80.600048	1.1379946494339477
80.619947	1.1388423939908516
80.639997	1.1396536452799528
80.659979	1.140405695441441
80.680218	1.141115794310548
80.699956	1.1417744674299644
80.719947	1.142441716532238
80.74002	1.1431661384863636
80.759978	1.1439949864352814
80.779972	1.144956689584645
80.799937	1.1460204839727983
80.820998	1.1471826338676308
80.839987	1.1482019264935714
80.860297	1.1492272674861972
80.879999	1.1501759592215959
80.900004	1.1511536276280085
80.920092	1.1522305676265474
80.940382	1.1534844038470715
80.960221	1.1549044592209543
80.980072	1.1565056758994379
81.00005	1.158249903847259
81.020017	1.1600665340061926
81.040018	1.1619116982897972
81.060348	1.1637838663902689
81.080029	1.165577358179644
81.10001	1.167360951543148
81.119969	1.169074768093232
81.140061	1.1706886464585649
81.159981	1.1721310067484958
81.179968	1.1733766362443672
81.199997	1.1743927674115509
81.219962	1.1751689128068084
81.240137	1.1757446583294042
81.259964	1.1761731417430774
81.280199	1.176559136973233
81.299976	1.1769570229865307
81.320353	1.177409856818667
81.339953	1.17785051068971
81.35997	1.1782403082517205
81.380006	1.1785270882029613
81.399996	1.1787281199180926
81.420047	1.1789252811333135
81.439956	1.1792183618117928
81.460284	1.17968286288693
81.479954	1.1802780195227056
81.499965	1.180938216905427
81.519995	1.1815247841485994
81.540238	1.1819401145494173
81.560351	1.1821512790732196
81.580299	1.1822209605545217
81.600076	1.182258787062331
81.620246	1.1823588487763506
81.640103	1.182537958736638
81.659991	1.1827302971650009
81.680167	1.182816508157994
81.700069	1.1826880553966317
81.720238	1.1823093465722623
81.739959	1.1817546423419187
81.760053	1.1811143885216644
81.780109	1.1804947811007127
81.799968	1.1799205898272054
81.819918	1.1793291026967814
81.840099	1.178642081998168
81.859981	1.1778552012349996
81.880245	1.1769962418834883
81.90001	1.1761940051506108
81.919997	1.1754765518906534
81.940099	1.1748275270771389
81.9602	1.1741687940837622
81.980004	1.1734401144754256
81.999983	1.1726323247249117
82.019969	1.1718494478358854
82.03998	1.1712215911409651
82.060041	1.170821393708901
82.080006	1.1706056793644521
82.100278	1.170423381697781
82.119949	1.1701235262997323
82.139988	1.1696108896872894
82.159986	1.1689230505308903
82.179945	1.1681507092648487
82.200208	1.1673424363804699
82.219962	1.1665173135827136
82.240019	1.1655781673664922
82.259981	1.1644967891733262
82.279974	1.163280009722846
82.300039	1.1619830526069366
82.319979	1.160680781056488
82.34012	1.1593974500370505
82.360209	1.158188935008405
82.380243	1.157101429456085
82.399967	1.1561876531604225
82.420023	1.1554288025150588
82.440267	1.154806988703443
82.459963	1.1543030077092462
82.479952	1.1538789272976202
82.499982	1.1535609071512019
82.52064	1.1533701276285042
82.539968	1.1533172787762425
82.559961	1.153351853230862
82.579954	1.1534229936759348
82.59999	1.1535019251778469
82.620195	1.1535954839160996
82.64025	1.153724304655929
82.6602	1.1538977035047522
82.679974	1.1541009786692085
82.699966	1.1543186827292162
82.719957	1.1545486000319878
82.74035	1.1548247610709885
82.759977	1.1551660858379056
82.779996	1.1555989648245852
82.799929	1.1560714229750508
82.820008	1.1565085599293394
82.839934	1.156831373073213
82.859994	1.1570230892441704
82.87994	1.1571201223823062
82.900092	1.1571880322711914
82.920209	1.1572619598598004
82.940129	1.1573224394709525
82.959967	1.157316108438963
82.97996	1.1572052816162584
82.999954	1.1570116467911802
83.019958	1.1568128413718104
83.041004	1.1566906141245001
83.060496	1.1566973089247006
83.081062	1.1567944702872075
83.099931	1.1568778967869215
83.120011	1.1568594420222706
83.140023	1.1566832346096956
83.160002	1.1563791766443348
83.179977	1.1560444730709427
83.200036	1.1557917686931616
83.219961	1.1556852464311373
83.24004	1.1556887562247151
83.25998	1.1556868664049715
83.279973	1.1555610904025668
83.299987	1.1552831855596823
83.319976	1.1549529399475051
83.340288	1.1547321647364983
83.360735	1.1547422617011107
83.380002	1.154952548777852
83.399988	1.1552569941359965
83.419966	1.1555403047318162
83.440022	1.155810685483768
83.459972	1.1561788213686648
83.479981	1.1567561231350427
83.500033	1.1575348315269034
83.519965	1.1583732291447781
83.540009	1.1591187449588554
83.559968	1.159696168613178
83.579976	1.1601730647505037
83.599972	1.1606754405599966
83.619963	1.1612942056796163
83.640318	1.1620478048470635
83.65997	1.1628430398213978
83.679975	1.1636667800451748
83.700023	1.1644722696902208
83.720028	1.1652270666927877
83.740032	1.1658968387030044
83.759992	1.1664570864875845
83.779969	1.1669336915534931
83.800063	1.167405620091332
83.819981	1.167957661417727
83.839957	1.1686549036484883
83.859983	1.1695073732169752
83.879988	1.1704920449160237
83.90002	1.1715861491800303
83.920038	1.1727578039823272
83.940036	1.1739548167770293
83.959964	1.1750972895366154
83.980017	1.1761230703613215
84.000049	1.176995342673714
84.020273	1.1777515449885507
84.039982	1.1784269119204815
84.060057	1.1791064818930097
84.080026	1.179807289527461
84.100352	1.1805706980670754
84.119967	1.1813814251228967
84.140112	1.1823017718326112
84.160235	1.1832788295000392
84.179996	1.1842271127848738
84.200222	1.1851253844857692
84.219992	1.1859374586650941
84.23998	1.1867700051484205
84.259962	1.1877097604350062
84.279972	1.188802414654137
84.299973	1.1900139580159754
84.320203	1.1912914905578247
84.340009	1.1925492831896676
84.360002	1.1938196756953552
84.380239	1.1951031368772862
84.399981	1.1963174544451436
84.419953	1.1974481686216953
84.440065	1.1984519116455015
84.459972	1.1993333558184567
84.479965	1.2001692302068367
84.500788	1.2010454426495762
84.519959	1.2018666916075693
84.540006	1.2027117872450392
84.559972	1.2035085307802356
84.579993	1.2042527139559045
84.600024	1.2049537552207032
84.619983	1.2056241338166462
84.640073	1.2062733474749143
84.659976	1.2068722905293352
84.679988	1.2073823242782917
84.700001	1.2077261907382173
84.719972	1.2078333184583754
84.740165	1.2076850316709684
84.760236	1.2073460816707862
84.779995	1.2069377815106095
84.800014	1.2065359972431589
84.820009	1.2061398256546814
84.840316	1.20564994479534
84.859999	1.2049972822145487
84.880219	1.2041299601123507
84.899928	1.2031712605829403
84.920032	1.2021886120371388
84.940021	1.2012728714071166
84.960255	1.2004118687035101
84.979987	1.199625206336582
84.999969	1.198913525430513
85.020067	1.198362374448406
85.039998	1.198049271874491
85.060278	1.1979634747693602
85.079983	1.1980093954962963
85.100062	1.1980432940729344
85.119978	1.197954599944463
85.140119	1.1977224069863044
85.16	1.1974239894224619
85.179998	1.1971666048139558
85.200233	1.1970362476595828
85.220235	1.1970534156297683
85.240027	1.1971649659631005
85.260222	1.197290444939963
85.28003	1.1973501058855405
85.300057	1.197301954136826
85.320267	1.1971304357615693
85.340027	1.1968491752559847
85.359974	1.196465924133832
85.379989	1.1959977499143373
85.399997	1.1954574395638145
85.419983	1.1948479015961861
85.440009	1.1941644557915259
85.460881	1.1933833179106863
85.480896	1.1925998430015965
85.499985	1.191873993207907
85.520218	1.1911868403690558
85.540102	1.1906167894557789
85.560261	1.1901082805310959
85.580282	1.1895801927739884
85.59999	1.188938144928976
85.61992	1.1881160048198116
85.640057	1.1871476355768167
85.659963	1.1861568896375148
85.679988	1.1852338162749758
85.700029	1.184432570279306
85.720016	1.1837288008879685
85.740038	1.1830501975361936
85.759976	1.1823471286604614
85.779973	1.1816099166513454
85.800059	1.1808728953972234
85.820282	1.1801778027142087
85.840326	1.1795627292479163
85.859993	1.1790473628065077
85.880245	1.1786268993128977
85.899972	1.1783484810463318
85.91997	1.1782076552833947
85.940058	1.1781816842181478
85.960202	1.1782143471853064
85.979981	1.1782453336353722
85.999926	1.1782374517369172
86.020032	1.178171229747747
86.040087	1.1780262052647257
86.060016	1.1777652991663379
86.079987	1.1773447098460772
86.099961	1.1767553953967334
86.120035	1.176047402617093
86.140028	1.1753405513142878
86.159997	1.1747634731468262
86.180359	1.1743985293165924
86.199961	1.1742735326531188
86.219959	1.174310290420617
86.240006	1.1744040521841832
86.259985	1.1744631942256083
86.280241	1.1744589263395284
86.300005	1.1744344370791147
86.319948	1.1744715258157667
86.340055	1.174638668291504
86.359981	1.1749445283275237
86.379999	1.1753518090773183
86.40001	1.1758073879226003
86.419999	1.1762879115845168
86.440066	1.1768047797074845
86.459969	1.1773582705596235
86.47998	1.1779287473778488
86.50005	1.1784594334469058
86.520435	1.1789121866731362
86.540009	1.1792710858427153
86.560244	1.1796255437836645
86.579976	1.1800370111337875
86.599981	1.1805858952723307
86.619977	1.1812937014003142
86.640199	1.1821606208545403
86.659971	1.183116722702115
86.679982	1.1841289641681472
86.69999	1.1851069846732063
86.719975	1.1859849888183367
86.739985	1.1867460710028397
86.760002	1.1874311241553868
86.779975	1.1881157208491593
86.799965	1.188860243250708
86.819958	1.1896585998173757
86.83998	1.190442608808231
86.860094	1.1911288045936792
86.879975	1.1916630057683046
86.899968	1.1920744588658165
86.919961	1.19241657375821
86.940043	1.1927418616955496
86.960221	1.1930777821716823
86.98001	1.193439507159543
87.000053	1.1938877198637812
87.020009	1.194486205483561
87.04003	1.195286310835643
87.059975	1.1962557794137374
87.079983	1.1972961796298534
87.100034	1.1982739446458845
87.120047	1.1990993533654575
87.140326	1.1997884517630288
87.16	1.2003944213313202
87.180254	1.2010561497150187
87.200289	1.2018121232840635
87.220035	1.2026621689012986
87.239961	1.2035888799333476
87.260084	1.2045464485272686
87.279992	1.205477607166027
87.300029	1.2063667989983649
87.319989	1.2071680878586821
87.339979	1.2078488525664994
87.360224	1.2084047522506285
87.380013	1.2088638545510988
87.400076	1.209347092034197
87.420012	1.2099603139128403
87.440274	1.210786872913939
87.459967	1.2117707132935294
87.479976	1.2128703098378215
87.500021	1.2139820610379335
87.519986	1.2150602040060223
87.539956	1.2161385854404696
87.560049	1.2172945852888684
87.579989	1.2185764875295777
87.600283	1.2200402474652505
87.619951	1.2215840074978122
87.640047	1.2232266112160184
87.659959	1.224856037961066
87.680317	1.2264858780446763
87.700026	1.2280239340839554
87.720062	1.229561332144293
87.73995	1.2310727248875544
87.759981	1.2325711434488524
87.77996	1.2340115898610025
87.799958	1.2353647688245304
87.819955	1.2366163660336629
87.84005	1.2378005742850307
87.860206	1.238986026405636
87.879952	1.2402323664762904
87.899956	1.2416435664846763
87.919956	1.2432026906424496
87.939987	1.244842435958555
87.95996	1.2464440911314814
87.979982	1.247913055534527
87.999953	1.2491928986194196
88.019939	1.2503083152384775
88.039995	1.251332847679961
88.059983	1.2523434682510555
88.080274	1.2534250172230725
88.099979	1.2545659694558562
88.119974	1.2558369945818628
88.140149	1.2572559097938443
88.160047	1.258811923130148
88.18076	1.260597141400843
88.200016	1.2623726985029533
88.220198	1.2642732806564034
88.239971	1.266084621873294
88.260085	1.267822929776844
88.28029	1.2694819827210166
88.299992	1.2710933012875087
88.320089	1.2728321161856635
88.34076	1.2747949780894305
88.359953	1.2767948369447644
88.379973	1.2790220949522764
88.399981	1.281309258971586
88.420158	1.2835995582364137
88.440606	1.2858642612909987
88.459985	1.2879691466412413
88.480035	1.290143655616423
88.500291	1.2923580496976517
88.520233	1.2945305729166015
88.540358	1.2966655180292437
88.560319	1.2987026474496282
88.581184	1.300781020919105
88.600011	1.3026629641410543
88.620526	1.3047368030453732
88.64037	1.306711683879824
88.660276	1.3085817032895828
88.681155	1.3104009314004006
88.700297	1.312006027330744
88.720378	1.3137474475311313
88.740605	1.315651381171087
88.75997	1.317630054014181
88.781056	1.3199187679057918
88.800248	1.3221134564780874
88.820173	1.3245484580531837
88.840558	1.3272539262502523
88.860957	1.3301775486037053
88.88095	1.3331828635580498
88.900068	1.3360859125628417
88.920291	1.3390956187266458
88.940032	1.3419273627619208
88.959971	1.344666832876945
88.980058	1.3473101832825576
89.000028	1.349849194316546
89.020024	1.3523574366663358
89.039971	1.3548890338350061
89.060055	1.3574970334098018
89.079996	1.3601121974147212
89.100031	1.362691184145512
89.120031	1.3651627494781249
89.139983	1.367537084953015
89.160207	1.3699132075001381
89.179981	1.3722553331815153
89.200001	1.3746374379017159
89.220214	1.3770069945386623
89.240086	1.379286925129722
89.260262	1.381613020901563
89.279988	1.3839993582448618
89.300024	1.3865917202033293
89.319997	1.3892896125214638
89.340114	1.3919881955203435
89.360212	1.3945550211170352
89.379967	1.3969445407758878
89.400062	1.3993276636462817
89.420283	1.4017749306124436
89.43998	1.4042260113612461
89.460044	1.4067175187839618
89.479986	1.4090732274839726
89.499974	1.4112168040389892
89.519987	1.4130933638985057
89.539989	1.4146859718603355
89.559972	1.4160095740861596
89.57996	1.4171163411006817
89.600004	1.4181009378929352
89.620016	1.4190744006578078
89.640007	1.4201309836791605
89.659996	1.4213032097176452
89.68036	1.4225795429495067
89.699965	1.4238200776759473
89.719942	1.4250390402942295
89.740018	1.4261955244944344
89.759971	1.4272759963384645
89.779954	1.4282807598286213
89.80003	1.4291753357042856
89.820215	1.4298971235325857
89.840011	1.430374838514952
89.859975	1.4306064307185282
89.879968	1.4306219694646727
89.899963	1.4304930269377043
89.919969	1.4302966953579639
89.939995	1.4300880952983275
89.959951	1.429892468790422
89.979956	1.4297097121969242
89.99994	1.4295292344247024
90.019953	1.4293323832237075
90.039988	1.4290965174659862
90.059953	1.4288015517332247
90.081755	1.4283996363378793
90.099972	1.4279948975683052
90.119956	1.427478659790219
90.140038	1.4268930180291162
90.159966	1.4262594947876996
90.179959	1.4256012109103293
90.200041	1.424961348939156
90.219932	1.424389281627861
90.240081	1.423884999828696
90.259965	1.4234310527103606
90.280054	1.4229443114094225
90.300062	1.4223392822471284
90.319924	1.4215460789491103
90.340012	1.4205391729756112
90.359965	1.4194149666902098
90.379996	1.4183070232921329
90.399988	1.4173600977077379
90.420043	1.4166256858025612
90.440002	1.416057870125338
90.460214	1.4155312864217628
90.48484	1.4148108500892789
90.499949	1.4142644685142336
90.520011	1.4133545060494812
90.540023	1.4122310818431267
90.56018	1.4108901016437692
90.580015	1.4094540799212283
90.600099	1.4080505542910595
90.619981	1.406868578071209
90.639989	1.4059247490331062
90.660039	1.4051084041616344
90.680372	1.40423316007942
90.700284	1.403241905048525
90.720581	1.4021667632815418
90.739994	1.4012371760887334
90.76001	1.4005034111556456
90.780114	1.3999891690239357
90.800372	1.3996036606242988
90.819956	1.3992908775062407
90.842493	1.3990285451399898
90.859995	1.3989886933919677
90.879992	1.3992252794423576
90.900015	1.3997684452222032
90.920045	1.4005680244231622
90.940037	1.401539356864358
90.960241	1.402618846667818
90.980006	1.4037123100296192
90.999986	1.4048109225763363
91.019983	1.4058785096475612
91.040026	1.4069220654578423
91.060232	1.4079818260676389
91.079997	1.4090609398666067
91.099983	1.4101952299941998
91.119985	1.4113263746042666
91.140057	1.4123915829361346
91.160353	1.4133599081321209
91.180036	1.4142116223794055
91.200067	1.4150542427881267
91.219979	1.4159403783189475
91.240005	1.4169295891257077
91.259966	1.4180303244322798
91.280205	1.4192597619475582
91.300222	1.4205820678141834
91.320204	1.4220058853691073
91.340308	1.4235384435517664
91.359976	1.4251183497979196
91.380054	1.4267778416552976
91.400231	1.4284480033725733
91.42026	1.4300786723059333
91.439973	1.4316640839590782
91.460759	1.43336449552086
91.480036	1.4350285748545533
91.499964	1.436881050449259
91.519949	1.4388731400751562
91.539993	1.4409735357948672
91.560866	1.4432195956024687
91.579978	1.4452809460702616
91.600034	1.4473868095112494
91.620296	1.449386056620852
91.640124	1.4511712028138117
91.659984	1.452805413240909
91.680033	1.4543912540759785
91.700057	1.4560325384183286
91.720013	1.457808804417547
91.739976	1.4597351902199922
91.759987	1.461771130443991
91.780007	1.4638672512311448
91.799982	1.4660057038396075
91.819966	1.4682026696004986
91.840005	1.4704587999837377
91.860049	1.4727277465539532
91.879993	1.4749358068815455
91.900209	1.4770773689018366
91.919952	1.4790735160306223
91.940023	1.4810469956664012
91.959979	1.4830026836240464
91.979998	1.4849749367623024
92.000014	1.4869253731224328
92.019983	1.4887950098558307
92.040041	1.4905740373935443
92.060006	1.4922977345275568
92.079984	1.4940856318968494
92.099996	1.4960356245803497
92.120525	1.4982016829859555
92.139982	1.5003044721360503
92.160348	1.5023971433791006
92.18028	1.5042399163194282
92.199976	1.5058850025062642
92.220416	1.5075504603569552
92.240006	1.5092579738301128
92.259954	1.511177162377816
92.279976	1.5132226842875167
92.300008	1.515244623999541
92.32021	1.517134209842455
92.339951	1.518815880622437
92.360026	1.5204494192213631
92.380096	1.5221330854364694
92.399998	1.5239241530414491
92.420695	1.5258889350061324
92.44075	1.5278106238656386
92.460891	1.5296933121778074
92.480715	1.5314985458775725
92.499976	1.533255548581378
92.519933	1.5351365746890877
92.540047	1.5371157189360165
92.559987	1.5391345060514923
92.579997	1.5411528976508087
92.600015	1.5430799278411804
92.620055	1.5448415259443258
92.640019	1.546401447603068
92.659969	1.5478112859169966
92.680013	1.5491798788232
92.70027	1.5506065066367964
92.720961	1.5521193051308162
92.740298	1.553509092215435
92.760375	1.554827233631102
92.780145	1.5559756684151373
92.80021	1.557070969654788
92.819976	1.558210161109807
92.839965	1.5594976283049578
92.859948	1.5608750110891387
92.880032	1.5622206495912982
92.900054	1.563416122451656
92.919961	1.5644606051501522
92.939981	1.5654732168351102
92.959957	1.5665686600949538
92.980015	1.5677929435062368
92.999969	1.569060402185404
93.019934	1.5702516521247887
93.039956	1.5712851953102314
93.059953	1.5721676643799445
93.079926	1.5729792348467686
93.100189	1.5738100250392906
93.119952	1.5746532003830915
93.14211	1.575617235032481
93.159985	1.5764007713739994
93.179979	1.5773117550202318
93.199988	1.5783054623343868
93.21998	1.579395502020196
93.240284	1.5805504166148925
93.260206	1.5816367123945658
93.279951	1.5825929686664688
93.299984	1.5834353585264882
93.319962	1.5842049146586747
93.342616	1.585067665336958
93.360227	1.5857374932805677
93.379969	1.586435430319561
93.399975	1.587029366254139
93.419971	1.5875089038563668
93.441663	1.587987195869602
93.459999	1.5884464020184306
93.48039	1.5890596094948293
93.500027	1.5896952019647548
93.520181	1.5902850941444362
93.542137	1.5907846387242235
93.559979	1.5911073971722405
93.580037	1.5915026545707298
93.599986	1.5920551131950058
93.620146	1.5928165469452569
93.642361	1.5938079452272553
93.660263	1.594633251997976
93.68028	1.5955298210373805
93.700285	1.5964553038132578
93.719921	1.5975364056575416
93.74224	1.599128505657014
93.759974	1.6007327215063256
93.780214	1.602870858884717
93.799979	1.6050827256707034
93.820011	1.6072661446131329
93.841755	1.60946563919191
93.860051	1.611188051792055
93.87997	1.6130133475454305
93.89997	1.6148829236421518
93.920201	1.6168464242158866
93.942925	1.619125493147894
93.960004	1.6208944191151222
93.979983	1.623073315253534
93.999979	1.625435392776321
94.019975	1.628022456792294
94.040003	1.6308109029698212
94.060264	1.6337374817991417
94.080037	1.6365906884568187
94.099956	1.6393866304686073
94.119927	1.6420714567059562
94.141074	1.6447551172220691
94.168353	1.6479517344836152
94.180279	1.6492104480381093
94.200141	1.6510829346988707
94.220232	1.6528207486046609
94.240516	1.654520824287374
94.260536	1.6562237356371756
94.281026	1.6580125019197103
94.301256	1.6597955541342153
94.320592	1.6614817926948922
94.34002	1.6631459666567798
94.35997	1.6648314839762024
94.379973	1.6665019156377403
94.400078	1.6681448581524985
94.420028	1.669709062614601
94.440001	1.6711816292605373
94.459984	1.6725435316913781
94.479992	1.673777988323003
94.499967	1.6748497909298983
94.519978	1.675716436419221
94.54003	1.6763370021367414
94.559993	1.6767024477029058
94.581689	1.6768736826572386
94.599989	1.6769013250127105
94.620028	1.676880970342331
94.639975	1.6768456872101756
94.660066	1.6767813897719581
94.682916	1.67664050533165
94.699967	1.6764855717165346
94.720051	1.6762985808339006
94.740095	1.6761866338023126
94.760015	1.6761942279070063
94.782692	1.676302970286527
94.800094	1.6763848599973754
94.819997	1.6763937837151663
94.839995	1.6763061858729975
94.859958	1.6761911690665086
94.880143	1.676135872465062
94.89996	1.676164322509877
94.919971	1.676200730865028
94.939991	1.6761228717628793
94.959982	1.675864811319192
94.980017	1.6754826468236963
94.999955	1.6751292234865336
95.01998	1.6749382245310696
95.039993	1.6749374335970257
95.059984	1.6750342495496886
95.080005	1.675098514276238
95.099985	1.6750555023923486
95.120043	1.6749171661358693
95.140014	1.6747390691494501
95.159969	1.674553317304456
95.179984	1.6743475578423688
95.20001	1.6740923996493746
95.220014	1.673772165937726
95.240045	1.6733841696161953
95.259959	1.6729192285384296
95.279993	1.6723384124208942
95.300562	1.6715974013130108
95.319963	1.670776834884773
95.340035	1.6698677720547037
95.359989	1.668982820318834
95.380245	1.6681474337642659
95.399941	1.6673891007768593
95.420026	1.6666389212613208
95.440089	1.6658930971158332
95.459983	1.6651602048691179
95.48004	1.664435729105513
95.500062	1.663724265667725
95.520024	1.6630241016132021
95.540044	1.6623485613694058
95.559985	1.6617380497283112
95.579968	1.661209729087446
95.59999	1.6607385817056088
95.620029	1.6602635895167681
95.639959	1.6597423026300646
95.660017	1.6591868715331854
95.68007	1.6586779611572295
95.700021	1.6582951863897895
95.720021	1.658053753488463
95.740062	1.657904560556966
95.759981	1.6577739883223617
95.779986	1.6576084913297384
95.799993	1.6573902508802367
95.82019	1.6571080086714283
95.840003	1.6567507049412955
95.860198	1.656284054431543
95.879959	1.6557333151519993
95.899965	1.6551240725916914
95.92011	1.654517169332413
95.939951	1.653960781538713
95.960633	1.6534200001666501
95.98004	1.6529261053585684
96.000023	1.652423212621371
96.019967	1.6519524527959861
96.040151	1.6515495694577291
96.060514	1.651229685012623
96.080415	1.6509483439731916
96.099999	1.6505955425701502
96.119987	1.6500548534031207
96.140296	1.6492975077629997
96.160455	1.648422742397975
96.180542	1.6475713696628569
96.200615	1.6468502852325986
96.220672	1.6462717890959733
96.240942	1.645758949361813
96.260246	1.6452641497329734
96.280656	1.6447171990214504
96.300015	1.6442208071320912
96.320056	1.6437843835074448
96.340044	1.6434326022839876
96.36023	1.6431130743913402
96.380005	1.6427670925753373
96.400229	1.6423248645867532
96.419992	1.6417769733999465
96.440075	1.6410920002695464
96.460041	1.6402904584319695
96.479991	1.6393959857018907
96.499997	1.638440489298829
96.52025	1.6374329977390663
96.54004	1.6363975510715898
96.559987	1.6352766558606853
96.580232	1.6340611240787897
96.599972	1.632850346263404
96.619941	1.6316866553436857
96.640065	1.6306589377012077
96.659999	1.6298284929539537
96.680039	1.6291796278496073
96.699985	1.628680137998634
96.720009	1.628261567782504
96.740329	1.6278366794416006
96.760083	1.6273365380947835
96.780213	1.6266687120071472
96.799972	1.6258322665616278
96.819977	1.6248275236086285
96.840043	1.623726629379913
96.85998	1.6226262252761252
96.880227	1.6215957527808567
96.899955	1.6207620925060209
96.920052	1.620151758948086
96.940077	1.6198059210513451
96.959969	1.6196900050277887
96.980026	1.6197112072718896
96.999968	1.6197409656134543
97.020042	1.6196510508404807
97.040141	1.6193565645402668
97.06033	1.618841347990355
97.080076	1.6181713904831638
97.099999	1.617406933611226
97.119969	1.6166283483603323
97.140097	1.6158932648892237
97.160131	1.6152636234186923
97.1802	1.6147786931140304
97.199966	1.6144589896601458
97.220128	1.6142546289417827
97.24008	1.6140817287960456
97.259984	1.6138364459953751
97.279997	1.6134609713770778
97.300012	1.6129794818488836
97.32085	1.6124538315053007
97.340168	1.6120303236830467
97.360001	1.611710326129977
97.380045	1.61149862219552
97.4001	1.6113577692381422
97.419985	1.6112400289591673
97.440098	1.611109876473997
97.459992	1.6109676246602294
97.479964	1.6108422215701412
97.500061	1.6107867096232922
97.520224	1.610850815358093
97.540209	1.6110510589048632
97.559974	1.611359752041456
97.579982	1.6117230931004916
97.600078	1.6120588069196322
97.620079	1.6122842405967035
97.640122	1.6123392681046957
97.660067	1.6121962146131574
97.679978	1.611870246988667
97.700265	1.6113989848599093
97.720065	1.6108587780627088
97.740075	1.6102752179149176
97.759993	1.609685120499083
97.779979	1.6091110994218218
97.799974	1.608583755328606
97.820041	1.608103700722668
97.840109	1.6076117026947956
97.859981	1.606994978040881
97.879982	1.6061419040422822
97.899966	1.6050712410171846
97.920001	1.6039433639544574
97.940106	1.6029910418364668
97.95997	1.6023777868318012
97.979992	1.6020591601511278
98.000166	1.601860110179432
98.01999	1.6015998793712396
98.043628	1.6011361660875167
98.060214	1.600767728037343
98.079982	1.6004107666529201
98.100028	1.600223690101582
98.119986	1.6002264829291286
98.140127	1.6003946920633814
98.159967	1.6006976924320047
98.179964	1.6011091978318768
98.199992	1.6015587817755923
98.220024	1.6019438522297382
98.240052	1.6021800308185168
98.260207	1.6022523073804984
98.279991	1.6022062271179731
98.300046	1.602086599173104
98.319997	1.6018901589020582
98.340166	1.6015737617698806
98.360331	1.601129923077896
98.37999	1.6006324588728424
98.400062	1.6001577716265944
98.419955	1.599782182816528
98.440134	1.5994811003553253
98.460244	1.5992005320113458
98.479971	1.5989148206966362
98.499975	1.598651294854968
98.519965	1.5984843126774262
98.540129	1.5984548912366037
98.56023	1.59855370760498
98.579991	1.5987486509369218
98.599963	1.599041425086195
98.619968	1.599452390276503
98.640221	1.5999862883891367
98.659969	1.6005570503237074
98.680434	1.6010851723830186
98.699963	1.601443738316889
98.719954	1.6016685605694714
98.740172	1.6018552501380041
98.759979	1.6021235320432679
98.780011	1.6025443085848803
98.799987	1.6030773834887668
98.819959	1.603632760653959
98.840204	1.6041507294713808
98.860231	1.6046225266520908
98.880153	1.6051054166328247
98.89997	1.6056379172182538
98.919957	1.606199800168228
98.940265	1.6067040241333659
98.964295	1.6071020028486114
98.980379	1.6071969509980932
99.000045	1.6071323421252892
99.020068	1.6069666623360055
99.040224	1.6067878930047468
99.060725	1.6066395891472451
99.080268	1.6065137278390487
99.100057	1.606342253003956
99.120085	1.60606472712071
99.140452	1.6056666515998093
99.159972	1.6052356468573572
99.179972	1.6048551012215762
99.199995	1.6046317296735546
99.219985	1.604578927876273
99.240144	1.6046068844159211
99.25997	1.6045728273413737
99.280021	1.6043729666176016
99.299963	1.6040200810068974
99.31996	1.603633594204435
99.340397	1.6033664330824249
99.359972	1.6033271894405545
99.380063	1.603489712786145
99.400009	1.6037398694502367
99.42006	1.603949087331226
99.440412	1.6040365207780778
99.460197	1.6039903312512882
99.479974	1.603846731522608
99.500038	1.6036404172958936
99.520024	1.6033962398554957
99.540184	1.6031204902779
99.559968	1.6028272300093254
99.579977	1.6025083936334539
99.600211	1.6021483899196776
99.619982	1.601728638878919
99.640125	1.6011987107603434
99.660209	1.6005603785293014
99.679983	1.5998599032408942
99.70022	1.599150156752202
99.719988	1.5985598763189903
99.74018	1.5981389152993106
99.760291	1.597923755841574
99.780265	1.5978734084474564
99.79999	1.5979077641582546
99.819948	1.5979553295396778
99.840254	1.5979935693215812
99.859976	1.5980647676331532
99.880044	1.5982627820920197
99.900052	1.5986725072551637
99.920005	1.5993251834359297
99.940144	1.6001833007286292
99.959968	1.601116582706452
99.97997	1.6020282266630326
99.999968	1.6028371034545372
100.020015	1.6035508227019744
100.040144	1.6042401871619987
100.059952	1.604978338584987
100.080026	1.6058474401491996
100.100094	1.6068540492680137
100.119955	1.6079736169558996
100.140076	1.609208437140545
100.159968	1.610500362483176
100.179978	1.6118380327001678
100.200844	1.6132377017923931
100.220654	1.6145506935162788
100.241199	1.6158899827283233
100.259967	1.6170838883616567
100.279979	1.6182895762925353
100.299966	1.6193717864020911
100.319967	1.6203030673188599
100.340178	1.6211312048985724
100.360025	1.6219316811567361
100.380019	1.622804952446637
100.400052	1.6237223917984176
100.419957	1.6245350329993105
100.440161	1.6250822111955139
100.459963	1.6252579391828204
100.479965	1.625128856995691
100.500068	1.6248526769129752
100.520032	1.6245887686513143
100.540261	1.6243935087311578
100.559964	1.6242274299228157
100.579961	1.6239891713341048
100.600034	1.6236194310341776
100.620073	1.623140653164906
100.640234	1.6226390862904483
100.660115	1.6222284115555416
100.679983	1.621958554455641
100.699984	1.6218068887451567
100.720038	1.6216929680494334
100.740212	1.6215252107619513
100.760087	1.6212605853410724
100.780267	1.6209062857785912
100.800376	1.6205187745118443
100.820271	1.6201370265514563
100.840399	1.6197424430528609
100.860012	1.6193030492866671
100.88006	1.618752657790896
100.90004	1.6180992809844679
100.919975	1.617385640586622
100.940143	1.6166659520669537
100.959974	1.6160133070094
100.980045	1.6154399431837436
101.000041	1.6149783671883224
101.020022	1.6146554546935459
101.04058	1.614492656390333
101.059992	1.6144946830438833
101.080222	1.6146038225840043
101.099978	1.614726970942751
101.120112	1.614794597399382
101.140326	1.6147912244986034
101.160006	1.6147711929144088
101.180236	1.6148110283890744
101.199983	1.6149495949167518
101.219978	1.6151661090822722
101.240176	1.6153867809701017
101.259963	1.6155265049594774
101.279964	1.6155432772870535
101.299983	1.615424846915572
101.320016	1.615172219641575
101.340445	1.6147647090049222
101.359998	1.614200621598754
101.380043	1.6134177588280707
101.400039	1.6124436483732765
101.419966	1.6113401752519911
101.440167	1.6101784901505634
101.459948	1.6090829888286176
101.47999	1.6080682964933937
101.499954	1.6071700212564861
101.520037	1.6063737472070228
101.540358	1.6056551236802101
101.560398	1.6049948749550265
101.57996	1.6043501209854532
101.600025	1.6036527885031537
101.620251	1.6029232213382416
101.640046	1.6022490348191818
101.660875	1.6016799161906714
101.679971	1.601347836432102
101.700124	1.6011860854961906
101.720024	1.6011302506220344
101.74004	1.6010729796435905
101.759975	1.6009413640870884
101.779972	1.6007138163456673
101.800022	1.6004063817564822
101.820005	1.6000483008794644
101.840327	1.5996593199726103
101.860208	1.5992854047193257
101.880115	1.5989494527560808
101.900055	1.5986611062034193
101.92022	1.5983816991930426
101.940033	1.5980472012600486
101.959971	1.5975955623194753
101.980007	1.5970559955216488
102.000026	1.5965704541192174
102.02003	1.5963333015916514
102.040075	1.5964813519806997
102.060221	1.5969958829295376
102.079999	1.5976655453828776
