55.060124	0.12368190288543701	0.15456247329711914	-0.1424541473388672
55.080058	0.12682151794433594	0.2058272361755371	-0.22319507598876953
55.100079	0.09294569492340088	0.17074763774871826	-0.26691150665283203
55.121625	0.04950082302093506	-0.1011660099029541	-0.28911876678466797
55.140051	-0.0324399471282959	-0.05349862575531006	-0.28884029388427734
55.160299	5.955696105957031E-4	0.0753101110458374	-0.3083763122558594
55.18018	0.035385727882385254	0.13829028606414795	-0.3479766845703125
55.200116	0.1526632308959961	0.0429379940032959	-0.36148643493652344
55.22013	0.1496415138244629	0.10261702537536621	-0.22516155242919922
55.240226	0.1267160177230835	0.07631134986877441	-0.1700611114501953
55.260296	0.03613853454589844	0.062230825424194336	-0.13481903076171875
55.280122	0.07459557056427002	0.011422276496887207	-0.34650516510009766
55.300217	0.0969839096069336	0.004743218421936035	-0.2713613510131836
55.321227	0.1648266315460205	-0.002570509910583496	-0.24975013732910156
55.340051	0.16990220546722412	0.1441969871520996	-0.2505970001220703
55.360266	0.16316401958465576	0.09173750877380371	-0.13730430603027344
55.380045	0.11570930480957031	0.06906676292419434	-0.1599884033203125
55.400213	0.12613797187805176	0.0034908056259155273	-0.12156867980957031
55.420096	0.10013961791992188	0.042641520500183105	-0.27288055419921875
55.440071	0.10473895072937012	0.06806278228759766	-0.29187679290771484
55.46024	0.04892683029174805	0.12630736827850342	-0.2696666717529297
55.4801	0.08815491199493408	0.062369704246520996	-0.2685384750366211
55.500977	0.07742655277252197	-0.004042983055114746	-0.2307720184326172
55.522189	0.05526280403137207	-0.024396777153015137	-0.3458852767944336
55.540157	0.11029374599456787	0.007870078086853027	-0.2686290740966797
55.560302	0.09844434261322021	0.03510475158691406	-0.1540536880493164
55.58009	0.07047581672668457	-0.0225905179977417	-0.27004337310791016
55.600106	0.01273810863494873	0.046286821365356445	-0.1784515380859375
55.620252	0.06270039081573486	0.02822744846343994	-0.25908851623535156
55.640144	0.08940517902374268	0.06678855419158936	-0.27675342559814453
55.660133	0.1349191665649414	0.08404695987701416	-0.1989736557006836
55.680036	0.09797406196594238	0.06757938861846924	-0.4865274429321289
55.700078	0.09204745292663574	0.055663347244262695	-0.3896331787109375
55.720117	0.04157459735870361	0.12297654151916504	-0.3351631164550781
55.740085	0.05665004253387451	0.16183710098266602	-0.3600912094116211
55.760484	0.032193899154663086	0.13896572589874268	-0.17151165008544922
55.780074	0.015367507934570313	-0.06706368923187256	-0.2073535919189453
55.800023	0.017197608947753906	-0.0707406997680664	-0.09165763854980469
55.820129	0.13366341590881348	0.017266273498535156	-0.33928775787353516
55.840083	0.11466515064239502	0.1413503885269165	-0.2802696228027344
55.860239	0.19014602899551392	0.0055789947509765625	-0.2823667526245117
55.880056	0.13062965869903564	0.06436026096343994	-0.3380470275878906
55.900011	0.13223648071289063	0.039368271827697754	-0.30159854888916016
55.920117	0.12826037406921387	0.00984036922454834	-0.22678852081298828
55.940008	0.1025315523147583	0.0645604133605957	-0.28459644317626953
55.960009	0.0881725549697876	0.09529316425323486	-0.24748992919921875
55.980087	0.056116461753845215	0.11743772029876709	-0.3260517120361328
56.000026	0.05581200122833252	0.11025726795196533	-0.25345516204833984
56.020138	0.08804833889007568	-0.07585155963897705	-0.17833518981933594
56.040127	0.0841374397277832	-0.012133359909057617	-0.27759838104248047
56.060079	0.03549802303314209	0.13068711757659912	-0.22045516967773438
56.080068	0.06585514545440674	-0.03206312656402588	-0.3568239212036133
56.100005	0.0993732213973999	-0.022467732429504395	-0.3566312789916992
56.120106	0.0762333869934082	0.12337291240692139	-0.3538503646850586
56.140109	0.09108829498291016	0.19778013229370117	-0.3518342971801758
56.160271	0.11193239688873291	0.08727467060089111	-0.16293048858642578
56.180258	0.06954371929168701	0.04881429672241211	-0.2016754150390625
56.200071	0.04926502704620361	-0.0222548246383667	-0.22176361083984375
56.220089	0.07337450981140137	0.03272438049316406	-0.29960060119628906
56.240161	0.11404180526733398	0.08925437927246094	-0.2608957290649414
56.260218	0.12068170309066772	0.11036908626556396	-0.09018135070800781
56.280623	0.09093344211578369	0.1312011480331421	-0.1681966781616211
56.299998	0.06877255439758301	0.079215407371521	-0.24593067169189453
56.319996	0.1336016058921814	0.05345034599304199	-0.2653961181640625
56.340132	0.10305696725845337	0.04883432388305664	-0.28304290771484375
56.360044	0.03812134265899658	0.05355978012084961	-0.1668109893798828
56.381038	0.10087627172470093	-0.02613532543182373	-0.28070831298828125
56.400002	0.05736136436462402	-0.013914823532104492	-0.31855010986328125
56.420675	0.11975985765457153	0.05280756950378418	-0.31938838958740234
56.450009	0.02369511127471924	0.15307378768920898	-0.4329233169555664
56.470178	0.17579424381256104	-0.0218808650970459	-0.29859256744384766
56.490059	0.02093327045440674	0.08341038227081299	-0.33565711975097656
56.510389	0.11457473039627075	0.049768686294555664	-0.1833505630493164
56.529995	0.029191255569458008	0.14067721366882324	-0.14809799194335938
56.550095	0.006266355514526367	0.14512395858764648	-0.24283695220947266
56.570018	0.055489540100097656	0.0766594409942627	-0.20450878143310547
56.590088	0.07988989353179932	0.028162479400634766	-0.2769021987915039
56.610078	0.028997182846069336	0.04875755310058594	-0.21608924865722656
56.629995	0.18408912420272827	0.10402500629425049	-0.1602640151977539
56.653805	0.09598124027252197	0.1267186403274536	-0.21668434143066406
56.670023	0.13706845045089722	0.050484418869018555	-0.1369304656982422
56.69014	0.15417808294296265	-0.02030491828918457	-0.2670478820800781
56.710261	0.04188239574432373	0.0031175613403320313	-0.16649150848388672
56.730334	0.07777822017669678	0.03676712512969971	-0.14689350128173828
56.750283	0.16392022371292114	0.041069626808166504	-0.2827434539794922
56.770073	0.15960973501205444	0.08751213550567627	-0.20787811279296875
56.790603	0.1000368595123291	0.010174155235290527	-0.3420829772949219
56.810318	0.10410702228546143	0.015815019607543945	-0.35868072509765625
56.830059	0.04532599449157715	0.04089832305908203	-0.26099681854248047
56.850303	0.09765386581420898	0.031471967697143555	-0.2792520523071289
56.870056	0.05976212024688721	0.04182767868041992	-0.2395038604736328
56.89039	0.04287087917327881	-0.0062563419342041016	-0.4131145477294922
56.91008	0.03927183151245117	-0.007045388221740723	-0.43035888671875
56.930303	0.06355905532836914	0.0453413724899292	-0.27573204040527344
56.950242	0.12064635753631592	0.1570967435836792	-0.2591419219970703
56.97045	0.0739908218383789	0.13072872161865234	-0.16620349884033203
56.990265	-0.013262748718261719	0.013788223266601563	-0.1288003921508789
57.010073	0.06026291847229004	-0.01999986171722412	-0.23958683013916016
57.030111	0.09150481224060059	0.027845025062561035	-0.21973133087158203
57.050024	0.06918251514434814	0.07302975654602051	-0.2947578430175781
57.07034	0.08660233020782471	0.09442770481109619	-0.3719291687011719
57.090154	0.07153141498565674	0.0415874719619751	-0.31473636627197266
57.11057	0.05923497676849365	-0.014316558837890625	-0.1801166534423828
57.130096	0.09652888774871826	-0.0833282470703125	-0.12397575378417969
57.150203	0.017490386962890625	0.07074177265167236	-0.21711444854736328
57.170031	0.0038150548934936523	0.08647751808166504	-0.19678020477294922
57.190066	0.02576744556427002	0.09332966804504395	-0.3507814407348633
57.210161	0.035422325134277344	0.10557043552398682	-0.4082355499267578
57.230087	0.13817358016967773	0.007941603660583496	-0.33051586151123047
57.250227	0.12372863292694092	0.02186715602874756	-0.30997562408447266
57.270307	0.013544797897338867	-0.012591719627380371	-0.2525796890258789
57.290112	0.13771796226501465	0.10379791259765625	-0.2900362014770508
57.310198	0.11712276935577393	0.15840935707092285	-0.2705955505371094
57.330013	0.09605681896209717	0.07358121871948242	-0.11934375762939453
57.35	0.08501613140106201	-0.03475069999694824	-0.11943626403808594
57.370076	0.07879924774169922	-0.004092693328857422	-0.17413902282714844
57.390201	0.12866485118865967	0.030106425285339355	-0.23184871673583984
57.410357	0.09911024570465088	0.09286761283874512	-0.2308502197265625
57.430325	0.09469985961914063	0.025888442993164063	-0.05744457244873047
57.450085	0.012652993202209473	0.01984429359436035	-0.42412281036376953
57.470198	0.06448161602020264	0.007385730743408203	-0.40670204162597656
57.490082	0.1542072296142578	0.04115879535675049	-0.3661336898803711
57.510029	0.06934547424316406	0.011226892471313477	-0.15241241455078125
57.530041	0.09807300567626953	-0.11101651191711426	-0.07346439361572266
57.549989	0.16100168228149414	-0.08646047115325928	-0.26522350311279297
57.570094	0.20862162113189697	0.035849809646606445	-0.3227567672729492
57.590119	0.13424932956695557	0.040190815925598145	-0.3040323257446289
57.610054	0.13840794563293457	0.10484766960144043	-0.3238363265991211
57.630072	0.13570821285247803	0.12096238136291504	-0.2064046859741211
57.649995	0.11523878574371338	0.083701491355896	-0.26419544219970703
57.670011	0.15900862216949463	0.03075885772705078	-0.149322509765625
57.69016	0.13735735416412354	-0.01580524444580078	-0.1291513442993164
57.710032	0.1352769136428833	-0.06596183776855469	-0.12749385833740234
57.730059	0.21255600452423096	0.023118019104003906	-0.2244424819946289
57.749994	0.18385374546051025	0.0698782205581665	-0.3387727737426758
57.770234	0.15558183193206787	0.02068793773651123	-0.3389091491699219
57.790046	0.10256576538085938	-0.08617269992828369	-0.2790870666503906
57.810111	0.15302622318267822	-0.04611337184906006	-0.23957347869873047
57.830284	0.201851487159729	0.01487874984741211	-0.16460227966308594
57.85006	0.1536177396774292	0.0028619766235351563	-0.3010578155517578
57.870016	0.13252055644989014	-0.05807971954345703	-0.31987953186035156
57.890099	0.13428115844726563	-0.027238130569458008	-0.26097965240478516
57.910009	0.18025577068328857	0.0230710506439209	-0.2995004653930664
57.930046	0.1513155698776245	0.052021145820617676	-0.30228519439697266
57.95	-0.006059527397155762	-0.03346860408782959	-0.2853050231933594
57.97011	-0.04616427421569824	-0.06401515007019043	-0.25072574615478516
57.990013	0.026172757148742676	-0.06897890567779541	-0.32478904724121094
58.010126	0.14374756813049316	-0.01756000518798828	-0.380950927734375
58.03013	0.059718966484069824	-0.10377645492553711	-0.1321086883544922
58.050277	0.08782970905303955	0.005400180816650391	-0.17150402069091797
58.070045	0.09441447257995605	0.0675128698348999	-0.17145442962646484
58.090059	0.061684489250183105	0.10103416442871094	-0.11792373657226563
58.110066	0.16524696350097656	-0.024180173873901367	-0.20029926300048828
58.130032	0.03673815727233887	-0.07271409034729004	-0.030904769897460938
58.149997	0.03752624988555908	-0.09303843975067139	-0.10724639892578125
58.170064	0.1338413953781128	-0.01043701171875	-0.12428569793701172
58.190044	0.09562504291534424	0.08166563510894775	-0.21947002410888672
58.210307	0.11275374889373779	0.015812277793884277	-0.4099254608154297
58.229995	0.10213637351989746	0.029511213302612305	-0.5060710906982422
58.25005	6.467103958129883E-4	0.03236103057861328	-0.39226245880126953
58.270053	0.025548458099365234	0.03392481803894043	-0.22466468811035156
58.290105	0.12433028221130371	0.0049359798431396484	-0.26407337188720703
58.310341	0.017026185989379883	-0.004179477691650391	-0.16820335388183594
58.330006	0.012561559677124023	-0.07421207427978516	-0.11226844787597656
58.34998	0.0736687183380127	0.021251678466796875	-0.22967815399169922
58.370006	0.05328726768493652	0.06315004825592041	-0.19205856323242188
58.390038	0.03635823726654053	0.046485185623168945	-0.1921863555908203
58.409968	0.12370288372039795	0.02217090129852295	-0.3647317886352539
58.430022	0.1181100606918335	0.046768784523010254	-0.23211193084716797
58.450281	0.12610238790512085	0.035175204277038574	-0.2919588088989258
58.47003	0.10984325408935547	0.048592567443847656	-0.27161502838134766
58.490015	0.06601095199584961	-0.015633702278137207	-0.24991226196289063
58.510259	0.03867757320404053	-0.002456188201904297	-0.2477588653564453
58.530023	0.07991695404052734	-0.04202580451965332	-0.15438556671142578
58.550881	0.11045408248901367	0.09344351291656494	-0.4236278533935547
58.570021	0.13727176189422607	0.047342777252197266	-0.4024238586425781
58.590079	0.07614123821258545	0.06574773788452148	-0.3261117935180664
58.610757	0.05934572219848633	0.047869324684143066	-0.21111583709716797
58.630779	0.0542529821395874	-0.004872798919677734	-0.13579463958740234
58.651156	0.030404210090637207	0.004742980003356934	-0.17608356475830078
58.670053	0.014633536338806152	-0.0534510612487793	-0.23087310791015625
58.690064	0.08057928085327148	0.09336042404174805	-0.26943016052246094
58.710064	0.10233259201049805	0.08635056018829346	-0.3255319595336914
58.730006	0.15126973390579224	0.08847355842590332	-0.2693614959716797
58.750007	0.09547102451324463	0.07388174533843994	-0.2145538330078125
58.770021	0.10939180850982666	0.029795408248901367	-0.09933757781982422
58.790302	0.09182536602020264	0.022110700607299805	-0.17751121520996094
58.810064	0.09014606475830078	0.030439376831054688	-0.331390380859375
58.830013	0.017059803009033203	0.04692232608795166	-0.2752084732055664
58.850215	0.019054174423217773	-0.038149476051330566	-0.27370452880859375
58.870069	0.06661355495452881	-0.03710496425628662	-0.3082265853881836
58.890008	0.05959427356719971	0.00807178020477295	-0.2313518524169922
58.910059	0.06600213050842285	0.009019970893859863	-0.30740928649902344
58.930223	0.08580207824707031	0.045897483825683594	-0.23050308227539063
58.950375	0.07650887966156006	0.03947925567626953	-0.3433408737182617
58.970067	0.08325076103210449	-0.02535271644592285	-0.2839803695678711
58.990051	0.07727789878845215	-0.06513237953186035	-0.18865013122558594
59.010042	0.06279635429382324	0.0033551454544067383	-0.17281150817871094
59.030024	0.04242897033691406	0.012536764144897461	-0.13605403900146484
59.049974	0.03142261505126953	-0.019636869430541992	-0.21271228790283203
59.070046	2.676248550415039E-4	-0.013205170631408691	-0.19080829620361328
59.090088	0.025450944900512695	-0.05697619915008545	-0.22759628295898438
59.110039	0.0850229263305664	0.09673619270324707	-0.26357364654541016
59.129984	0.15236753225326538	0.045784831047058105	-0.1507129669189453
59.150011	0.09177553653717041	0.022275328636169434	-0.32277679443359375
59.170311	0.0567927360534668	-0.0031976699829101563	-0.32652854919433594
59.190328	0.05704319477081299	-0.06978905200958252	-0.2080221176147461
59.21003	0.08773934841156006	-0.02377033233642578	-0.32203102111816406
59.23001	0.11417078971862793	-0.009433507919311523	-0.22684001922607422
59.250004	0.08748352527618408	-0.023288249969482422	-0.3051156997680664
59.270071	0.11642646789550781	-0.054064273834228516	-0.38181209564208984
59.290084	0.11353099346160889	-0.005476236343383789	-0.340301513671875
59.310026	0.1205371618270874	-0.033556580543518066	-0.29760074615478516
59.330317	0.15848660469055176	-0.0032769441604614258	-0.18221759796142578
59.349996	0.1765202283859253	-0.002379179000854492	-0.25910377502441406
59.370043	0.11476695537567139	-0.03695487976074219	-0.2027273178100586
59.390013	0.07235729694366455	-0.07235276699066162	-0.1623678207397461
59.410044	0.09848451614379883	-0.03976702690124512	-0.2755718231201172
59.430015	0.18404334783554077	-0.004932045936584473	-0.18045425415039063
59.450049	0.15858662128448486	-0.02168095111846924	-0.21987247467041016
59.470233	0.11278843879699707	-0.022334575653076172	-0.2567176818847656
59.489973	0.12460267543792725	-0.05141270160675049	-0.1410837173461914
59.510325	0.16573667526245117	-0.04064607620239258	-0.2765312194824219
59.53003	0.17068547010421753	-0.12254917621612549	-0.16242313385009766
59.550309	0.13372695446014404	-0.028359413146972656	-0.2577857971191406
59.570018	0.08148312568664551	-0.040915846824645996	-0.23906993865966797
59.590173	0.1294015645980835	-0.00715184211730957	-0.2019338607788086
59.610001	0.20369023084640503	-0.0441509485244751	-0.3364849090576172
59.62999	0.2087000012397766	0.006044626235961914	-0.27730274200439453
59.650325	0.12414872646331787	0.013471126556396484	-0.31769847869873047
59.670145	0.1295626163482666	-0.0852665901184082	-0.2230548858642578
59.690082	0.06798791885375977	-0.04598510265350342	-0.13008403778076172
59.710055	0.15014034509658813	-0.09772753715515137	-0.266571044921875
59.730009	0.17286843061447144	0.01932668685913086	-0.26435089111328125
59.750033	0.02184474468231201	0.03503561019897461	-0.23921775817871094
59.770056	0.06496500968933105	0.04500758647918701	-0.24022579193115234
59.790148	0.12881147861480713	-0.0763695240020752	-0.22452640533447266
59.810007	0.1915619969367981	-0.09051907062530518	-0.24384593963623047
59.830035	0.12617909908294678	-0.05337238311767578	-0.2637310028076172
59.850005	0.04722177982330322	-0.030801773071289063	-0.20706558227539063
59.870081	0.12166035175323486	0.07512128353118896	-0.2854909896850586
59.890307	0.13566339015960693	0.040218472480773926	-0.19082927703857422
59.910072	0.16947799921035767	-0.04405772686004639	-0.3249807357788086
59.930236	0.14025473594665527	0.017917871475219727	-0.24508380889892578
59.950254	0.029018163681030273	0.006639838218688965	-0.3416280746459961
59.970079	0.09068155288696289	0.04223036766052246	-0.3790311813354492
59.990056	0.14386069774627686	0.07280027866363525	-0.3429603576660156
60.010023	0.14411425590515137	0.08067476749420166	-0.4781951904296875
60.030004	0.16016602516174316	0.13420510292053223	-0.4616832733154297
60.050094	0.19141143560409546	0.17571032047271729	-0.4055156707763672
60.070081	0.09064114093780518	0.24608290195465088	-0.5200824737548828
60.090132	0.008675575256347656	0.3611938953399658	-0.8817615509033203
60.110077	0.05777621269226074	0.4212989807128906	-1.029007911682129
60.130106	-0.10479211807250977	0.47545289993286133	-0.9286155700683594
60.150026	-0.12788856029510498	0.5931236743927002	-0.6973857879638672
60.170112	-0.13483285903930664	0.5414621829986572	-0.35499000549316406
60.190088	-0.24063479900360107	0.46408259868621826	-0.15399646759033203
60.210087	-0.3837984800338745	0.3371739387512207	-0.022530555725097656
60.230003	-0.5757412910461426	0.5279628038406372	0.2835855484008789
60.25003	-0.5115282535552979	0.6862084865570068	0.2837085723876953
60.270049	-0.5458512306213379	0.8414065837860107	0.010728836059570313
60.289986	-0.4531348943710327	0.9988694190979004	-0.27518272399902344
60.310063	-0.3375244140625	1.0107454061508179	-0.44138240814208984
60.330027	-0.37887024879455566	1.0011041164398193	-0.35860157012939453
60.350269	-0.3780738115310669	1.0369402170181274	-0.14218711853027344
60.370055	-0.3798590898513794	0.9353007078170776	-0.1195535659790039
60.390059	-0.17094266414642334	0.6034364700317383	-0.06138420104980469
60.410276	-0.0954287052154541	0.4275076389312744	-0.2525291442871094
60.429945	-0.029404044151306152	0.4259120225906372	-0.4967947006225586
60.450069	0.23582994937896729	0.5721758604049683	-1.0455007553100586
60.470207	0.3365236520767212	0.5693775415420532	-1.3088102340698242
60.490028	0.47586727142333984	0.4814159870147705	-1.589585304260254
60.510014	0.5636553764343262	0.5837395191192627	-1.3902854919433594
60.52995	0.7234023809432983	1.4546109437942505	-0.882868766784668
60.550075	0.8637040853500366	1.699202060699463	-0.5295295715332031
60.569951	0.8048059940338135	1.2669055461883545	0.26972198486328125
60.589993	0.5262814164161682	0.5200916528701782	1.034409523010254
60.610298	0.7629902362823486	-0.014830946922302246	0.8612403869628906
60.630047	0.8110756874084473	0.32881712913513184	0.241302490234375
60.649997	0.7098411917686462	0.9361939430236816	-0.31165504455566406
60.670109	0.5608515739440918	1.7279770374298096	-0.6707420349121094
60.690019	0.44004881381988525	1.6210153102874756	-0.6512212753295898
60.71041	0.41988706588745117	1.469321608543396	-0.9993581771850586
60.730033	0.4839462637901306	1.4329382181167603	-1.2148494720458984
60.750057	0.4919270873069763	1.1778322458267212	-1.138650894165039
60.770129	0.5474754571914673	0.9675687551498413	-1.1220836639404297
60.790025	0.6127805709838867	1.0319784879684448	-1.1053333282470703
60.810307	0.6995840072631836	1.2234946489334106	-0.8978977203369141
60.830099	0.75139319896698	1.1987955570220947	-0.5197076797485352
60.850362	0.681917667388916	1.0951193571090698	-0.2183828353881836
60.870622	0.6685892343521118	1.0683974027633667	-0.18324947357177734
60.890873	0.5136121511459351	1.0957207679748535	-0.012270927429199219
60.910243	0.3446597456932068	0.9640525579452515	0.3133506774902344
60.93005	0.1547243595123291	0.8808103799819946	0.4074420928955078
60.950011	0.047133684158325195	0.8868329524993896	0.7357816696166992
60.970079	-0.062494874000549316	0.8737033605575562	0.8915414810180664
60.990047	0.07276427745819092	0.8246127367019653	0.9366130828857422
61.010254	0.15598225593566895	1.0439155101776123	1.1791439056396484
61.030071	0.16309571266174316	1.342502236366272	1.5015373229980469
61.050036	-0.05668234825134277	0.8281573057174683	2.1080684661865234
61.070402	-0.3697007894515991	-0.04811525344848633	2.3985366821289063
61.090298	-0.30164802074432373	-0.7222186326980591	2.255138397216797
61.110057	-0.2977461814880371	-0.9230454564094543	0.7585020065307617
61.13003	-0.38180601596832275	-0.7336227297782898	-0.019775390625
61.150004	-0.2821098566055298	-0.58808434009552	-0.33210086822509766
61.170112	-0.18744075298309326	-0.4324309825897217	-0.3507061004638672
61.190113	-0.34370851516723633	-0.5131487846374512	-0.04936027526855469
61.210283	-0.39070212841033936	-0.8673824071884155	-0.04462909698486328
61.23007	-0.2530186176300049	-1.1452281475067139	-0.33404541015625
61.250244	-0.15543293952941895	-1.2319142818450928	-0.9128789901733398
61.270053	-0.025255560874938965	-1.1373546123504639	-2.3880600929260254
61.290072	-0.08957511186599731	-0.7190266847610474	-2.841794013977051
61.310026	-0.06953948736190796	-0.38347911834716797	-2.87783145904541
61.330043	-0.01024097204208374	0.30777835845947266	-2.8351402282714844
61.350007	-0.09607356786727905	0.5197527408599854	-2.4291553497314453
61.370303	-0.141246497631073	0.41912412643432617	-2.353771686553955
61.39062	-0.21899718046188354	0.3857431411743164	-2.182587146759033
61.410034	-0.4374164938926697	0.30766844749450684	-0.97625732421875
61.430019	-0.5508024096488953	0.16247820854187012	-0.5922136306762695
61.449993	-0.47657763957977295	0.11166238784790039	-0.4614267349243164
61.470086	-0.302700400352478	0.3690931797027588	-0.545598030090332
61.490088	-0.0480610728263855	0.5025315284729004	-0.3358469009399414
61.510066	-0.04884147644042969	0.5293049812316895	-0.025368690490722656
61.530043	-0.22515767812728882	0.5833923816680908	0.4746208190917969
61.549988	-0.1825215220451355	0.36077308654785156	1.2262392044067383
61.570057	-0.3761151432991028	-0.329109787940979	2.357855796813965
61.590311	-0.27462494373321533	-0.15401244163513184	2.253152847290039
61.610319	0.15191447734832764	0.2257535457611084	1.9455652236938477
61.629964	0.23751097917556763	-0.5010294914245605	2.239138603210449
61.650072	0.22276347875595093	-0.929455041885376	2.152981758117676
61.670121	0.14992493391036987	-1.0095592737197876	1.7667217254638672
61.690084	0.15651947259902954	-0.592542290687561	1.3683624267578125
61.710081	0.8396556973457336	0.1846163272857666	0.6970205307006836
61.73005	0.9549865126609802	0.18190526962280273	0.3231058120727539
61.750006	1.148535132408142	-0.12833261489868164	0.02222442626953125
61.770075	1.1128984689712524	-0.5341260433197021	-0.19361400604248047
61.790059	0.8671174645423889	-1.0256762504577637	-1.397141456604004
61.810295	0.5876540541648865	-1.0894386768341064	-1.5907840728759766
61.830003	0.22684437036514282	-1.164971113204956	-1.814030647277832
61.850006	0.19065910577774048	-0.7337156534194946	-3.0164732933044434
61.87033	0.3173258900642395	-0.31762993335723877	-3.3374972343444824
61.890069	0.3595624566078186	0.06368899345397949	-3.6321029663085938
61.910392	0.4143679141998291	0.22230911254882813	-3.6517858505249023
61.93002	0.29400473833084106	0.2077479362487793	-2.6343212127685547
61.950089	0.14129602909088135	0.11293315887451172	-1.9306750297546387
61.970294	0.18470847606658936	0.05502152442932129	-1.5827198028564453
61.990038	0.3034219741821289	0.03533053398132324	-1.1773815155029297
62.010092	0.20151567459106445	0.29156494140625	-0.31316471099853516
62.030276	0.13882160186767578	0.20835304260253906	0.28165721893310547
62.050071	0.1311866044998169	0.06367325782775879	1.0687685012817383
62.070013	0.20024019479751587	-8.137226104736328E-4	2.1564712524414063
62.09035	-0.024081826210021973	-0.11090540885925293	2.8356447219848633
62.110057	-0.2509732246398926	0.45625996589660645	3.0916318893432617
62.130111	-0.4821605682373047	0.605912446975708	3.0829391479492188
62.150015	-0.567782998085022	-1.0370844602584839	3.609076499938965
62.170086	-0.5124949216842651	-1.428205966949463	3.131657600402832
62.190097	-0.660691499710083	-1.1456499099731445	2.3470821380615234
62.210031	-0.9730297327041626	-0.44471728801727295	2.1460962295532227
62.230939	-1.2411261796951294	-0.3887197971343994	1.373453140258789
62.249998	-1.2837258577346802	-0.4613058567047119	0.9392366409301758
62.270064	-1.0368216037750244	-0.8512352705001831	0.4388132095336914
62.290096	-0.22445976734161377	-1.3101353645324707	-1.4378023147583008
62.310011	0.13731467723846436	-1.2986865043640137	-2.5914392471313477
62.330339	0.37073343992233276	-1.2449275255203247	-3.6805801391601563
62.350102	0.5602699518203735	-1.1186797618865967	-4.059868335723877
62.370002	0.6180379390716553	-0.4031562805175781	-3.9600958824157715
62.390119	0.5154448747634888	0.12198638916015625	-3.588155746459961
62.410115	0.545063316822052	0.4831533432006836	-3.291971206665039
62.429999	0.5209521055221558	0.3326537609100342	-3.063122272491455
62.450135	0.1153143048286438	-0.07386398315429688	-1.9744954109191895
62.470114	-0.002899467945098877	-0.1425008773803711	-1.3518743515014648
62.490344	-0.18340277671813965	-0.034255266189575195	-0.7999258041381836
62.509977	-0.21773546934127808	-0.43178343772888184	-0.04211997985839844
62.530047	-0.31617873907089233	-0.6384891271591187	0.2797737121582031
62.550221	-0.4649508595466614	-0.856258749961853	1.2055473327636719
62.570082	-0.5217936635017395	-0.9474372863769531	1.9237957000732422
62.590053	-0.6108867526054382	-0.3466475009918213	1.9059600830078125
62.61001	-0.06912147998809814	0.755526065826416	1.5351829528808594
62.630047	0.4970937967300415	0.6502838134765625	1.6852483749389648
62.650006	0.5786510705947876	0.06978511810302734	2.1814470291137695
62.670051	0.29223698377609253	-1.0052107572555542	3.486392021179199
62.690134	0.39316707849502563	-0.8748396635055542	3.892327308654785
62.710296	0.484426349401474	-0.5712312459945679	3.8580322265625
62.730063	1.1388096809387207	-0.5521019697189331	1.6721429824829102
62.750281	1.0682308673858643	-0.8270137310028076	1.133932113647461
62.770022	0.8852319121360779	-1.1845780611038208	0.6942739486694336
62.790077	0.650350034236908	-1.217964768409729	-0.3198833465576172
62.810276	-0.09502512216567993	-1.0626033544540405	-2.798089027404785
62.829994	-0.24084073305130005	-0.6778382062911987	-4.075717449188232
62.850006	-0.32217586040496826	-0.14590489864349365	-4.886026382446289
62.870108	-0.35124289989471436	0.1765727996826172	-4.735106468200684
62.889983	0.011923432350158691	0.5430567264556885	-4.177439212799072
62.910365	0.2148929238319397	0.8101480007171631	-3.70810604095459
62.929995	0.2374081015586853	0.903510570526123	-3.1926846504211426
62.950055	-0.08832013607025146	0.6629273891448975	-2.1444926261901855
62.970002	-0.20149314403533936	0.4077441692352295	-1.3543949127197266
62.990011	-0.2024768590927124	0.23620963096618652	-0.789097785949707
63.01007	-0.42834603786468506	0.23781967163085938	-0.08493614196777344
63.030084	-0.47518789768218994	-0.5104730129241943	1.1633491516113281
63.050274	-0.21325170993804932	-0.6796236038208008	1.6307125091552734
63.070303	0.057106971740722656	-0.5782483816146851	2.1779098510742188
63.090036	0.22569411993026733	-0.13747358322143555	2.5535049438476563
63.109991	-0.4056659936904907	0.23696422576904297	3.185863494873047
63.130269	-0.5391063690185547	-0.4368464946746826	2.963489532470703
63.150002	-0.6850719451904297	-0.7962846755981445	3.2867021560668945
63.170037	-1.1600306034088135	-0.40029752254486084	3.040264129638672
63.19002	-1.303551197052002	-0.20260751247406006	2.7199974060058594
63.210372	-1.3099713325500488	-0.368084192276001	1.9829292297363281
63.230023	-1.2624421119689941	-0.6219890117645264	1.3871326446533203
63.250015	-0.921347975730896	-1.3965070247650146	0.06748294830322266
63.270096	-0.4733765125274658	-1.1647756099700928	-1.1499691009521484
63.29039	-0.028689146041870117	-0.722317099571228	-2.9581284523010254
63.310328	0.5745163559913635	-0.3490983247756958	-4.274840831756592
63.330029	0.5944150686264038	0.1771223545074463	-4.720790863037109
63.349984	0.33854490518569946	0.13413023948669434	-4.3816328048706055
63.370046	0.3098961114883423	0.269500732421875	-4.029175281524658
63.391008	0.4566197991371155	0.5219666957855225	-2.8952784538269043
63.410604	0.4078516960144043	0.4544680118560791	-2.478102684020996
63.430937	0.3110002875328064	0.26554036140441895	-1.9280428886413574
63.450883	0.13780182600021362	0.17570972442626953	-1.5045270919799805
63.470267	-0.0467490553855896	-0.26758790016174316	-0.33019351959228516
63.490031	-0.15895652770996094	-0.5205100774765015	0.16048717498779297
63.510049	-0.28328412771224976	-0.7937765121459961	0.7073564529418945
63.530004	-0.5023075342178345	-0.9729899168014526	1.6508255004882813
63.550089	-0.4967103600502014	-0.8204758167266846	2.5206871032714844
63.570121	0.0751989483833313	0.4093301296234131	2.2860069274902344
63.590091	0.3987188935279846	1.1380419731140137	1.9965734481811523
63.610393	0.6009899377822876	0.014601945877075195	2.787626266479492
63.629995	0.6567319631576538	-0.32921934127807617	3.3326683044433594
63.650024	0.5791184902191162	-0.1242208480834961	3.477156639099121
63.670265	0.6934481859207153	0.20913362503051758	3.6915817260742188
63.690082	1.1550347805023193	-0.6093285083770752	2.3198108673095703
63.710116	1.2291700839996338	-1.0976719856262207	1.76678466796875
63.730259	1.1207820177078247	-1.3746585845947266	1.2161827087402344
63.750005	0.91999351978302	-1.4279465675354004	0.27239990234375
63.770122	0.3685246706008911	-1.0254309177398682	-2.4501328468322754
63.790054	0.15065467357635498	-0.6249194145202637	-3.873703956604004
63.810314	0.04623758792877197	-0.1422184705734253	-4.777449607849121
63.830082	0.029720664024353027	0.6189625263214111	-4.871825218200684
63.85023	0.25234508514404297	0.7461447715759277	-4.618823051452637
63.870111	0.39137113094329834	0.9541572332382202	-4.076659679412842
63.890066	0.4607301950454712	0.8750293254852295	-3.3582024574279785
63.910132	0.22993767261505127	0.7379701137542725	-2.4456405639648438
63.93029	0.02571558952331543	0.9406087398529053	-2.036891460418701
63.950314	-0.0476762056350708	0.920813798904419	-1.4713859558105469
63.970019	-0.0809100866317749	0.5580487251281738	-0.5133275985717773
63.989984	-0.05494832992553711	-0.2621188163757324	1.399876594543457
64.010344	-0.1633235216140747	-0.3997398614883423	1.9860048294067383
64.030119	-0.1721435785293579	-0.5485692024230957	2.4105377197265625
64.050232	-0.13729918003082275	0.8998184204101563	2.326192855834961
64.070012	-0.4366898536682129	0.8420679569244385	2.445554733276367
64.090087	-0.7274916172027588	-0.053049325942993164	2.661921501159668
64.110378	-0.9961944818496704	-0.325425386428833	2.7884082794189453
64.130036	-1.4244824647903442	-0.03309488296508789	2.605907440185547
64.150045	-1.4102783203125	0.5449128150939941	2.2674007415771484
64.169996	-1.4783679246902466	0.1847825050354004	2.3453054428100586
64.190073	-1.6520410776138306	-0.4077439308166504	1.8930168151855469
64.210352	-0.9229074716567993	-1.2779276371002197	0.44542598724365234
64.230058	-0.2826725244522095	-1.492565631866455	-0.3334217071533203
64.250094	0.3000985383987427	-1.3516610860824585	-1.8882384300231934
64.270116	1.0377198457717896	-0.17174994945526123	-4.102689266204834
64.290294	1.0962163209915161	0.320132851600647	-4.6058855056762695
64.310006	0.9567990303039551	0.5757508277893066	-4.456301689147949
64.330139	0.9304092526435852	0.5884244441986084	-4.0771355628967285
64.349991	0.9589991569519043	0.9456465244293213	-3.1255478858947754
64.369992	0.8921849131584167	0.9754042625427246	-2.5130863189697266
64.390063	0.7607812285423279	0.8009107112884521	-2.1296133995056152
64.41022	0.490935742855072	0.6714541912078857	-1.9954991340637207
64.430075	0.23706889152526855	0.16876626014709473	-1.0534391403198242
64.450046	0.23526477813720703	-0.05712699890136719	-0.3254117965698242
64.470051	0.07754093408584595	-0.4614276885986328	0.9165544509887695
64.490045	-0.2839739918708801	-1.1197030544281006	2.335394859313965
64.510319	-0.16145479679107666	-1.0541962385177612	2.517314910888672
64.530318	0.3340526819229126	0.12863469123840332	2.526259422302246
64.54999	0.5557910203933716	0.8432528972625732	2.3878889083862305
64.570036	0.5120633244514465	-0.10953021049499512	3.113776206970215
64.590018	0.6204104423522949	-0.1797877550125122	3.7143402099609375
64.61004	0.6722300052642822	0.27660202980041504	3.625514030456543
64.630089	1.0436978340148926	0.6901489496231079	3.477550506591797
64.650283	1.1143779754638672	-0.11314058303833008	1.9673051834106445
64.670076	1.0561306476593018	-0.5888999700546265	0.9916009902954102
64.690072	1.0956517457962036	-0.9337283372879028	0.5794219970703125
64.710007	0.6282141208648682	-1.2563506364822388	-1.2466068267822266
64.730156	0.31116586923599243	-1.2483763694763184	-2.30344820022583
64.750234	0.03527820110321045	-0.8505905866622925	-3.6412925720214844
64.76998	-0.11223757266998291	-0.22275924682617188	-4.847596168518066
64.789998	-0.4338817596435547	0.7326512336730957	-4.9163899421691895
64.81005	-0.3531343936920166	0.8486717939376831	-4.792593955993652
64.8302	-0.23011624813079834	1.059812307357788	-4.608979225158691
64.850017	-0.13737332820892334	1.1650943756103516	-4.106065273284912
64.870073	-0.1602311134338379	1.2544093132019043	-3.196323871612549
64.890029	-0.0465235710144043	1.3411486148834229	-2.2935757637023926
64.91005	-0.021661877632141113	1.026414394378662	-1.1113834381103516
64.930066	-0.6613693237304688	0.13355255126953125	0.8568792343139648
64.950242	-0.5200381278991699	-0.27446699142456055	1.5959138870239258
64.970095	-0.42653584480285645	-0.349300742149353	2.3478574752807617
64.990038	-0.34592509269714355	-0.07784891128540039	2.90640926361084
65.010395	-0.3706268072128296	0.9734712839126587	2.202350616455078
65.030054	-0.5646317005157471	1.448564887046814	1.7256603240966797
65.049968	-0.47804367542266846	0.9316457509994507	1.6429986953735352
65.070029	-0.4561953544616699	0.5127789974212646	2.0436782836914063
65.090345	-1.2424147129058838	0.2629077434539795	2.7578611373901367
65.110598	-1.4562517404556274	0.5049443244934082	2.821955680847168
65.130133	-1.4640101194381714	0.08677458763122559	2.806900978088379
65.150065	-1.3845694065093994	-0.32845747470855713	2.263141632080078
65.170223	-0.9892736673355103	-0.9681695103645325	1.0375909805297852
65.190477	-0.4356650114059448	-1.4041341543197632	0.4054431915283203
65.210932	0.10350418090820313	-1.4504799842834473	-0.9301090240478516
65.230096	0.9445565938949585	-0.45598363876342773	-3.7085514068603516
65.250016	1.1780258417129517	0.06755173206329346	-4.597104072570801
65.270054	1.2290024757385254	0.3888179063796997	-4.994198322296143
65.290404	1.2335960865020752	0.5801517963409424	-4.787445068359375
65.310684	0.8021496534347534	0.9944782257080078	-3.7798633575439453
65.330242	0.6573609709739685	0.7169392108917236	-3.18589448928833
65.350114	0.7323367595672607	0.4662303924560547	-2.620849609375
65.370195	0.8471148610115051	0.4495201110839844	-2.0229763984680176
65.39005	0.341117799282074	-0.2586480379104614	-0.4365415573120117
65.410301	0.1801135540008545	-0.5725548267364502	-0.18456172943115234
65.430098	0.3409139811992645	-0.650934100151062	0.43990612030029297
65.449998	0.3132445216178894	-0.2733168601989746	1.394118309020996
65.470364	0.1512840986251831	-0.2804687023162842	1.5448884963989258
65.490291	-0.08442306518554688	0.2658036947250366	1.895864486694336
65.510274	-0.02571314573287964	1.155747652053833	2.0300426483154297
65.53005	-0.010879278182983398	0.28861236572265625	2.6472930908203125
65.550014	0.09152144193649292	-0.1555999517440796	3.002592086791992
65.570276	0.3420807123184204	-0.11182379722595215	2.8789749145507813
65.590035	0.4848374128341675	0.5341858863830566	2.773747444152832
65.61003	1.0097169876098633	0.4446687698364258	2.559934616088867
65.630194	1.2978925704956055	-0.339141845703125	1.9687156677246094
65.650306	1.1409838199615479	-0.9287195205688477	1.4423542022705078
65.670102	0.33684784173965454	-1.8504972457885742	-0.41450023651123047
65.690127	-0.14386272430419922	-1.502669334411621	-1.7712993621826172
65.71031	-0.6948909759521484	-0.8494424819946289	-2.9987993240356445
65.730229	-0.9722572565078735	-0.21267271041870117	-4.141974925994873
65.750035	-1.3055623769760132	0.9337506294250488	-4.769227981567383
65.77002	-1.0941742658615112	1.116308331489563	-4.482189178466797
65.790063	-0.8742815256118774	1.3004957437515259	-4.090124607086182
65.810106	-0.5804128646850586	1.4596985578536987	-3.821256637573242
65.830224	-0.05180215835571289	1.2622793912887573	-2.8385534286499023
65.850263	-0.10045242309570313	1.2377532720565796	-2.5241127014160156
65.870052	-0.15782535076141357	1.0394070148468018	-2.0606789588928223
65.89047	-0.42871713638305664	0.5480915307998657	-0.10949134826660156
65.910096	-0.7315735816955566	0.25565874576568604	0.5488519668579102
65.930315	-0.8200035095214844	-0.08755695819854736	1.3330755233764648
65.949989	-0.36903464794158936	-0.2882115840911865	2.005504608154297
65.970034	-0.4195826053619385	-0.01645803451538086	2.848971366882324
65.990339	-0.4769251346588135	0.7791236639022827	2.631580352783203
66.010112	-0.422937273979187	1.246446967124939	2.120208740234375
66.030134	-0.5533013343811035	0.746720552444458	1.939687728881836
66.050173	-1.2365256547927856	-0.3116496801376343	2.0538015365600586
66.070147	-1.6616921424865723	0.1680535078048706	1.9318084716796875
66.090114	-1.6314787864685059	0.9053078889846802	1.9437685012817383
66.11035	-1.5338159799575806	-0.07294118404388428	2.2293930053710938
66.130241	-1.6986799240112305	-1.2960326671600342	2.48703670501709
66.150007	-1.077244758605957	-2.0224251747131348	1.7530813217163086
66.170281	-0.09204936027526855	-1.822523593902588	0.39944934844970703
66.19034	1.2978055477142334	-1.4054242372512817	-2.2709603309631348
66.209997	1.7719590663909912	-0.6874632835388184	-3.8945083618164063
66.230128	2.0566458702087402	-0.16108345985412598	-4.90684700012207
66.250016	1.9708486795425415	0.20358622074127197	-5.0616374015808105
66.270031	1.41387140750885	1.1150861978530884	-4.216142177581787
66.290024	1.2687093019485474	1.3911110162734985	-3.6440553665161133
66.310134	1.068361759185791	1.3539472818374634	-3.012744426727295
66.33026	0.6256612539291382	0.8823024034500122	-1.718648910522461
66.35014	0.32134008407592773	0.42108869552612305	-1.384089469909668
66.370089	0.0472293496131897	-0.011321187019348145	-1.1107177734375
66.390021	0.03869068622589111	-0.36744022369384766	-0.5601053237915039
66.410132	-0.039147913455963135	-0.723015546798706	0.8589401245117188
66.430202	-0.0321270227432251	-0.7718340158462524	1.7088241577148438
66.449991	-0.02150869369506836	-0.6443421840667725	2.1447525024414063
66.469994	0.4730384945869446	-0.028910160064697266	2.049602508544922
66.490048	1.0617575645446777	0.8115247488021851	2.9188432693481445
66.510045	0.6306171417236328	0.2036665678024292	3.3402395248413086
66.530436	0.13586211204528809	-0.2599332928657532	3.3532400131225586
66.550353	0.40683770179748535	-0.12032091617584229	2.8141794204711914
66.570784	0.609609067440033	0.45521771907806396	2.6205825805664063
66.590079	0.9526172876358032	0.38567686080932617	2.5912370681762695
66.610047	1.1750049591064453	-0.18304842710494995	2.2754011154174805
66.630045	1.0839580297470093	-1.3056468963623047	0.7369279861450195
66.650215	0.7864348888397217	-1.3314238786697388	-0.3131113052368164
66.670524	0.4280970096588135	-1.142978310585022	-1.927276611328125
66.690297	0.009046435356140137	-0.8463083505630493	-3.378091335296631
66.710242	-0.7096363306045532	0.11545157432556152	-5.1666789054870605
66.73011	-0.8404639959335327	0.28169310092926025	-5.327536106109619
66.750258	-0.883719801902771	0.762526273727417	-5.077137470245361
66.771335	-0.5322041511535645	1.512508749961853	-4.2199835777282715
66.790254	-0.3965029716491699	1.5319435596466064	-3.825967788696289
66.810046	-0.3975735902786255	1.4244816303253174	-3.2802796363830566
66.83011	-0.3808063268661499	1.2033113241195679	-2.731440544128418
66.850033	-0.5717312097549438	0.825212836265564	-1.2451820373535156
66.870036	-0.6905874013900757	0.6493290662765503	-0.46617889404296875
66.890012	-0.8707567453384399	0.4595752954483032	0.29932403564453125
66.910308	-0.8909709453582764	0.3531907796859741	0.9539794921875
66.930158	-0.42023301124572754	0.3544156551361084	1.1132783889770508
66.950229	-0.10882234573364258	0.5992695093154907	1.3592777252197266
66.970076	-0.014309406280517578	0.7622473239898682	1.8061084747314453
66.990098	-0.14845669269561768	1.3624142408370972	2.515223503112793
67.010155	-0.3560354709625244	0.748070240020752	3.116002082824707
67.030245	-0.5697283744812012	-0.2533988356590271	3.2943525314331055
67.05009	-0.5987863540649414	-1.0204381942749023	3.3235292434692383
67.070073	-0.966010570526123	0.15643537044525146	2.5049095153808594
67.090184	-1.3411407470703125	0.5855991840362549	2.3840246200561523
67.110094	-1.5942730903625488	-0.12924933433532715	2.3724241256713867
67.130002	-1.7405452728271484	-0.7196658253669739	2.31778621673584
67.150095	-0.809412956237793	-1.917473316192627	1.380833625793457
67.17009	-0.03687548637390137	-1.4969046115875244	0.25100231170654297
67.190269	0.3997722864151001	-1.3202390670776367	-1.4537029266357422
67.210135	1.1578340530395508	-0.6594915390014648	-4.085079669952393
67.230302	1.2977865934371948	-0.22456145286560059	-4.995090961456299
67.250089	1.4148554801940918	0.1667388677597046	-5.0257649421691895
67.27036	1.46614670753479	0.48245060443878174	-4.451457500457764
67.290174	1.4114649295806885	0.9202702045440674	-3.001218318939209
67.310288	1.127284288406372	1.041175365447998	-2.48704195022583
67.331239	0.7168359160423279	0.943056583404541	-2.2806029319763184
67.350627	0.513147234916687	0.5621852874755859	-2.070347309112549
67.370442	0.3435654640197754	0.07997727394104004	-1.6988630294799805
67.390555	0.02307790517807007	-0.06952261924743652	-1.2083797454833984
67.410785	-0.13000047206878662	-0.23289906978607178	-0.6393089294433594
67.431257	-0.10827004909515381	0.16170048713684082	-0.3986015319824219
67.449981	0.0010191798210144043	0.247056245803833	-0.2905282974243164
67.470407	0.08242279291152954	0.25211989879608154	0.14461040496826172
67.490041	0.1327795386314392	0.2962493896484375	0.5076017379760742
67.510055	0.33145779371261597	1.311768889427185	2.063460350036621
67.530261	0.6639093160629272	1.2625473737716675	2.65521240234375
67.549983	0.711249589920044	0.2609459161758423	3.7299728393554688
67.570033	0.3409242331981659	-1.1954734325408936	4.813056945800781
67.589977	0.6004824638366699	-2.117666482925415	3.853923797607422
67.610098	0.942060649394989	-1.0391738414764404	3.020998954772949
67.630027	1.1646627187728882	-0.3595658540725708	2.714179039001465
67.650027	1.3783272504806519	-0.9759300351142883	1.7370491027832031
67.670057	0.9942041635513306	-1.2111777067184448	1.3571834564208984
67.690071	0.47459396719932556	-1.7689402103424072	0.9426956176757813
67.71025	0.06828528642654419	-2.0544676780700684	0.22738170623779297
67.730244	-0.8644329309463501	-1.063810110092163	-1.8665790557861328
67.749999	-1.0389068126678467	-0.7488629817962646	-3.2903685569763184
67.770165	-1.0170104503631592	-0.5504730343818665	-3.848374366760254
67.790031	-1.0110180377960205	-0.36096465587615967	-3.867058753967285
67.810001	-0.7867060303688049	0.4795767068862915	-3.906759262084961
67.830168	-0.41292083263397217	0.7176254987716675	-3.738308906555176
67.850053	-0.08733415603637695	0.8505475521087646	-3.400055408477783
67.870243	-0.3355950117111206	0.4859665632247925	-2.3453078269958496
67.890031	-0.37746453285217285	0.1847076416015625	-1.7672958374023438
67.910223	-0.2761082649230957	0.15568804740905762	-1.152353286743164
67.930311	-0.08567297458648682	0.19380605220794678	-0.7746963500976563
67.950222	-0.13293898105621338	0.3465263843536377	-0.29432201385498047
67.970051	-0.014113306999206543	0.3589667081832886	-0.26367855072021484
67.990112	0.3115156888961792	0.37186551094055176	-0.32335472106933594
68.010296	0.5295782685279846	0.5030672550201416	-0.3403596878051758
68.030047	0.542991578578949	0.5590001344680786	-0.2226238250732422
68.050018	0.423409104347229	0.5744259357452393	-0.14523601531982422
68.070064	0.4587593674659729	0.6006721258163452	0.0037441253662109375
68.090002	0.5402649641036987	0.26049208641052246	0.808039665222168
68.11007	0.514767587184906	0.20474565029144287	1.1411056518554688
68.130338	0.6681517362594604	0.648870587348938	1.2356414794921875
68.150102	0.4474492073059082	1.158065915107727	1.519425392150879
68.170021	-0.5281856060028076	-0.6390076875686646	2.6980810165405273
68.190078	-0.6294573545455933	-1.6994876861572266	2.007415771484375
68.209997	-0.4271841049194336	-1.7124698162078857	0.5905818939208984
68.230288	-0.3468589782714844	-1.0980253219604492	-0.47542572021484375
68.250335	-0.7695242166519165	0.1314990520477295	0.30425453186035156
68.270058	-1.0794168710708618	-0.04985785484313965	0.8903293609619141
68.290083	-0.9366813898086548	-0.8836258053779602	0.7493324279785156
68.309987	-0.8822356462478638	-1.5909897089004517	0.623896598815918
68.330321	-0.6303162574768066	-1.4290688037872314	0.2973642349243164
68.349982	-0.4463784694671631	-1.4170007705688477	-0.23230552673339844
68.370072	-0.20368146896362305	-1.3164734840393066	-0.5305185317993164
68.389994	-0.3233151435852051	-1.0003777742385864	-1.3391695022583008
68.410265	-0.2736433744430542	-0.9489415287971497	-1.5549287796020508
68.430235	-0.25177180767059326	-0.7224478721618652	-1.531041145324707
68.450002	-0.08834481239318848	-0.3692740201950073	-1.4159870147705078
68.470076	0.10328781604766846	-0.412589430809021	-0.8094463348388672
68.490036	0.2837371826171875	-0.5576615333557129	-0.7316055297851563
68.510335	0.24237287044525146	-0.4253842830657959	-0.5961875915527344
68.530284	0.05402064323425293	-0.8237876296043396	-0.4701414108276367
68.550022	-0.05312049388885498	-0.8315913081169128	-0.41983509063720703
68.570061	-0.14061224460601807	-0.6567155122756958	-0.08997917175292969
68.590063	-0.21189332008361816	-0.6534956693649292	0.33838939666748047
68.610039	-0.3786062002182007	-0.5446971654891968	0.4903135299682617
68.630214	-0.526187539100647	-0.3398172855377197	0.3324718475341797
68.650226	-0.39093148708343506	-0.15102505683898926	-0.011530876159667969
68.670047	-0.20378780364990234	-0.09171581268310547	-0.15561962127685547
68.690052	-0.13391923904418945	0.020820260047912598	0.06494331359863281
68.71003	-0.09254741668701172	0.21508538722991943	0.38231849670410156
68.729971	-0.16444993019104004	0.37040114402770996	0.3609018325805664
68.749999	-0.2004152536392212	0.13100206851959229	0.10420989990234375
68.770055	-0.17117488384246826	-0.10613656044006348	-0.13538742065429688
68.790306	-0.10309255123138428	0.019242167472839355	-0.3869609832763672
68.810376	-0.11155962944030762	0.2121257781982422	-0.5562963485717773
68.830074	-0.11179554462432861	0.3943434953689575	-0.8397712707519531
68.850004	-0.20125412940979004	0.40160179138183594	-1.0420360565185547
68.870059	-0.23829245567321777	0.4495105743408203	-1.0358495712280273
68.890082	-0.2851841449737549	0.41904687881469727	-0.9129266738891602
68.910295	-0.45361220836639404	0.148148775100708	-0.4862556457519531
68.929969	-0.4614293575286865	0.0779719352722168	-0.3355560302734375
68.950059	-0.42551565170288086	0.07485651969909668	-0.47342395782470703
68.969994	-0.4583035707473755	0.03888964653015137	-0.3458871841430664
68.990251	-0.32270145416259766	0.1728503704071045	-0.40583324432373047
69.010326	-0.14330708980560303	0.38198375701904297	-0.46197032928466797
69.030016	-0.10715186595916748	0.4552793502807617	-0.5285863876342773
69.050029	0.07209169864654541	0.3805572986602783	-0.2748680114746094
69.070067	0.19876015186309814	0.45230698585510254	0.0657339096069336
69.090289	0.15110409259796143	0.44858336448669434	0.10900402069091797
69.110026	0.24153757095336914	0.22121524810791016	-0.13537979125976563
69.130016	0.2350928783416748	0.13955271244049072	-0.3306875228881836
69.149997	0.21410727500915527	0.30261826515197754	-0.4974489212036133
69.170362	0.07617306709289551	0.3454843759536743	-0.5140810012817383
