32.680275	0.12150794267654419	0.04077237844467163	-0.08169078826904297
32.700226	0.10131561756134033	0.04753011465072632	-0.16092395782470703
32.720027	0.0028586983680725098	-0.016696572303771973	-0.4477672576904297
32.740306	0.060976505279541016	-0.15063560009002686	-0.29448509216308594
32.760045	0.18603909015655518	-0.19280117750167847	-0.2776193618774414
32.779987	0.08765435218811035	-0.18458831310272217	-0.41080379486083984
32.799997	0.038946449756622314	-0.1356114149093628	-0.31339168548583984
32.819983	0.11801236867904663	-0.0873492956161499	-0.12076854705810547
32.84001	0.15346664190292358	0.04099768400192261	-0.2965669631958008
32.860021	0.10535800457000732	-0.059267282485961914	-0.41204357147216797
32.880431	0.09972482919692993	-0.039981305599212646	-0.29940128326416016
32.900054	0.010764122009277344	-0.10210824012756348	-0.2252511978149414
32.920766	0.08686059713363647	0.01463538408279419	-0.32122802734375
32.940066	0.06969320774078369	-0.09604966640472412	-0.3405599594116211
32.96009	0.19099539518356323	-0.0821535587310791	-0.205413818359375
32.980126	0.11699765920639038	0.01434171199798584	-0.22268962860107422
33.000569	0.01880711317062378	0.08952122926712036	-0.26110363006591797
33.020776	0.07539117336273193	0.09442174434661865	-0.3765449523925781
33.040919	0.09488701820373535	-0.0692400336265564	-0.07265281677246094
33.060279	0.06468260288238525	-0.06398284435272217	-0.07234477996826172
33.080036	0.060271263122558594	-0.042424917221069336	-0.24183368682861328
33.100294	-0.005841970443725586	0.025136291980743408	-0.39322948455810547
33.120522	0.0708513855934143	-0.04945021867752075	-0.4508657455444336
33.140843	0.03913301229476929	-0.043630778789520264	-0.3166637420654297
33.160883	-0.009073197841644287	-0.06787747144699097	-0.18480300903320313
33.179991	0.06702786684036255	-0.007106661796569824	-0.26175785064697266
33.20008	0.07894927263259888	0.06292015314102173	-0.260009765625
33.220291	0.02661609649658203	-8.004903793334961E-4	-0.31809043884277344
33.241752	0.09802651405334473	-0.018457889556884766	-0.2804279327392578
33.260075	0.013944685459136963	-0.003915250301361084	-0.28076171875
33.279996	-0.009706437587738037	-0.015120267868041992	-0.25917911529541016
33.300032	0.07700419425964355	0.030077874660491943	-0.1821603775024414
33.320077	0.08260512351989746	0.09679138660430908	-0.29564571380615234
33.340079	0.075173020362854	0.010518193244934082	-0.2014627456665039
33.360065	0.13494420051574707	-0.05948680639266968	-0.16350078582763672
33.380028	0.06916093826293945	-0.021074533462524414	-0.2390279769897461
33.400035	0.04937714338302612	0.03979545831680298	-0.23938751220703125
33.419996	0.10140126943588257	0.06930047273635864	-0.3732481002807617
33.44298	0.10692965984344482	0.02260953187942505	-0.27811145782470703
33.460067	0.08050298690795898	-0.026944994926452637	-0.18184661865234375
33.480319	-0.0057260990142822266	-0.10948914289474487	-0.2569732666015625
33.499979	0.023584723472595215	0.015359580516815186	-0.2359619140625
33.519976	0.07384401559829712	0.06760430335998535	-0.42777156829833984
33.541554	0.19266235828399658	0.11856645345687866	-0.40763378143310547
33.560225	-0.015923142433166504	0.019552171230316162	-0.4854555130004883
33.580046	0.06377345323562622	0.08961987495422363	-0.46709442138671875
33.599994	0.28418707847595215	0.07608962059020996	-0.22119617462158203
33.620025	0.18178731203079224	-0.06434214115142822	-0.1463336944580078
33.642385	-0.0433884859085083	-0.1563854217529297	-0.12343406677246094
33.66029	0.020438313484191895	-0.04032391309738159	-0.08291339874267578
33.680011	0.0881926417350769	0.009010493755340576	-0.19804859161376953
33.700051	0.24913668632507324	0.05540919303894043	-0.2765483856201172
33.720061	0.17132163047790527	-0.04495799541473389	-0.27627086639404297
33.742462	0.08616596460342407	-0.01262664794921875	-0.31125640869140625
33.759977	0.10858649015426636	-0.1114162802696228	-0.1748208999633789
33.780026	0.22918778657913208	-0.012631058692932129	-0.24934005737304688
33.799985	0.14047300815582275	-0.06805634498596191	-0.1915121078491211
33.820023	0.1320478916168213	-0.049669504165649414	-0.23061180114746094
33.842214	0.13160830736160278	-0.1476803421974182	-0.32435035705566406
33.860292	0.15530961751937866	-0.12401282787322998	-0.26497650146484375
33.880033	0.13013052940368652	-0.1295069456100464	-0.26306915283203125
33.899996	0.14803540706634521	-0.10275530815124512	-0.24288082122802734
33.92031	0.1902952790260315	-0.07355600595474243	-0.2798480987548828
33.942546	0.15284693241119385	-0.0944560170173645	-0.4519624710083008
33.960287	0.14414477348327637	-0.10253983736038208	-0.3351097106933594
33.980062	0.20654112100601196	0.024578094482421875	-0.27841949462890625
33.999981	0.09462624788284302	-0.1559133529663086	-0.3347187042236328
34.020089	0.1969383955001831	-0.06663858890533447	-0.35046863555908203
34.042511	0.16021215915679932	-0.061632513999938965	-0.2570953369140625
34.060059	0.11740225553512573	-0.12298142910003662	-0.10593223571777344
34.07997	0.10508781671524048	-0.14335894584655762	-0.14539623260498047
34.099986	0.03874164819717407	-0.06646132469177246	-0.12713336944580078
34.120071	0.011833608150482178	-0.11392706632614136	-0.18831634521484375
34.140074	0.1660478711128235	-0.060006022453308105	-0.2280139923095703
34.160065	0.19996249675750732	-0.014478802680969238	-0.19088172912597656
34.180473	0.12136369943618774	-0.03417563438415527	-0.3039226531982422
34.200244	0.1255728006362915	0.022996187210083008	-0.2861518859863281
34.220031	0.04039222002029419	-0.03098118305206299	-0.26816749572753906
34.24	0.10989904403686523	-0.08846515417098999	-0.19220829010009766
34.26001	0.06599992513656616	-0.16591882705688477	-0.19058704376220703
34.281197	-0.017630934715270996	-0.15790313482284546	-0.2453746795654297
34.299999	-0.028718411922454834	-0.05412483215332031	-0.2838306427001953
34.320086	0.019116640090942383	-0.04476273059844971	-0.26482486724853516
34.340282	0.09902018308639526	-0.13210207223892212	-0.33995723724365234
34.360073	0.1179966926574707	-0.1695273518562317	-0.3592243194580078
34.380295	0.008211255073547363	-0.09946310520172119	-0.3388671875
34.399983	-0.006580173969268799	-0.11430835723876953	-0.3559532165527344
34.420022	0.02558678388595581	-0.04679083824157715	-0.27707862854003906
34.440026	0.04660600423812866	-0.06752121448516846	-0.3341827392578125
34.459982	0.06045651435852051	-0.07613253593444824	-0.16132354736328125
34.480054	0.16461771726608276	-0.037787437438964844	-0.1836719512939453
34.50024	0.0380864143371582	-0.06242477893829346	-0.28205108642578125
34.520059	-0.011929631233215332	-0.14016252756118774	-0.2812328338623047
34.540082	-0.055971384048461914	-0.1453046202659607	-0.28119468688964844
34.560266	-0.0072980523109436035	-0.18832486867904663	-0.20308399200439453
34.580043	0.06810498237609863	-0.22386908531188965	-0.1055765151977539
34.59998	0.028688490390777588	-0.10055410861968994	-0.12360286712646484
34.620047	0.01554262638092041	-0.08193433284759521	-0.2227182388305664
34.640057	0.030928075313568115	-0.11179256439208984	-0.3772459030151367
34.660046	0.04761570692062378	-0.11568939685821533	-0.37703514099121094
34.680006	0.09208792448043823	-0.10179769992828369	-0.220458984375
34.699976	0.06920754909515381	-0.03425168991088867	-0.2602653503417969
34.719996	0.1514940857887268	-0.033370018005371094	-0.22153472900390625
34.740074	0.0370028018951416	-0.09022665023803711	-0.31908702850341797
34.760048	-0.05497574806213379	-0.17622476816177368	-0.22190093994140625
34.780242	0.03393620252609253	-0.1683698296546936	-0.27913379669189453
34.800002	0.12358379364013672	-0.1295396089553833	-0.2606029510498047
34.820302	0.05394083261489868	-0.1272965669631958	-0.31767749786376953
34.840289	0.0953822135925293	-0.13831138610839844	-0.3927431106567383
34.859991	0.1500307321548462	-0.10792696475982666	-0.27936553955078125
34.880037	0.10062533617019653	-0.17163413763046265	-0.26051902770996094
34.899971	0.09676682949066162	-0.1054689884185791	-0.33452320098876953
34.920016	0.11587518453598022	-0.03492164611816406	-0.2937192916870117
34.94001	0.06987637281417847	-0.030889391899108887	-0.31406688690185547
34.960062	0.05277574062347412	-0.09952843189239502	-0.10410404205322266
34.97997	0.054022014141082764	-0.1348891258239746	-0.3319520950317383
35.000072	0.08985692262649536	-0.11205768585205078	-0.3476991653442383
35.020984	0.08753550052642822	-0.16273713111877441	-0.22736263275146484
35.040231	0.19171035289764404	-0.09383976459503174	-0.014904975891113281
35.060056	0.12484484910964966	-0.11630868911743164	-0.017755508422851563
35.079989	0.04310411214828491	-0.1746044158935547	-0.2502918243408203
35.100246	0.0434345006942749	-0.09710514545440674	-0.3844413757324219
35.122166	0.16008985042572021	-0.1492624282836914	-0.21251678466796875
35.139967	0.21219223737716675	-0.09996533393859863	-0.3119363784790039
35.16011	0.07574319839477539	-0.15583980083465576	-0.35065460205078125
35.180089	-0.04079568386077881	-0.19366097450256348	-0.27016353607177734
35.200619	0.05915313959121704	-0.13960397243499756	-0.3268146514892578
35.22014	0.05303835868835449	-0.0658489465713501	-0.19299030303955078
35.240226	0.06879925727844238	-0.12540948390960693	-0.06308174133300781
35.2604	0.07329672574996948	-0.11115431785583496	-0.2384967803955078
35.280006	0.08167415857315063	-0.06514167785644531	-0.1980752944946289
35.300556	0.029062867164611816	-0.12709009647369385	-0.3137941360473633
35.320199	0.03479820489883423	-0.1928645372390747	-0.3482980728149414
35.340319	0.05795300006866455	-0.1631699800491333	-0.23016357421875
35.360019	0.10325467586517334	-0.18595921993255615	-0.17159366607666016
35.38003	0.1294560432434082	-0.09941184520721436	-0.19310379028320313
35.400154	0.031617164611816406	-0.1671280860900879	-0.34528160095214844
35.420079	0.02258443832397461	-0.11129581928253174	-0.3058176040649414
35.440044	0.026448845863342285	-0.06142544746398926	-0.28536510467529297
35.460022	0.013441503047943115	-0.07678627967834473	-0.30621910095214844
35.480063	0.16360127925872803	-0.2072889804840088	-0.153717041015625
35.500901	0.13806498050689697	-0.11524486541748047	-0.23224163055419922
35.52076	0.01429075002670288	-0.12889468669891357	-0.29117870330810547
35.539995	-0.05603444576263428	-0.11961126327514648	-0.2743062973022461
35.560366	-8.487701416015625E-5	-0.14986634254455566	-0.3880138397216797
35.580645	0.10246431827545166	-5.626678466796875E-4	-0.1587820053100586
35.601118	0.017452359199523926	-0.0478748083114624	-0.1815471649169922
35.620775	-0.006113409996032715	-0.12881529331207275	-0.24116897583007813
35.641517	-0.012991189956665039	-0.17963337898254395	-0.4532308578491211
35.660176	0.023186802864074707	-0.08524811267852783	-0.5665502548217773
35.680073	0.11859780550003052	0.0037578344345092773	-0.35276222229003906
35.700273	6.569623947143555E-4	-0.07281649112701416	-0.23810291290283203
35.720147	0.01439589262008667	-0.08594286441802979	-0.25844860076904297
35.740101	-0.03832632303237915	-0.12439358234405518	-0.24048328399658203
35.760339	-0.03843057155609131	-0.14192569255828857	-0.2812986373901367
35.780044	0.01591956615447998	-0.13453924655914307	-0.07174396514892578
35.800267	-0.05327868461608887	-0.11063730716705322	-0.20734214782714844
35.820313	-0.04402780532836914	-0.05730128288269043	-0.34017372131347656
35.840358	0.0021028518676757813	-0.051956892013549805	-0.3018503189086914
35.860273	0.04594475030899048	-0.10938191413879395	-0.3013935089111328
35.880087	0.06076252460479736	-0.08492577075958252	-0.20661067962646484
35.900033	-0.04196727275848389	-0.053206562995910645	-0.28302669525146484
35.920091	0.05896085500717163	0.05947721004486084	-0.1865673065185547
35.940309	0.002155601978302002	-0.07157754898071289	-0.16771602630615234
35.96	-0.015908777713775635	-0.06324613094329834	-0.3387260437011719
35.980331	0.010331451892852783	-0.03777718544006348	-0.3365964889526367
36.000125	0.0815158486366272	-0.05759692192077637	-0.33369922637939453
36.020078	0.11169618368148804	-0.01658046245574951	-0.17982769012451172
36.039987	0.033295392990112305	-0.007562041282653809	-0.085296630859375
36.060373	-0.0647052526473999	-0.06959307193756104	-0.2212963104248047
36.080066	0.02400362491607666	-0.0625455379486084	-0.29935741424560547
36.099983	0.047292470932006836	-0.01415395736694336	-0.43590736389160156
36.12013	0.061930298805236816	-0.05787253379821777	-0.41872310638427734
36.140104	-0.036855876445770264	-0.06015443801879883	-0.3054056167602539
36.160159	-0.03050518035888672	4.152059555053711E-4	-0.43930816650390625
36.180082	0.01995408535003662	0.07936728000640869	-0.4401588439941406
36.200004	-0.005676209926605225	0.08917295932769775	-0.40131473541259766
36.220031	-0.05553793907165527	0.060277462005615234	-0.32672119140625
36.240056	-0.1287592053413391	0.12675440311431885	-0.34816455841064453
36.260922	-0.15278011560440063	0.1942603588104248	-0.42476558685302734
36.280286	-0.2804635167121887	0.24917316436767578	-0.46381092071533203
36.300334	-0.3756090998649597	0.1615140438079834	-0.38805389404296875
36.320014	-0.4009593725204468	0.14183533191680908	-0.4842557907104492
36.340113	-0.41272473335266113	0.24984729290008545	-0.5212030410766602
36.360009	-0.373626708984375	0.3670138120651245	-0.4234580993652344
36.379999	-0.4187687635421753	0.39023149013519287	-0.27123451232910156
36.399998	-0.5888293981552124	0.3597058057785034	-0.25427913665771484
36.42013	-0.6658064126968384	0.2527925968170166	-0.31116771697998047
36.440093	-0.5612307190895081	0.015386343002319336	0.24739551544189453
36.460255	-0.49836528301239014	0.004209756851196289	0.2906637191772461
36.480009	-0.33115649223327637	0.21475112438201904	0.21920204162597656
36.499962	-0.28850823640823364	0.34434938430786133	0.2049694061279297
36.519971	-0.1653069257736206	0.34344482421875	-0.1342945098876953
36.539976	-0.11878633499145508	0.3588860034942627	-0.20909500122070313
36.560031	-0.1855970025062561	0.2514927387237549	-0.31850242614746094
36.580093	0.3812699317932129	0.518855094909668	-0.3505830764770508
36.600078	0.4541623294353485	0.5134296417236328	-0.3048524856567383
36.620143	0.276478111743927	0.3363969326019287	-0.20256900787353516
36.64012	0.14798468351364136	0.053070664405822754	-0.06387710571289063
36.660084	0.15506619215011597	-0.06756627559661865	0.13115406036376953
36.680044	0.2147868275642395	-0.007013201713562012	-0.18909168243408203
36.700011	0.4533081650733948	0.27176380157470703	-0.39475250244140625
36.720356	0.6394374370574951	0.5726402997970581	-0.4347553253173828
36.740067	0.5190791487693787	0.5447524785995483	-0.3018321990966797
36.760295	0.4939320385456085	0.5833319425582886	-0.35700035095214844
36.780084	0.27589452266693115	0.6331937313079834	-0.4282827377319336
36.800021	0.16532182693481445	0.6593194007873535	-0.3443174362182617
36.820059	0.1898396611213684	0.7016744613647461	-0.45425891876220703
36.84027	0.11470907926559448	0.691176176071167	-0.4907045364379883
36.859956	0.09695827960968018	0.7246878147125244	-0.510930061340332
36.88005	0.5180771350860596	0.6492167711257935	-0.7831830978393555
36.900198	0.516996443271637	0.5665534734725952	-0.8224945068359375
36.921269	0.5420334339141846	0.4819718599319458	-0.7791280746459961
36.940729	0.5692238807678223	0.5839464664459229	-0.6439685821533203
36.959998	0.596907377243042	0.6767787933349609	-0.6061906814575195
36.980005	0.44565343856811523	0.5890927314758301	-0.5307445526123047
37.000333	0.30739837884902954	0.49196720123291016	-0.3234214782714844
37.022444	0.34834927320480347	0.6089581251144409	-0.40194129943847656
37.040022	0.3167145848274231	0.6881577968597412	-0.4801454544067383
37.060098	0.20703798532485962	0.7024885416030884	-0.38309383392333984
37.080097	0.10419440269470215	0.7349058389663696	-0.32031822204589844
37.100001	0.25433290004730225	0.6773720979690552	-0.03329277038574219
37.120423	0.3140617609024048	0.6640878915786743	-0.11565876007080078
37.140047	0.27708572149276733	0.7029848098754883	-0.29291725158691406
37.160096	0.2751111388206482	0.838765025138855	-0.3476877212524414
37.180038	0.4191513657569885	0.7148820161819458	-0.0788736343383789
37.2	0.4523963928222656	0.5487558841705322	0.11289024353027344
37.224516	0.382210373878479	0.5299935340881348	0.2347564697265625
37.240017	0.3711669445037842	0.4777177572250366	0.24277019500732422
37.26005	-0.010302960872650146	0.6749477386474609	0.37229442596435547
37.280092	-0.02449411153793335	0.8205118179321289	0.3220529556274414
37.300251	-0.007892131805419922	0.5697828531265259	0.5658378601074219
37.32319	-0.2770102024078369	-0.6027815341949463	0.8764991760253906
37.340018	-0.31622326374053955	-1.2010254859924316	0.9196739196777344
37.360096	-0.30502742528915405	-1.2641098499298096	0.6359405517578125
37.379969	-0.28167885541915894	-1.12083101272583	0.29825401306152344
37.400068	0.0926312804222107	-0.5289565324783325	-0.3622293472290039
37.419999	0.18047797679901123	-0.36301684379577637	-0.6036233901977539
37.43998	0.06267452239990234	-0.3741943836212158	-0.8279790878295898
37.460021	-0.00919961929321289	-0.5748305320739746	-0.7817201614379883
37.480014	-0.20452958345413208	-0.4968531131744385	-0.5831937789916992
37.499999	-0.46822160482406616	-0.7866023778915405	-0.34864234924316406
37.520039	-0.5189829468727112	-1.1883223056793213	0.16511249542236328
37.539986	-0.24955928325653076	-1.1737202405929565	-0.22234725952148438
37.559983	-0.18391984701156616	-0.8356298208236694	-0.7543830871582031
37.58013	-0.18430989980697632	-0.4604604244232178	-1.2222785949707031
37.600027	-0.13939690589904785	-0.24680399894714355	-1.3659858703613281
37.620113	-0.047246456146240234	-0.03731584548950195	-1.2511205673217773
37.641548	-0.10653668642044067	-0.09236335754394531	-1.2326297760009766
37.660293	-0.08729022741317749	-0.07883131504058838	-1.0422687530517578
37.680052	-0.18731313943862915	0.05020642280578613	-1.0247392654418945
37.700231	-0.10934406518936157	0.24953103065490723	-0.9879217147827148
37.720101	-0.123546302318573	0.20389163494110107	-0.7774934768676758
37.740047	-0.24564707279205322	0.03873586654663086	-0.6111297607421875
37.760043	-0.3264317512512207	-0.02111983299255371	-0.31223201751708984
37.779982	-0.10887289047241211	0.15263617038726807	-0.44595909118652344
37.800022	-0.07474428415298462	0.2485506534576416	-0.5421333312988281
37.822359	-0.14717859029769897	0.19473838806152344	-0.4411506652832031
37.840352	-0.053814470767974854	0.2763652801513672	-0.32566261291503906
37.860049	-0.08697092533111572	0.2735339403152466	-0.2096881866455078
37.880005	-0.08541876077651978	0.18381381034851074	-0.013540267944335938
37.900131	-0.11172336339950562	0.12135732173919678	0.14765167236328125
37.920102	-0.03644883632659912	0.1087256669998169	0.5773649215698242
37.940049	-0.01723623275756836	0.380403995513916	0.8033981323242188
37.960046	-0.0025430917739868164	0.47132325172424316	1.1015806198120117
37.980045	0.06633508205413818	0.20342612266540527	1.2964200973510742
38.00027	0.20065218210220337	-0.30127406120300293	1.3153505325317383
38.020101	0.28976666927337646	-0.6930239200592041	1.3302698135375977
38.04004	0.3525848388671875	-0.9584344625473022	1.1779470443725586
38.060035	0.138633131980896	-0.8444397449493408	0.7381868362426758
38.080399	0.24274802207946777	-0.4655386209487915	0.2461090087890625
38.100045	0.5812687277793884	-0.22940146923065186	-0.07510662078857422
38.119986	0.869019091129303	-0.3044009208679199	-0.011321067810058594
38.140373	0.8912433385848999	-0.6190621852874756	0.14001846313476563
38.160007	0.7250129580497742	-0.7493507862091064	0.06748294830322266
38.180071	0.3888428807258606	-0.9688984155654907	-0.037627220153808594
38.200005	0.0497056245803833	-1.1098008155822754	-0.3938331604003906
38.220046	-0.05011749267578125	-0.7491382360458374	-1.0599308013916016
38.24028	-0.037127137184143066	-0.37395572662353516	-1.722482681274414
38.260067	0.05932462215423584	0.0690610408782959	-2.0634446144104004
38.279967	0.22990214824676514	0.14671730995178223	-1.8340959548950195
38.300025	0.18463575839996338	0.06179070472717285	-1.6459808349609375
38.320092	0.13774538040161133	-0.07569575309753418	-1.3661270141601563
38.340311	0.21597087383270264	-0.09309935569763184	-1.3923215866088867
38.360351	0.5312210917472839	0.013007164001464844	-1.185318946838379
38.380026	0.6234050393104553	0.17466068267822266	-0.9754238128662109
38.400013	0.41925644874572754	0.31190037727355957	-0.9037704467773438
38.420319	0.43074899911880493	0.5304522514343262	-0.6983051300048828
38.440042	0.4286385178565979	0.6363797187805176	-0.6624622344970703
38.460233	0.40480583906173706	0.551166296005249	-0.45298004150390625
38.480017	0.3900112509727478	0.43590807914733887	0.04498767852783203
38.499987	0.1691509485244751	0.22356057167053223	0.5397653579711914
38.520024	0.1223365068435669	0.14951610565185547	0.9572954177856445
38.540267	0.21500277519226074	0.14615249633789063	1.2960491180419922
38.56001	0.32045912742614746	0.3863344192504883	1.3713207244873047
38.579983	0.08892035484313965	0.2837221622467041	1.979264259338379
38.600293	-0.15623271465301514	-0.07162797451019287	2.1894922256469727
38.620083	-0.27276456356048584	-0.5614460706710815	2.315972328186035
38.640045	-0.3698139190673828	-1.2700854539871216	1.895212173461914
38.660099	-0.30459702014923096	-0.7559095621109009	-0.10545730590820313
38.680073	-0.3302222490310669	-0.10129058361053467	-0.5553321838378906
38.700058	-0.4031095504760742	0.3103456497192383	-0.6607542037963867
38.723075	-1.0476435422897339	0.0677025318145752	-0.22313690185546875
38.739987	-0.9829462766647339	-0.15066075325012207	-0.10347366333007813
38.75998	-0.8446699380874634	-0.5059505701065063	-0.03045177459716797
38.780144	-0.7923760414123535	-0.9961332082748413	0.28853607177734375
38.799977	-0.6562748551368713	-1.846937894821167	-0.12424182891845703
38.82006	-0.24347126483917236	-1.5621693134307861	-1.1244306564331055
38.840041	0.08836495876312256	-0.9305641651153564	-2.1742024421691895
38.860022	0.23375892639160156	-0.36251747608184814	-2.6984119415283203
38.879996	0.13136142492294312	0.22276878356933594	-2.7089366912841797
38.90024	-0.004334151744842529	0.2876100540161133	-2.305732250213623
38.922098	-0.08984911441802979	0.20862531661987305	-1.8377361297607422
38.940039	-0.27200353145599365	-0.1308612823486328	-1.2431297302246094
38.960058	-0.2715216875076294	-0.1146690845489502	-0.9956331253051758
38.980059	-0.3517880439758301	-0.05599331855773926	-0.8045263290405273
38.999989	-0.3503601551055908	-0.12048542499542236	-0.7203769683837891
39.020113	-0.2626805901527405	0.10553884506225586	-0.44942283630371094
39.040025	-0.08380591869354248	0.35216307640075684	-0.30375003814697266
39.060105	-0.039071738719940186	0.49379539489746094	0.026206016540527344
39.080031	-0.08811432123184204	0.40876007080078125	0.1995553970336914
39.100013	-0.05494105815887451	0.2758634090423584	0.1414632797241211
39.120134	-0.05227220058441162	0.0629432201385498	0.3925790786743164
39.140065	-0.3647162914276123	-0.1481916904449463	0.8646354675292969
39.160067	-0.4348302483558655	0.4482254981994629	1.4741878509521484
39.180257	-0.3775950074195862	0.05996227264404297	1.6876964569091797
39.200011	-0.06878119707107544	-0.34485578536987305	1.6218814849853516
39.220116	0.2490634322166443	-0.8392422199249268	1.6862115859985352
39.2401	0.1799156665802002	-0.8237208127975464	1.5093307495117188
39.260255	0.2724611163139343	-0.260282039642334	1.3025522232055664
39.280051	0.410439133644104	0.18070173263549805	0.8584575653076172
39.3	0.5744524002075195	0.009755730628967285	0.4493389129638672
39.322029	0.7508826851844788	-0.5169839859008789	0.5415735244750977
39.340058	0.788735568523407	-0.6372324228286743	0.3702373504638672
39.360077	0.5493907928466797	-0.7792811393737793	-0.0062122344970703125
39.380052	-0.33665597438812256	-1.0180964469909668	-0.6881580352783203
39.39999	-0.41195929050445557	-0.8067951202392578	-1.5823001861572266
39.420091	-0.2580721378326416	-0.3125225305557251	-2.273189067840576
39.440056	-0.15492236614227295	0.07166063785552979	-2.6769676208496094
39.45998	0.09014260768890381	0.2652754783630371	-2.8119049072265625
39.480094	0.12750595808029175	0.33510398864746094	-2.423640727996826
39.500261	0.23942989110946655	0.4016752243041992	-2.168928623199463
39.520353	0.22949713468551636	0.3533816337585449	-1.9572501182556152
39.54001	0.12435668706893921	0.2187880277633667	-1.5599451065063477
39.560083	0.25146573781967163	0.1399930715560913	-1.253793716430664
39.580322	0.40999794006347656	0.19250261783599854	-0.8520298004150391
39.601026	0.43319177627563477	0.40294456481933594	-0.7326078414916992
39.620223	0.5114254951477051	0.5999698638916016	-0.5934314727783203
39.640032	0.418814480304718	0.7193605899810791	-0.2896099090576172
39.660087	0.20759332180023193	0.6124544143676758	0.013110160827636719
39.680027	0.10112279653549194	0.22706246376037598	1.1557636260986328
39.70002	0.15125352144241333	0.24628674983978271	1.551377296447754
39.721736	0.22618716955184937	0.7167766094207764	1.9092941284179688
39.740124	0.18603485822677612	0.726525068283081	2.301973342895508
39.760317	-0.33849966526031494	-0.7644808292388916	2.8473358154296875
39.78032	-0.6313197612762451	-1.4112279415130615	2.770975112915039
39.800393	-0.633390486240387	-1.0977115631103516	1.6478757858276367
39.820141	-0.6610615253448486	0.17342305183410645	0.5214033126831055
39.840006	-0.7668918371200562	0.2705068588256836	0.4315624237060547
39.860379	-0.9266248941421509	0.15298211574554443	0.24250221252441406
39.879995	-1.0643415451049805	0.09521746635437012	0.3017396926879883
39.900007	-0.8227118253707886	-0.5505092144012451	0.3855562210083008
39.920005	-0.8786493539810181	-1.0939466953277588	0.19338130950927734
39.940007	-0.743012011051178	-1.3185961246490479	-0.3030891418457031
39.960151	-0.3494216203689575	-1.309629201889038	-1.2057762145996094
39.980015	0.12433648109436035	-0.4824131727218628	-2.785210609436035
40.000015	0.1937524676322937	-0.08579659461975098	-3.283963680267334
40.020027	0.09971022605895996	0.26111555099487305	-3.1913228034973145
40.040002	0.042450666427612305	0.48052287101745605	-2.8049230575561523
40.06008	-0.19180327653884888	0.18725848197937012	-2.159949779510498
40.080019	-0.34654927253723145	-0.03611278533935547	-1.8620147705078125
40.100025	-0.3180800676345825	-0.07655525207519531	-1.4996767044067383
40.12095	-0.38877594470977783	-0.15922188758850098	-0.6127138137817383
40.14003	-0.29822051525115967	-0.09089112281799316	-0.2090301513671875
40.160066	-0.17036586999893188	0.07993936538696289	-0.2474231719970703
40.180038	-0.007431626319885254	0.22684764862060547	-0.41480350494384766
40.200005	0.09489905834197998	0.4479649066925049	-0.2357187271118164
40.22002	0.05681532621383667	0.45295190811157227	-0.16490554809570313
40.240022	-0.04335010051727295	0.4147484302520752	0.1957845687866211
40.26034	-0.15047413110733032	0.7702615261077881	0.8903474807739258
40.280029	0.13931912183761597	1.180727481842041	1.254054069519043
40.300002	-0.08280074596405029	0.513636589050293	1.4645366668701172
40.32006	-0.24330461025238037	-0.32399415969848633	1.7117643356323242
40.340037	2.6923418045043945E-4	-1.496535062789917	2.2281999588012695
40.359991	0.08513301610946655	-1.2063822746276855	2.1658096313476563
40.380036	0.1696380376815796	-0.4878830909729004	1.7473459243774414
40.400049	0.20239514112472534	0.16518878936767578	1.261286735534668
40.420058	0.7325728535652161	0.02916431427001953	0.2565584182739258
40.440024	0.8806729912757874	-0.20684826374053955	0.32936763763427734
40.46003	0.8365692496299744	-0.48785507678985596	0.3058967590332031
40.480227	0.6287606358528137	-0.7368613481521606	0.08050251007080078
40.499994	0.19579178094863892	-1.035271406173706	-0.5289678573608398
40.520036	0.03406667709350586	-0.7642714977264404	-1.0709037780761719
40.540035	0.006744265556335449	-0.5231260061264038	-1.8424978256225586
40.559987	0.04017961025238037	0.007769584655761719	-3.061556339263916
40.580055	0.13589096069335938	0.2511904239654541	-2.9861130714416504
40.599993	0.20465385913848877	0.29192066192626953	-2.8147172927856445
40.621323	0.2695547938346863	0.23463129997253418	-2.4005231857299805
40.640264	0.10845398902893066	0.006127834320068359	-1.8012313842773438
40.660195	-0.006560087203979492	0.06648063659667969	-1.6442317962646484
40.680064	0.08834528923034668	0.13905119895935059	-1.4832220077514648
40.700022	0.3297445774078369	0.18203043937683105	-1.0019254684448242
40.720084	0.4641910791397095	0.39071059226989746	-0.7356805801391602
40.740357	0.4560815691947937	0.5916197299957275	-0.5329418182373047
40.761052	0.3138483166694641	0.5721962451934814	-0.35135364532470703
40.780959	0.42237257957458496	-0.052824974060058594	0.7056636810302734
40.800002	0.4456372857093811	-0.21960031986236572	1.4538421630859375
40.820077	0.3053666353225708	4.820823669433594E-4	1.8026275634765625
40.84	0.03663593530654907	0.12335419654846191	2.1718902587890625
40.860375	-0.04491376876831055	-0.5222276449203491	2.6487035751342773
40.880018	-0.05588024854660034	-0.6510827541351318	2.631467819213867
40.899986	-0.14550858736038208	-0.793735146522522	2.469463348388672
40.921007	-0.4285297989845276	0.12278616428375244	1.5428285598754883
40.940025	-0.6528935432434082	0.26108109951019287	1.4082183837890625
40.960024	-0.84981369972229	0.1498103141784668	1.271418571472168
40.979999	-1.0628794431686401	-0.049364566802978516	1.1237068176269531
41.000006	-0.7271155118942261	-0.6747567653656006	0.6981306076049805
41.020048	-0.5624268054962158	-0.9755663871765137	0.11549186706542969
41.040043	-0.4254111051559448	-1.1447765827178955	-0.7105159759521484
41.060263	-0.17230498790740967	-0.9153299331665039	-1.8151397705078125
41.079979	0.20785784721374512	-0.40879762172698975	-2.8183202743530273
41.099987	0.2291734218597412	-0.1131429672241211	-2.924381732940674
41.120042	0.19895148277282715	-0.026957273483276367	-2.9891295433044434
41.140068	0.13852137327194214	-0.021357059478759766	-2.960273265838623
41.160012	0.03474456071853638	0.11699247360229492	-2.414088249206543
41.180045	-0.1048882007598877	8.432865142822266E-4	-2.1816792488098145
41.200019	-0.12769848108291626	0.004452943801879883	-1.8061027526855469
41.220203	-0.10279124975204468	-0.13830018043518066	-0.967010498046875
41.240038	-0.16340047121047974	-0.08478736877441406	-0.5258216857910156
41.26026	-0.2064414620399475	0.02016162872314453	-0.4089488983154297
41.280054	-0.18416190147399902	0.19151663780212402	-0.331817626953125
41.299989	-0.07650375366210938	0.25896310806274414	0.06740856170654297
41.320755	-0.04557901620864868	0.40397024154663086	0.008394241333007813
41.339986	-0.05803889036178589	0.4228816032409668	0.16680145263671875
41.360042	-0.08991128206253052	0.3097953796386719	0.4942779541015625
41.379985	-0.4717431664466858	0.39873766899108887	1.0578250885009766
41.399966	-0.146229088306427	0.628544807434082	1.1199111938476563
41.420031	0.02602100372314453	0.24538230895996094	1.139073371887207
41.440264	0.333473265171051	-0.5133020877838135	1.39361572265625
41.460186	0.5334469676017761	-0.6340973377227783	1.4546661376953125
41.480069	0.5848383903503418	-0.4286961555480957	1.3317089080810547
41.50021	0.6437864899635315	-0.11452245712280273	1.2325458526611328
41.52083	0.7364517450332642	0.018763065338134766	1.488621711730957
41.540024	0.788813054561615	-0.1710902452468872	1.4905281066894531
41.560284	0.7968817353248596	-0.4515029191970825	1.3344745635986328
41.580019	0.6380941271781921	-0.9157918095588684	0.9439420700073242
41.600043	0.024790406227111816	-0.9579707384109497	-0.4135732650756836
41.620012	-0.2381543517112732	-0.6492801904678345	-1.4940385818481445
41.639972	-0.3423166275024414	-0.11128354072570801	-2.4222493171691895
41.660102	-0.22646594047546387	0.546061635017395	-3.5094032287597656
41.680062	-0.0887594223022461	0.5385211706161499	-3.6970529556274414
41.700031	0.18690723180770874	0.73313307762146	-3.552915573120117
41.720054	0.4587797522544861	0.8461647033691406	-3.1335644721984863
41.740031	0.28893035650253296	0.7463185787200928	-1.7172842025756836
41.760283	-0.12091970443725586	0.4202902317047119	-1.249685287475586
41.78002	-0.17396044731140137	0.379624605178833	-0.8677806854248047
41.799995	-0.06459736824035645	0.496335506439209	-0.6581315994262695
41.821201	0.010722756385803223	0.3727121353149414	-0.31154441833496094
41.840012	0.1621440052986145	0.47025060653686523	-0.21202468872070313
41.860032	0.18872225284576416	0.4270505905151367	0.2563161849975586
41.880008	-0.052469730377197266	0.43340301513671875	0.45409584045410156
41.899994	-0.1654149293899536	0.2908055782318115	0.9522132873535156
41.921244	0.06638467311859131	0.5013060569763184	1.0844612121582031
41.940043	0.16877472400665283	0.9959726333618164	1.3263435363769531
41.960021	0.3859097361564636	0.23038983345031738	2.5928573608398438
41.980447	0.45499634742736816	-0.4206653833389282	2.905160903930664
41.999986	0.28409361839294434	-0.9586676359176636	2.4411697387695313
42.020946	0.003930628299713135	-0.858659029006958	1.7361822128295898
42.040052	-0.5368614196777344	0.43762850761413574	0.6625204086303711
42.060085	-1.0079078674316406	0.501624345779419	0.8182830810546875
42.080966	-1.3230963945388794	0.07930850982666016	0.9319591522216797
42.100216	-1.2893668413162231	-0.4213629961013794	0.8151445388793945
42.120223	-0.8097906112670898	-1.18406343460083	0.14249706268310547
42.140459	-0.429455041885376	-1.3049969673156738	-0.6874608993530273
42.160754	-0.0706179141998291	-1.348731279373169	-1.5467491149902344
42.181061	0.5057234764099121	-0.8479468822479248	-2.981640338897705
42.200919	0.5368394255638123	-0.5376867055892944	-3.1277241706848145
42.220115	0.32883769273757935	-0.43149852752685547	-3.0649914741516113
42.240093	0.28912949562072754	-0.16504192352294922	-3.142225742340088
42.26028	0.5209507942199707	0.7816529273986816	-2.8718366622924805
42.280054	0.37485986948013306	0.6199109554290771	-2.529116630554199
42.300075	0.09275537729263306	0.40698909759521484	-1.993363857269287
42.320091	-0.15291357040405273	0.32213377952575684	-1.5801877975463867
42.340017	-0.1748563051223755	0.3478879928588867	-0.845088005065918
42.360071	-0.33169394731521606	0.10496735572814941	-0.28625965118408203
42.380118	-0.3068082332611084	-0.07939648628234863	0.1189565658569336
42.400435	-0.10515230894088745	-0.0060346126556396484	0.5132131576538086
42.420098	-0.11821377277374268	0.31555771827697754	0.3420677185058594
42.440144	-0.057425856590270996	0.5422117710113525	0.33318328857421875
42.460146	-0.057509779930114746	0.43213868141174316	0.7303237915039063
42.480452	0.18696576356887817	1.0632901191711426	1.5828399658203125
42.500306	0.39645567536354065	0.4577193260192871	1.740060806274414
42.520095	0.5803285837173462	0.09183669090270996	2.0407791137695313
42.540019	0.6058858633041382	-0.47940683364868164	2.4221315383911133
42.559988	0.42701709270477295	-0.784022331237793	2.1932849884033203
42.579996	0.713594913482666	-0.06825447082519531	1.765152931213379
42.599979	0.8887805342674255	0.1689770221710205	1.5517940521240234
42.620026	1.0785908699035645	-0.2401653528213501	1.1395759582519531
42.639962	1.0954492092132568	-0.430908203125	0.8978261947631836
42.660056	0.687894880771637	-0.9698095321655273	0.5420417785644531
42.680054	0.2693065404891968	-1.1774623394012451	-0.0951700210571289
42.700018	-0.7672253251075745	-0.9061046838760376	-1.8878087997436523
42.720075	-0.8682800531387329	-0.3746105432510376	-2.8558921813964844
42.740074	-0.7693224549293518	0.1896038055419922	-3.421570301055908
42.760005	-0.567180871963501	0.41071224212646484	-3.5460376739501953
42.780061	-0.28062868118286133	0.7660081386566162	-3.570071220397949
42.800074	-0.04789316654205322	0.8333398103713989	-3.4531803131103516
42.820133	0.130609929561615	0.9684112071990967	-2.852235794067383
42.840473	0.14479345083236694	1.051776647567749	-1.8182239532470703
42.860238	-0.07559621334075928	0.6573636531829834	-1.1591310501098633
42.879956	-0.22043466567993164	0.47780752182006836	-0.9288797378540039
42.900089	-0.20702111721038818	0.37497568130493164	-0.6597728729248047
42.92012	-0.07575702667236328	0.2952568531036377	0.23259925842285156
42.940034	-0.23709475994110107	0.19436168670654297	0.6630849838256836
42.960085	-0.2984490394592285	0.16602087020874023	1.0354652404785156
42.980251	-0.21351122856140137	0.24593877792358398	1.4547910690307617
42.999991	0.06500458717346191	1.1272292137145996	1.9000616073608398
43.020299	0.04169356822967529	0.8461136817932129	2.0979537963867188
43.040067	-0.22240722179412842	-0.09543228149414063	2.6270360946655273
43.060012	-0.2067636251449585	-1.1882685422897339	2.5436487197875977
43.080271	-0.0457533597946167	-0.4632441997528076	1.8517074584960938
43.100015	-0.18105685710906982	0.33593618869781494	1.4172124862670898
43.120324	-0.4836764335632324	0.5097861289978027	1.419036865234375
43.14002	-1.2026879787445068	-0.436989426612854	1.4100093841552734
43.15998	-1.2781997919082642	-0.8412637710571289	1.2707710266113281
43.180042	-1.0805299282073975	-1.116904377937317	0.9369392395019531
43.200275	-0.7985700368881226	-1.2222813367843628	0.27179431915283203
43.220208	-0.15665078163146973	-0.9886746406555176	-1.9779400825500488
43.240111	0.32051753997802734	-0.6503400802612305	-2.9965415000915527
43.260093	0.6021912097930908	-0.35222530364990234	-3.6404037475585938
43.280059	0.5480492115020752	0.059545040130615234	-3.7379188537597656
43.300009	0.5167232751846313	0.15667390823364258	-3.161933422088623
43.321224	0.5059018135070801	0.21797609329223633	-2.472357749938965
43.340104	0.44546982645988464	0.3652470111846924	-2.1796698570251465
43.360008	0.4092680811882019	0.48613905906677246	-2.0773701667785645
43.38006	0.2321997880935669	0.43874144554138184	-1.8404121398925781
43.400008	0.07576018571853638	0.3281080722808838	-1.4422473907470703
43.420255	-0.008463442325592041	0.18309473991394043	-0.9289426803588867
43.439994	-0.030349016189575195	0.1649923324584961	-0.31646728515625
43.460004	-0.10203379392623901	0.21632790565490723	-0.027341842651367188
43.480089	-0.21678310632705688	0.2172234058380127	0.40834999084472656
43.499994	-0.31138521432876587	0.204146146774292	0.6513824462890625
43.52006	-0.24137979745864868	0.6429979801177979	1.0594549179077148
43.539985	0.3422599136829376	1.0828161239624023	1.1092252731323242
43.560006	0.32861804962158203	0.5672013759613037	1.3387880325317383
43.580031	-0.12538886070251465	-0.8131955862045288	2.700611114501953
43.599974	-0.19951677322387695	-1.2333883047103882	2.925248146057129
43.620276	-0.12568265199661255	-0.9415749311447144	2.450275421142578
43.64025	0.2986006736755371	0.004729747772216797	1.894303321838379
43.659992	1.0526633262634277	-0.06458449363708496	1.4854822158813477
43.68006	1.0595850944519043	-0.31437885761260986	1.5348854064941406
43.700001	0.8953695893287659	-0.7208260297775269	1.3154230117797852
43.720105	0.6556241512298584	-0.9737555980682373	0.8516664505004883
43.740365	0.03372550010681152	-0.9792959690093994	-0.3890247344970703
43.76013	-0.23121976852416992	-0.7731640338897705	-1.381760597229004
43.780024	-0.2537921667098999	-0.40359365940093994	-2.3505988121032715
43.799996	-0.1560063362121582	0.4149022102355957	-3.7762393951416016
43.822457	-0.20242226123809814	0.40235769748687744	-3.6306591033935547
43.840073	-0.15884745121002197	0.40862035751342773	-3.4025068283081055
43.860347	0.023583173751831055	0.5960493087768555	-3.113420009613037
43.880011	0.0483705997467041	0.5098896026611328	-2.3120551109313965
43.899994	-0.057703495025634766	0.4074838161468506	-1.9028429985046387
43.921952	-0.06325960159301758	0.35501837730407715	-1.4744482040405273
43.940238	-0.00410616397857666	0.4149589538574219	-1.121042251586914
43.96003	0.32880330085754395	0.6790034770965576	-0.8633575439453125
43.980057	0.30620670318603516	0.9404635429382324	-0.603785514831543
44.000184	0.14116919040679932	0.8765480518341064	-0.16310882568359375
44.02244	-0.12299108505249023	0.32002782821655273	0.8962182998657227
44.040035	-0.10134255886077881	0.0721278190612793	1.3759794235229492
44.059974	-0.0687483549118042	0.44857335090637207	1.7060422897338867
44.080004	-0.10436546802520752	0.934826135635376	1.9810762405395508
44.100261	-0.2782447338104248	-0.20303642749786377	2.7830629348754883
44.120011	-0.2742455005645752	-0.728950023651123	2.6426048278808594
44.140014	-0.12178254127502441	-0.567057728767395	1.6718177795410156
44.160426	0.013113856315612793	0.36768031120300293	0.6753997802734375
44.180038	-0.6547138690948486	1.1908423900604248	0.804652214050293
44.200685	-1.1092649698257446	0.6140170097351074	0.9389925003051758
44.220353	-1.5321027040481567	-0.12670636177062988	1.2450075149536133
44.240071	-1.384786605834961	-1.4166443347930908	1.3186073303222656
44.260005	-0.627586841583252	-1.4534235000610352	0.2919445037841797
44.280433	-0.0183640718460083	-1.3875374794006348	-0.931239128112793
44.300304	0.519394040107727	-1.0759223699569702	-2.193411350250244
44.320433	1.1144267320632935	-0.015053391456604004	-3.595412254333496
44.3411	0.9238377213478088	0.18141818046569824	-3.4041147232055664
44.360057	0.6745682954788208	0.2699260711669922	-3.111396312713623
44.380071	0.555357038974762	0.4587287902832031	-2.8259735107421875
44.400007	0.20824569463729858	0.6560373306274414	-2.4712390899658203
44.420057	0.004460632801055908	0.49106407165527344	-2.0836005210876465
44.44002	-0.17507058382034302	0.17847084999084473	-1.537297248840332
44.460019	-0.5338459610939026	-0.5365400314331055	-0.3807249069213867
44.480021	-0.5652809739112854	-0.585362434387207	-0.04807758331298828
44.500319	-0.475178599357605	-0.36735963821411133	-0.24686336517333984
44.520131	-0.3006324768066406	-0.009350299835205078	-0.43706703186035156
44.541098	-0.10626864433288574	0.5050075054168701	-0.024870872497558594
44.560105	-0.15353155136108398	0.7284244298934937	0.14391136169433594
44.580063	-0.32326942682266235	0.9344182014465332	0.36726856231689453
44.600019	-0.6058710813522339	0.8550572395324707	0.6824064254760742
44.620392	-0.6319541335105896	1.2153990268707275	1.4272241592407227
44.640132	-0.4148300290107727	0.9934477806091309	1.5392465591430664
44.65999	-0.31146836280822754	0.4844919443130493	1.4918832778930664
44.680048	-0.15346026420593262	-0.2616976499557495	1.6681184768676758
44.700103	-0.11015069484710693	-0.40351438522338867	1.6131629943847656
44.720076	0.15155863761901855	0.01910865306854248	1.4500799179077148
44.740097	0.5165095329284668	0.5056716203689575	1.2345457077026367
44.760323	0.9710716605186462	0.09676229953765869	0.9970035552978516
44.780405	1.1555107831954956	-0.11674058437347412	0.7026796340942383
44.800014	1.1022533178329468	-0.41126716136932373	0.3892993927001953
44.820093	0.7977242469787598	-0.7710191011428833	-0.06844615936279297
44.840167	-0.09156203269958496	-1.4000149965286255	-0.2493581771850586
44.860002	-0.5688642263412476	-1.2588608264923096	-1.1206731796264648
44.879971	-0.8225641250610352	-0.7260197401046753	-2.071657657623291
44.900053	-0.6214325428009033	0.36283957958221436	-3.5019445419311523
44.920257	-0.4115203619003296	0.46416008472442627	-3.4216132164001465
44.940117	-0.1971435546875	0.6756958961486816	-3.12907075881958
44.960228	0.09126830101013184	0.8173710107803345	-2.908785820007324
44.980008	0.15790563821792603	0.8797509670257568	-2.1675238609313965
44.999967	0.041721224784851074	0.7455743551254272	-1.866011619567871
45.019994	0.07580626010894775	0.6795991659164429	-1.339101791381836
45.040109	0.15818297863006592	0.5909583568572998	-0.7820272445678711
45.059996	-0.0938030481338501	0.3260921239852905	-0.5723848342895508
45.08005	-6.22868537902832E-4	0.2335057258605957	-0.3665647506713867
45.100008	0.08206498622894287	0.13241589069366455	-0.13247013092041016
45.120009	0.2755320072174072	-0.12661504745483398	0.538762092590332
45.139985	0.19867920875549316	-0.22915613651275635	1.3623380661010742
45.160359	0.03857386112213135	0.017270326614379883	1.7986574172973633
45.180105	0.023419618606567383	0.5675296783447266	1.826024055480957
45.20005	-0.0871964693069458	-0.02009725570678711	1.6359872817993164
45.2201	-0.2382795810699463	-0.4896935224533081	1.5939264297485352
45.240376	-0.045494914054870605	-0.8289903402328491	1.7819881439208984
45.260043	-0.16173315048217773	-0.12315809726715088	1.638880729675293
45.28006	-1.001341462135315	0.9438109397888184	2.0076255798339844
45.300017	-1.425179123878479	0.4190480709075928	2.1765432357788086
45.320008	-1.7268450260162354	-0.14330518245697021	2.4881515502929688
45.340064	-1.164631724357605	-1.2466225624084473	1.8015861511230469
45.360023	-0.6785979270935059	-1.4722849130630493	0.8054285049438477
45.3801	-0.23063898086547852	-1.532362461090088	-0.3471517562866211
45.400051	0.180037260055542	-1.2845369577407837	-1.5510435104370117
45.420584	0.8548576831817627	-0.022618651390075684	-3.469082832336426
45.44	1.0091432332992554	0.30784928798675537	-3.65773868560791
45.459975	0.9986671209335327	0.368178129196167	-3.61728572845459
45.480103	0.9355367422103882	0.4484121799468994	-3.5051326751708984
45.50001	0.5976049900054932	0.3520939350128174	-2.7067441940307617
45.520066	0.3548187017440796	0.11264657974243164	-2.350593090057373
45.540073	0.1403045654296875	-0.0016527175903320313	-2.0449986457824707
45.560738	0.0747901201248169	-0.2028980255126953	-1.3226690292358398
45.580108	0.11002171039581299	-0.3133072853088379	-0.751739501953125
45.6	0.04542720317840576	-0.4767622947692871	-0.2397136688232422
45.620055	-0.127768874168396	-0.6789839267730713	0.1751565933227539
45.640229	-0.13535821437835693	-0.4643096923828125	0.4754447937011719
45.660602	-0.05705523490905762	-0.37902891635894775	0.40142059326171875
45.680236	0.027073144912719727	0.002417325973510742	0.3709545135498047
45.700203	0.1921008825302124	0.921032190322876	0.4909381866455078
45.720045	0.09994757175445557	0.6799583435058594	1.3270931243896484
45.740062	-0.1314331293106079	-0.43365561962127686	1.9889726638793945
45.760033	-0.08238887786865234	-1.03252112865448	2.2621259689331055
45.78016	0.1493300199508667	-1.0107219219207764	1.7549629211425781
45.800321	0.2829398512840271	0.16792941093444824	1.0435876846313477
45.820091	0.45774245262145996	0.06979250907897949	1.4786243438720703
45.840091	0.5392687916755676	-0.5617413520812988	2.3786840438842773
45.860046	0.17071127891540527	-1.8045320510864258	2.626617431640625
45.880203	0.30515056848526	-1.7434982061386108	2.236037254333496
45.90023	0.21502816677093506	-1.3673455715179443	1.492506980895996
45.920096	0.0939168930053711	-1.1026314496994019	0.33585548400878906
45.940025	0.031037092208862305	-0.25676584243774414	-1.6539201736450195
45.960269	0.08527243137359619	-0.04755270481109619	-2.518521308898926
45.980082	0.06947290897369385	-0.023627281188964844	-2.7860841751098633
46.000017	-0.06054055690765381	0.003663182258605957	-2.6997032165527344
46.020324	0.3364167809486389	0.5047179460525513	-2.358004093170166
46.040065	0.3749452233314514	0.359139084815979	-1.9470839500427246
46.060069	0.4049649238586426	0.1006629467010498	-1.6372509002685547
46.080056	0.3483809232711792	-0.6774581670761108	-1.0000228881835938
46.100034	0.06808531284332275	-0.907223105430603	-0.5684080123901367
46.120095	0.009720921516418457	-1.0034984350204468	-0.3605766296386719
46.140366	0.25361526012420654	-0.933470606803894	-0.059902191162109375
46.160269	0.4133530855178833	-0.6315727233886719	-0.08912372589111328
46.180231	0.40195345878601074	-0.5905594825744629	-0.4171018600463867
46.200365	0.265755295753479	-0.7472397089004517	-0.3047208786010742
46.221136	0.1348344087600708	-0.6068682670593262	-0.7286348342895508
46.240008	0.3507152795791626	0.06067514419555664	-0.8436431884765625
46.26001	0.5276479125022888	1.1526427268981934	-0.9209451675415039
46.280106	0.730372428894043	1.3422577381134033	-0.7412290573120117
46.299995	-0.24448883533477783	-1.0031046867370605	0.9475688934326172
46.320297	-0.484041690826416	-1.70137357711792	1.3511028289794922
46.340048	-0.6873024702072144	-1.8174618482589722	1.4449348449707031
46.360058	-0.5741651058197021	-1.4660924673080444	0.9452104568481445
46.380443	-0.6487958431243896	-0.7966745495796204	0.44756317138671875
46.400003	-0.5936007499694824	-0.49131637811660767	0.3295707702636719
46.422108	-0.4494384527206421	-0.3961977958679199	0.09296607971191406
46.440066	-0.35928893089294434	-0.36301761865615845	-0.20514774322509766
46.459986	-0.2128218412399292	-0.6211060285568237	-0.4203758239746094
46.480125	0.21344232559204102	-0.6302670240402222	-0.3084592819213867
46.499999	0.3702787160873413	-0.5395774245262146	-0.06307792663574219
46.520764	0.11929917335510254	-0.4300888776779175	-0.5485200881958008
46.540046	-0.048955678939819336	-0.4606966972351074	-0.7093744277954102
46.560241	-0.11037147045135498	-0.25266164541244507	-0.6785268783569336
46.58019	-0.07457411289215088	-0.055667996406555176	-0.7390279769897461
46.599979	-0.19804322719573975	-0.17863214015960693	-0.6468353271484375
46.620236	-0.11254227161407471	-0.3666057586669922	-0.5137090682983398
46.640435	-0.2073904275894165	-0.2754918336868286	-0.4354724884033203
46.660638	-0.41263067722320557	-0.36811816692352295	-0.12737369537353516
46.680039	-0.2887953519821167	-0.15568149089813232	0.23720645904541016
46.700079	-0.05548727512359619	-0.06448453664779663	0.11957168579101563
46.720042	0.11833477020263672	-0.24434971809387207	0.07593059539794922
46.740099	-0.15009260177612305	-0.08531665802001953	0.056545257568359375
46.76032	-0.060314059257507324	0.25484275817871094	-0.2902345657348633
46.780208	0.04593920707702637	0.6731476187705994	-0.5769577026367188
46.800004	0.27236413955688477	0.9669561386108398	-0.6099443435668945
46.820919	-0.385372519493103	1.009394645690918	-0.6768627166748047
46.840043	-0.16219019889831543	0.8778884410858154	-0.06911563873291016
46.860067	0.05074584484100342	0.5667147636413574	0.325897216796875
46.880202	-0.061652421951293945	0.28094348311424255	0.026276588439941406
46.900014	0.18121075630187988	0.08535850048065186	-0.11046218872070313
46.920092	0.48397696018218994	0.265218585729599	0.1598806381225586
46.940168	0.4331475496292114	0.1977331042289734	0.043366432189941406
46.960583	0.2655189037322998	0.8771315813064575	-0.3424701690673828
46.980209	0.09335875511169434	0.6182311177253723	-0.48001766204833984
47.000068	0.05401468276977539	0.5212949514389038	-0.10010337829589844
47.020113	0.14014732837677002	0.6857088804244995	0.12473773956298828
