10.320967	0.1363087296485901	-0.011834025382995605	-0.19793319702148438
10.339806	0.08743995428085327	0.019688963890075684	-0.23633480072021484
10.359867	0.10761481523513794	-0.005872607231140137	-0.3310127258300781
10.379861	0.07381373643875122	-0.032872676849365234	-0.3121986389160156
10.400012	0.14537036418914795	-0.002031564712524414	-0.3287067413330078
10.419769	0.11576718091964722	-0.025927305221557617	-0.30788421630859375
10.440141	0.12585753202438354	-0.06355738639831543	-0.1748828887939453
10.459846	0.09990471601486206	-0.005114316940307617	-0.2724418640136719
10.480116	0.1838676929473877	0.03984940052032471	-0.27266693115234375
10.499764	0.15858197212219238	0.037575602531433105	-0.3304443359375
10.519855	0.14414018392562866	0.03273618221282959	-0.3129606246948242
10.540189	0.12795275449752808	-0.009027242660522461	-0.21634578704833984
10.559803	0.1648625135421753	-0.03843522071838379	-0.27239513397216797
10.580056	0.11740809679031372	0.00976109504699707	-0.1761932373046875
10.599847	0.11434167623519897	0.019671916961669922	-0.2345905303955078
10.619791	0.0860946774482727	0.005645275115966797	-0.31295108795166016
10.639817	0.06878918409347534	0.03185570240020752	-0.25638389587402344
10.659818	0.05650407075881958	-0.04460012912750244	-0.23853111267089844
10.679803	0.13924813270568848	0.04368472099304199	-0.23871326446533203
10.699801	0.07878369092941284	0.035666823387145996	-0.35270023345947266
10.71986	0.045827627182006836	0.020762920379638672	-0.36898326873779297
10.739867	0.08548235893249512	-0.08917462825775146	-0.23253726959228516
10.759879	0.10722708702087402	-0.07549095153808594	-0.30801868438720703
10.7798	0.05753821134567261	-0.02438962459564209	-0.2507057189941406
10.800031	0.023447692394256592	-0.032762765884399414	-0.24893760681152344
10.819812	0.05076676607131958	-0.060828566551208496	-0.30914878845214844
10.839876	0.06567752361297607	-0.037262797355651855	-0.2719697952270508
10.859823	0.0716429352760315	-0.05180764198303223	-0.2893037796020508
10.879758	0.09670591354370117	-0.09968340396881104	-0.17225170135498047
10.899808	0.10225826501846313	-0.052734375	-0.24660778045654297
10.920191	0.11691117286682129	-0.054529666900634766	-0.32340145111083984
10.939872	0.09365880489349365	-0.0697336196899414	-0.22869110107421875
10.95977	0.08394074440002441	-0.07748913764953613	-0.26674938201904297
10.979788	0.15162646770477295	-0.06378674507141113	-0.24762439727783203
10.999775	0.10733646154403687	-0.0015499591827392578	-0.32561397552490234
11.019886	0.062336266040802	-0.08461081981658936	-0.36355113983154297
11.04009	0.055012404918670654	-0.10444450378417969	-0.1948690414428711
11.060009	0.06508636474609375	-0.07925093173980713	-0.27144336700439453
11.080117	0.1061200499534607	-0.0358428955078125	-0.1570587158203125
11.099804	0.07856255769729614	-0.04706370830535889	-0.21164608001708984
11.119873	0.04162871837615967	-0.04945266246795654	-0.17281723022460938
11.139832	0.10587722063064575	-0.07703518867492676	-0.15355968475341797
11.159835	0.13431453704833984	-0.08165609836578369	-0.23041439056396484
11.180137	0.10957473516464233	-0.10297226905822754	-0.26580810546875
11.199837	0.03001224994659424	-0.07606112957000732	-0.2482128143310547
11.219856	0.021200895309448242	-0.04916512966156006	-0.26636409759521484
11.239836	0.060790181159973145	-0.049208760261535645	-0.2662324905395508
11.25984	0.1099744439125061	-0.06625425815582275	-0.36315250396728516
11.279845	0.02024155855178833	-0.04642307758331299	-0.1902933120727539
11.299817	0.044535815715789795	-0.06396949291229248	-0.2685279846191406
11.320096	0.04016619920730591	-0.10940217971801758	-0.24862384796142578
11.339875	0.11854404211044312	-0.08679759502410889	-0.2681751251220703
11.360055	0.06452172994613647	-0.056387901306152344	-0.28883934020996094
11.379824	0.040082693099975586	-0.0622403621673584	-0.19077205657958984
11.40003	0.03287404775619507	-0.08633267879486084	-0.19066524505615234
11.420131	0.12148994207382202	-0.1312732696533203	-0.20941829681396484
11.440062	0.09314745664596558	-0.08850467205047607	-0.24933815002441406
11.459836	0.05520838499069214	-0.027862548828125	-0.32643985748291016
11.480076	0.01728767156600952	-0.0015512704849243164	-0.36273670196533203
11.499787	0.07076770067214966	-0.0642772912979126	-0.40055084228515625
11.519802	0.07084959745407104	-0.06332039833068848	-0.4230079650878906
11.539839	0.08464992046356201	-0.1062314510345459	-0.19603919982910156
11.559835	0.03521233797073364	0.001841902732849121	-0.29483509063720703
11.579805	0.03868907690048218	0.014293074607849121	-0.1976633071899414
11.599778	0.020608127117156982	-0.007930994033813477	-0.15876007080078125
11.619861	-0.017145931720733643	-0.10556817054748535	-0.23679447174072266
11.639839	-0.01493847370147705	0.03255271911621094	-0.3891029357910156
11.660083	-0.07897442579269409	0.03265810012817383	-0.44716930389404297
11.680086	-0.08513474464416504	-0.04062151908874512	-0.33162498474121094
11.699788	-0.04228132963180542	-0.03146529197692871	-0.23693275451660156
11.719888	-0.009303569793701172	-0.053807616233825684	-0.23689842224121094
11.739853	-0.036985933780670166	-0.053313374519348145	-0.1802845001220703
11.759889	-0.05375880002975464	0.012592911720275879	-0.23890113830566406
11.780073	0.006611824035644531	-0.04909539222717285	-0.1996479034423828
11.799841	0.01720494031906128	-0.044553160667419434	-0.27603721618652344
11.819792	0.035483598709106445	-0.06042814254760742	-0.25572872161865234
11.839876	0.008546829223632813	-0.021749138832092285	-0.23735618591308594
11.860109	-0.013927638530731201	-0.00406646728515625	-0.29488658905029297
11.879829	-0.006951868534088135	0.0014333724975585938	-0.29378509521484375
11.899806	0.0023151040077209473	-0.031414031982421875	-0.37044239044189453
11.919878	0.05992978811264038	-0.04226815700531006	-0.37177085876464844
11.940108	-0.0502476692199707	0.0184326171875	-0.22169113159179688
11.960167	-0.06006062030792236	-0.0033675432205200195	-0.24132251739501953
11.979828	0.0041838884353637695	0.024906039237976074	-0.2613039016723633
11.999807	0.01656883955001831	0.02076435089111328	-0.2995738983154297
12.020028	-0.016680240631103516	-0.0022400617599487305	-0.24103927612304688
12.039837	-0.041623055934906006	0.009619832038879395	-0.1446361541748047
12.059816	-0.06572842597961426	0.004462242126464844	-0.25918102264404297
12.080057	-0.010256290435791016	-0.00842905044555664	-0.3752861022949219
12.099817	-0.04148381948471069	-0.007774472236633301	-0.35731983184814453
12.119879	-0.058777451515197754	-0.02644526958465576	-0.2423076629638672
12.140039	-0.02851080894470215	0.015284419059753418	-0.18439483642578125
12.159972	0.03170377016067505	-0.011390447616577148	-0.24040603637695313
12.179814	-0.0012778043746948242	9.618997573852539E-4	-0.2388296127319336
12.200146	-0.011977136135101318	0.026657819747924805	-0.2186107635498047
12.220024	0.003215610980987549	-0.04172205924987793	-0.34952831268310547
12.239768	0.04280310869216919	-0.06206834316253662	-0.29349517822265625
12.260689	0.003566265106201172	-0.031455159187316895	-0.3497810363769531
12.280044	-0.03088277578353882	-0.032277703285217285	-0.35100650787353516
12.299862	-0.06754535436630249	-0.034001946449279785	-0.2387857437133789
12.319962	-0.061952173709869385	-0.05599641799926758	-0.2952890396118164
12.340067	-0.02322697639465332	-0.06253492832183838	-0.2398357391357422
12.359837	-0.02277994155883789	-0.012457489967346191	-0.21944713592529297
12.379781	-0.022840142250061035	-0.03390002250671387	-0.21908092498779297
12.39978	0.04325664043426514	0.013150215148925781	-0.20057201385498047
12.41987	0.01740586757659912	0.023995399475097656	-0.3530559539794922
12.439834	-0.011010825634002686	-0.05022835731506348	-0.22018909454345703
12.45993	-0.007974505424499512	0.013473749160766602	-0.3166980743408203
12.479952	-0.017437458038330078	0.014337658882141113	-0.35428333282470703
12.499798	-0.03053063154220581	0.030338644981384277	-0.21915340423583984
12.519919	0.05522799491882324	-0.06257414817810059	-0.37201499938964844
12.53992	0.007810235023498535	0.03131985664367676	-0.2750225067138672
12.559834	-0.06281793117523193	0.06986141204833984	-0.2745065689086914
12.580069	0.03550833463668823	0.023331165313720703	-0.25687599182128906
12.600064	0.060710608959198	-0.015828490257263184	-0.2753276824951172
12.61994	0.04733985662460327	-0.007699847221374512	-0.33354759216308594
12.639881	0.015924274921417236	0.0070198774337768555	-0.2382183074951172
12.660009	0.0044692158699035645	-0.014810800552368164	-0.2753763198852539
12.679873	0.023040711879730225	-0.026600122451782227	-0.2957639694213867
12.700061	0.014399588108062744	0.011972308158874512	-0.18169021606445313
12.719826	-0.003045380115509033	-0.025536298751831055	-0.2983436584472656
12.739775	-0.03660398721694946	0.02454352378845215	-0.22316646575927734
12.759814	-0.0221901535987854	0.06391596794128418	-0.3164863586425781
12.779813	-0.038759469985961914	0.06621861457824707	-0.41411876678466797
12.800028	-0.05546468496322632	-0.03848135471343994	-0.2400827407836914
12.819865	-0.0903623104095459	0.022126197814941406	-0.25943660736083984
12.839849	-0.08595925569534302	0.01782238483428955	-0.22004032135009766
12.859872	-0.014543235301971436	-5.522966384887695E-4	-0.3338165283203125
12.880032	0.006096005439758301	-0.058826446533203125	-0.23778057098388672
12.899925	0.0092812180519104	-0.0400618314743042	-0.14340591430664063
12.919806	-0.024591147899627686	-0.02356135845184326	-0.1617288589477539
12.939852	-0.058505356311798096	-0.0486760139465332	-0.1795196533203125
12.960167	-0.003021240234375	-0.09797477722167969	-0.2928342819213867
12.97985	-0.008758842945098877	-0.08497786521911621	-0.4072713851928711
12.999813	0.0035857558250427246	-0.010182023048400879	-0.31181812286376953
13.020282	-0.028760552406311035	-0.06664884090423584	-0.3305988311767578
13.039933	-0.04036813974380493	-0.06805586814880371	-0.2356424331665039
13.059827	-0.00939399003982544	-0.03393685817718506	-0.2561759948730469
13.079811	-0.048040688037872314	-0.022869229316711426	-0.3698129653930664
13.099795	-0.04203909635543823	-0.0355302095413208	-0.1961812973022461
13.120032	-0.020491063594818115	-0.058495521545410156	-0.2144908905029297
13.140054	-0.002454400062561035	-0.07303082942962646	-0.17704010009765625
13.160618	-0.04850578308105469	-0.01838696002960205	-0.2699289321899414
13.180773	-0.030958592891693115	-0.025093555450439453	-0.3437976837158203
13.19989	-0.04455679655075073	-0.08333694934844971	-0.2473745346069336
13.220609	-0.022269248962402344	-0.11483120918273926	-0.2290506362915039
13.240633	-0.025912344455718994	-0.05560421943664551	-0.1863698959350586
13.259878	-0.014245390892028809	-0.06662321090698242	-0.2216949462890625
13.279834	0.00490182638168335	-0.051859140396118164	-0.29757118225097656
13.299817	0.06573754549026489	-0.0984572172164917	-0.3373727798461914
13.319859	0.006406545639038086	-0.08445441722869873	-0.3398895263671875
13.339884	0.030643999576568604	-0.13502240180969238	-0.24476146697998047
13.359837	-0.008111536502838135	-0.08044242858886719	-0.1887378692626953
13.379779	-0.03931629657745361	-0.02424478530883789	-0.28545379638671875
13.399844	0.03722864389419556	-0.022150397300720215	-0.28580665588378906
13.41981	0.04919475317001343	-0.12849724292755127	-0.36135005950927734
13.439886	0.01675790548324585	-0.16900670528411865	-0.2856149673461914
13.460141	-0.13665443658828735	-0.032401084899902344	-0.19028568267822266
13.48013	-0.11153578758239746	-0.02863335609436035	-0.26376914978027344
13.499826	-0.05251717567443848	-0.08178484439849854	-0.2451934814453125
13.519884	0.028356552124023438	-0.0730142593383789	-0.2845649719238281
13.539903	-0.017126023769378662	-0.11102879047393799	-0.28528785705566406
13.559801	-0.11868798732757568	-0.06992042064666748	-0.1504192352294922
13.580136	-0.130842387676239	-0.07471334934234619	-0.18907451629638672
13.599793	-0.04044818878173828	-0.08856737613677979	-0.24471664428710938
13.620051	0.06128096580505371	-0.17105388641357422	-0.41876792907714844
13.639805	0.05821198225021362	-0.14033234119415283	-0.3202075958251953
13.659794	-0.06581848859786987	-0.1270608901977539	-0.10756397247314453
13.679835	-0.03388875722885132	-0.08631718158721924	-0.26181602478027344
13.699789	0.02553802728652954	-0.1686999797821045	-0.18404197692871094
13.720265	0.03517037630081177	-0.09633934497833252	-0.2590065002441406
13.739846	0.01295161247253418	-0.0974268913269043	-0.31658077239990234
13.759824	-0.005394458770751953	-0.13397741317749023	-0.20187759399414063
13.779814	0.0017383694648742676	-0.12409377098083496	-0.24300861358642578
13.799797	0.008515238761901855	-0.10147416591644287	-0.26209354400634766
13.819886	0.013901889324188232	-0.09232544898986816	-0.1832752227783203
13.840073	0.0013733506202697754	-0.11686933040618896	-0.3349494934082031
13.860114	0.022534191608428955	-0.11390841007232666	-0.27779197692871094
13.880161	0.013430953025817871	-0.13190698623657227	-0.29615211486816406
13.899834	0.026372075080871582	-0.1299806833267212	-0.2204751968383789
13.919787	0.030784666538238525	-0.14406931400299072	-0.20174026489257813
13.939786	0.029765188694000244	-0.13840210437774658	-0.2794065475463867
13.959863	0.00289076566696167	-0.0772777795791626	-0.22331714630126953
13.979843	0.03757357597351074	-0.08184492588043213	-0.3167905807495117
14.000048	0.053097665309906006	-0.08420419692993164	-0.31995201110839844
14.019825	0.026280701160430908	-0.06091177463531494	-0.20456981658935547
14.039844	0.07022720575332642	-0.15042376518249512	-0.29762840270996094
14.059836	0.09926027059555054	-0.10325992107391357	-0.2597942352294922
14.079885	0.07154965400695801	-0.06598997116088867	-0.3159980773925781
14.100025	0.06916427612304688	-0.05958402156829834	-0.3364591598510742
14.119875	0.01791071891784668	-0.098960280418396	-0.20471668243408203
14.140145	0.04022574424743652	-0.11170542240142822	-0.2437419891357422
14.160088	0.0419774055480957	-0.13193035125732422	-0.16677093505859375
14.180346	0.05836641788482666	-0.09842371940612793	-0.12596511840820313
14.199854	0.07650834321975708	-0.10785841941833496	-0.127655029296875
14.220048	0.10418790578842163	-0.10594296455383301	-0.22283077239990234
14.239826	0.09721046686172485	-0.09398055076599121	-0.31817054748535156
14.259792	0.06979328393936157	-0.13608181476593018	-0.20349788665771484
14.279788	0.046973347663879395	-0.04771125316619873	-0.3175926208496094
14.300008	0.05220019817352295	-0.06695282459259033	-0.3936452865600586
14.3198	0.0656779408454895	-0.07697296142578125	-0.3159751892089844
14.339789	0.08723348379135132	-0.14658129215240479	-0.3711700439453125
14.359857	0.10675674676895142	-0.07849681377410889	-0.23563098907470703
14.379798	0.057836294174194336	0.00915515422821045	-0.2940359115600586
14.399788	0.08001166582107544	-0.02666306495666504	-0.33243751525878906
14.420109	0.0892600417137146	-0.024442195892333984	-0.2029285430908203
14.439861	0.08861666917800903	-0.06081497669219971	-0.22246551513671875
14.45977	0.09415453672409058	-0.08483576774597168	-0.1253194808959961
14.479862	0.10919088125228882	-0.0736231803894043	-0.25852108001708984
14.499778	0.08999580144882202	-0.03288543224334717	-0.22061920166015625
14.519901	0.061709582805633545	-0.07964611053466797	-0.12440967559814453
14.540229	0.037974774837493896	-0.11465513706207275	-0.19886112213134766
14.559849	0.10221534967422485	-0.09655499458312988	-0.3340339660644531
14.579809	0.10505926609039307	-0.08404278755187988	-0.42839717864990234
14.59984	0.033585190773010254	-0.07580232620239258	-0.3909425735473633
14.620069	0.04982709884643555	-0.12837791442871094	-0.2579813003540039
14.63981	0.06877166032791138	-0.05736947059631348	-0.2985572814941406
14.659773	-2.5391578674316406E-4	-0.05330932140350342	-0.1854848861694336
14.679864	0.04459524154663086	-0.040526747703552246	-0.1817922592163086
14.700025	0.11019796133041382	-0.08332109451293945	-0.25681114196777344
14.719901	0.07877850532531738	-0.07160294055938721	-0.1642599105834961
14.739874	0.050896286964416504	-0.10458707809448242	-0.18320178985595703
14.760065	0.013092279434204102	-0.07522070407867432	-0.18481922149658203
14.779764	0.01016223430633545	-0.02231919765472412	-0.3567647933959961
14.799861	0.08315891027450562	-0.05925273895263672	-0.4148283004760742
14.820045	0.056668758392333984	-0.08291041851043701	-0.22331523895263672
14.83979	0.04920768737792969	-0.027802586555480957	-0.3014507293701172
14.859785	0.007034897804260254	-0.02881789207458496	-0.1101541519165039
14.879865	0.07008534669876099	-0.05226302146911621	-0.2429485321044922
14.899797	0.1068219542503357	-0.0991361141204834	-0.26086997985839844
14.919884	0.07886260747909546	-0.057736992835998535	-0.31660938262939453
14.939845	0.0597536563873291	-0.0595858097076416	-0.2588367462158203
14.959857	0.0779845118522644	-0.07023537158966064	-0.2220287322998047
14.980003	0.07087689638137817	-0.10634994506835938	-0.16367244720458984
14.999842	0.08755046129226685	-0.07119369506835938	-0.22087478637695313
15.020025	0.061369121074676514	-0.030862808227539063	-0.18363285064697266
15.039785	0.07593590021133423	-0.027732491493225098	-0.3166990280151367
15.059833	0.05636954307556152	-0.01280200481414795	-0.3352022171020508
15.079839	0.07810312509536743	-0.08955764770507813	-0.27744483947753906
15.100124	0.08689385652542114	-0.1355353593826294	-0.27524757385253906
15.119864	0.06164896488189697	-0.08253860473632813	-0.19854068756103516
15.140091	0.10634809732437134	-0.04295516014099121	-0.3564796447753906
15.159827	0.10226708650588989	-0.12576162815093994	-0.27927494049072266
15.179793	0.07305413484573364	-0.06940233707427979	-0.27814197540283203
15.199872	0.022432804107666016	0.014209389686584473	-0.24226951599121094
15.219829	0.0922427773475647	-0.057892560958862305	-0.12679481506347656
15.239862	0.11432474851608276	-0.12163925170898438	-0.22122669219970703
15.259814	0.1407451629638672	-0.10834693908691406	-0.27695655822753906
15.279883	0.12037235498428345	-0.012202143669128418	-0.29943180084228516
15.300059	0.04974937438964844	-0.03362298011779785	-0.2621421813964844
15.319932	0.011749744415283203	-0.036315321922302246	-0.0923910140991211
15.34034	0.042588114738464355	-0.044516921043395996	-0.1493072509765625
15.359828	0.14603114128112793	-0.06407022476196289	-0.2633638381958008
15.379844	0.1054542064666748	-0.04060959815979004	-0.3428936004638672
15.399858	0.028000354766845703	-0.023528099060058594	-0.3637399673461914
15.420129	0.024348855018615723	-0.012412548065185547	-0.28618812561035156
15.440519	0.05439615249633789	-0.039160847663879395	-0.247467041015625
15.460611	0.08708536624908447	-0.10873293876647949	-0.18857765197753906
15.479775	0.06700056791305542	-0.06543838977813721	-0.13202762603759766
15.49989	0.05882900953292847	-0.02690291404724121	-0.3052482604980469
15.520114	0.09646624326705933	-0.04930150508880615	-0.2856273651123047
15.540365	0.10266417264938354	-0.05579042434692383	-0.37972259521484375
15.560606	0.03779590129852295	-0.04344832897186279	-0.32501220703125
15.579794	-0.002498805522918701	-0.0355457067489624	-0.2307262420654297
15.599851	0.0242576003074646	0.004613518714904785	-0.26859283447265625
15.6198	0.054935991764068604	-0.024494290351867676	-0.1911001205444336
15.639903	0.07008427381515503	-0.032801270484924316	-0.24758625030517578
15.659863	0.03966045379638672	-0.046561479568481445	-0.343475341796875
15.679858	0.023477613925933838	-0.021802067756652832	-0.30579376220703125
15.699794	-0.00915759801864624	-0.02107870578765869	-0.3053550720214844
15.719824	0.014378607273101807	-0.03479743003845215	-0.22919368743896484
15.740085	0.0357096791267395	-0.05100512504577637	-0.3079509735107422
15.760055	0.04145020246505737	-0.058385252952575684	-0.2870368957519531
15.779883	0.024382472038269043	-0.0573580265045166	-0.2295398712158203
15.799764	0.04727369546890259	-0.01675581932067871	-0.36362171173095703
15.819822	0.022348761558532715	-0.003020048141479492	-0.2675361633300781
15.839837	0.011535048484802246	-0.05979156494140625	-0.22852230072021484
15.859795	0.03810834884643555	-0.05296051502227783	-0.24805450439453125
15.87983	0.07075434923171997	-0.03784966468811035	-0.2479572296142578
15.899772	0.06428837776184082	0.009806632995605469	-0.2852973937988281
15.919829	0.05437815189361572	0.01267552375793457	-0.22739601135253906
15.939868	0.054692208766937256	-0.053790926933288574	-0.24625587463378906
15.959858	0.07872551679611206	-0.04079294204711914	-0.26702117919921875
15.980034	0.06460559368133545	-0.009057998657226563	-0.1716156005859375
15.999989	0.07157975435256958	0.02364981174468994	-0.20831298828125
16.019846	0.051231324672698975	-0.06724309921264648	-0.14863967895507813
16.039812	0.09540653228759766	-0.07303500175476074	-0.2830924987792969
16.059803	0.09982508420944214	-0.019750356674194336	-0.39688587188720703
16.07987	0.06584393978118896	-0.031135201454162598	-0.35942554473876953
16.099773	0.052295148372650146	-0.11506974697113037	-0.3193483352661133
16.120296	0.0990561842918396	-0.09973597526550293	-0.2795524597167969
16.140147	0.0448073148727417	0.00542294979095459	-0.2827119827270508
16.160167	-0.03777509927749634	-0.017472386360168457	-0.22523021697998047
16.180157	0.05034458637237549	-0.08424973487854004	-0.17014408111572266
16.199783	0.06159943342208862	-0.060376763343811035	-0.2514162063598633
16.219831	0.01901644468307495	-0.022243499755859375	-0.21349811553955078
16.23978	0.001617729663848877	0.01444244384765625	-0.2705259323120117
16.25978	0.01955699920654297	-0.03223085403442383	-0.30759716033935547
16.279847	0.021943271160125732	0.007489442825317383	-0.23097896575927734
16.29977	0.03415578603744507	-0.01628589630126953	-0.2692108154296875
16.31983	0.03596067428588867	-0.02789604663848877	-0.21464157104492188
16.339845	0.0017004609107971191	0.00491642951965332	-0.23251819610595703
16.359805	-0.028372883796691895	0.009271860122680664	-0.2707405090332031
16.379809	-0.022538721561431885	-0.04836606979370117	-0.21268749237060547
16.400507	0.06471359729766846	-0.040656447410583496	-0.36798572540283203
16.419791	0.03978472948074341	0.004736542701721191	-0.3103675842285156
16.439785	0.04637444019317627	-0.06558334827423096	-0.25205230712890625
16.459786	-0.02884495258331299	0.0018693208694458008	-0.1577606201171875
16.479783	-0.005767464637756348	-0.023269057273864746	-0.09895801544189453
16.49996	0.025229930877685547	-0.034545302391052246	-0.2893714904785156
16.519799	0.06259727478027344	-0.032227277755737305	-0.42078495025634766
16.539807	-0.017979323863983154	-0.0418933629989624	-0.3251028060913086
16.559841	0.010368287563323975	-0.040488600730895996	-0.30527591705322266
16.579874	-0.012221932411193848	-0.04839301109313965	-0.21167564392089844
16.59985	-0.014564096927642822	-0.012308835983276367	-0.32646751403808594
16.6198	0.01968669891357422	-0.021369457244873047	-0.2679271697998047
16.63986	0.03867220878601074	0.0012583732604980469	-0.26662445068359375
16.660013	0.009311676025390625	-0.06758487224578857	-0.3072042465209961
16.679859	0.07298767566680908	-0.053609490394592285	-0.1908283233642578
16.700268	0.06567895412445068	-0.012825369834899902	-0.30497169494628906
16.719819	0.05137479305267334	-0.0016306638717651367	-0.3817148208618164
16.740036	0.025399982929229736	0.006621599197387695	-0.20944881439208984
16.759877	0.04385727643966675	-0.1013268232345581	-0.22668743133544922
16.779879	0.048423707485198975	-0.04647219181060791	-0.14918804168701172
16.800045	0.07833820581436157	-0.05757474899291992	-0.266265869140625
16.81986	0.06053203344345093	-0.009323477745056152	-0.2677478790283203
16.839828	0.04927796125411987	-0.04734611511230469	-0.22869491577148438
16.859849	0.048450589179992676	-0.06560206413269043	-0.22892379760742188
16.880159	0.053787052631378174	0.011300921440124512	-0.24758625030517578
16.899789	0.0804094672203064	-0.04705619812011719	-0.3635377883911133
16.920161	0.06398278474807739	0.015836715698242188	-0.3035707473754883
16.93992	0.03237593173980713	0.02026081085205078	-0.24615859985351563
16.959816	0.053792357444763184	-0.0408930778503418	-0.24532794952392578
16.979846	0.08871084451675415	-0.13279426097869873	-0.22714614868164063
16.999773	0.049893081188201904	-0.038053035736083984	-0.28449153900146484
17.019823	0.0029604434967041016	0.05598008632659912	-0.3233804702758789
17.039894	0.06157886981964111	0.0028066635131835938	-0.24541664123535156
17.05978	0.09620195627212524	-0.07886981964111328	-0.28327369689941406
17.079879	0.12328803539276123	-0.06387794017791748	-0.20828723907470703
17.09981	0.0745539665222168	-0.048230648040771484	-0.20878124237060547
17.11989	0.03765898942947388	0.018496155738830566	-0.24533653259277344
17.139855	0.04957038164138794	-0.013370037078857422	-0.28229236602783203
17.159826	0.09142565727233887	-0.029874324798583984	-0.3398323059082031
17.179899	0.07412099838256836	-0.03144550323486328	-0.1861572265625
17.199795	0.07815861701965332	-0.04586446285247803	-0.20252037048339844
17.219845	0.07134360074996948	-0.022785663604736328	-0.24216842651367188
17.239797	0.062311410903930664	-0.018574953079223633	-0.186309814453125
17.260042	0.13841277360916138	-0.015344023704528809	-0.4550457000732422
17.279864	0.049129486083984375	0.014143943786621094	-0.3430776596069336
17.299783	-0.028968393802642822	0.0022687911987304688	-0.2677955627441406
17.319852	-0.011228978633880615	-0.034008026123046875	-0.17249774932861328
17.339871	0.039739012718200684	-0.022296667098999023	-0.19107341766357422
17.359828	0.06099677085876465	0.01180577278137207	-0.2859477996826172
17.379803	0.03399658203125	0.012117266654968262	-0.3442249298095703
17.400188	-0.04882526397705078	-0.034284114837646484	-0.3083209991455078
17.41977	-0.06192058324813843	-0.04078567028045654	-0.23006248474121094
17.439791	-0.02056366205215454	-0.0387263298034668	-0.1534881591796875
17.459785	0.015891969203948975	-0.05974531173706055	-0.2651386260986328
17.479762	0.03178137540817261	-0.014805436134338379	-0.2683830261230469
17.499843	-6.697177886962891E-4	-0.03842949867248535	-0.22693634033203125
17.519794	0.0015078186988830566	-0.07148301601409912	-0.2084369659423828
17.539798	0.003556191921234131	-0.09694862365722656	-0.13058090209960938
17.559926	0.037017822265625	-0.06267952919006348	-0.3027687072753906
17.580129	0.03480207920074463	-0.011707544326782227	-0.3785228729248047
17.600559	0.0359877347946167	-0.038312554359436035	-0.3197040557861328
17.62041	0.010775923728942871	-0.08030807971954346	-0.26221275329589844
17.640902	-0.005818963050842285	-0.06653726100921631	-0.1844482421875
17.660124	-0.005310535430908203	-0.08793008327484131	-0.24331951141357422
17.680139	0.008891284465789795	-0.07928991317749023	-0.28354549407958984
17.700018	-0.013708770275115967	-0.010784268379211426	-0.22825145721435547
17.719841	0.028504371643066406	-0.03765702247619629	-0.30321216583251953
17.73983	-0.013907015323638916	-0.013788342475891113	-0.2295522689819336
17.759845	-0.023644328117370605	-0.07463705539703369	-0.28557682037353516
17.779862	-0.009287357330322266	-0.05849146842956543	-0.2855195999145508
17.80006	-0.083202064037323	-0.033810973167419434	-0.2113351821899414
17.819784	-0.07207971811294556	-0.014359354972839355	-0.25041675567626953
17.839795	0.0059375762939453125	-0.09237730503082275	-0.30751800537109375
17.860037	-0.002233743667602539	-0.032845377922058105	-0.3834819793701172
17.879788	-0.05812901258468628	-0.02575969696044922	-0.3462095260620117
17.899858	-0.14522618055343628	-0.00886547565460205	-0.15524959564208984
17.920027	-0.037563443183898926	-0.10385894775390625	-0.2309112548828125
17.939771	-0.00935673713684082	-0.08830487728118896	-0.1546182632446289
17.95979	-0.002488076686859131	-0.09456038475036621	-0.26787471771240234
17.97979	-0.019975781440734863	-0.059356093406677246	-0.305511474609375
17.999794	0.006754696369171143	-0.0516277551651001	-0.28695106506347656
18.019798	-0.03537362813949585	-0.06099116802215576	-0.24743270874023438
18.040092	-0.01209193468093872	-0.08439016342163086	-0.20803451538085938
18.059825	-0.04418957233428955	-0.07158327102661133	-0.30391979217529297
18.0799	-0.011183679103851318	-0.06826651096343994	-0.26490211486816406
18.099779	-0.04029226303100586	-0.029529452323913574	-0.246734619140625
18.119844	-0.029467761516571045	-0.06924772262573242	-0.3047151565551758
18.139832	-0.03461658954620361	-0.07800602912902832	-0.22708702087402344
18.160095	-0.07283449172973633	-0.0744391679763794	-0.30429553985595703
18.179875	-0.05825662612915039	-0.06560289859771729	-0.32038116455078125
18.199817	-0.06292378902435303	-0.06212925910949707	-0.20647430419921875
18.219803	-0.07111728191375732	-0.0688774585723877	-0.24437618255615234
18.240087	-0.020469486713409424	-0.0933380126953125	-0.24733448028564453
18.259792	-0.022921264171600342	-0.047095537185668945	-0.40211963653564453
18.279927	-0.0770311951637268	-0.03933918476104736	-0.3232851028442383
18.299873	-0.06983065605163574	-0.08429098129272461	-0.22745132446289063
18.319802	-0.08641684055328369	-0.07156097888946533	-0.24853229522705078
18.339795	-0.06613552570343018	-0.06986141204833984	-0.19125652313232422
18.359781	-0.06769591569900513	-0.0871436595916748	-0.2683238983154297
18.380065	-0.09415727853775024	-0.0167006254196167	-0.32860279083251953
18.400057	-0.09855109453201294	-0.041391730308532715	-0.23229312896728516
18.419786	-0.12204951047897339	-0.04179859161376953	-0.2517557144165039
18.440045	-0.09480738639831543	-0.10912680625915527	-0.1776437759399414
18.459778	-0.09470528364181519	-0.0722423791885376	-0.29231929779052734
18.479827	-0.09468382596969604	-0.08164739608764648	-0.3865165710449219
18.499781	-0.12330526113510132	-0.07689070701599121	-0.21733474731445313
18.519846	-0.11327123641967773	-0.1235511302947998	-0.2549924850463867
18.539814	-0.1322876214981079	-0.08188831806182861	-0.1597766876220703
18.559873	-0.16976958513259888	-0.07547104358673096	-0.15756702423095703
18.579861	-0.09216254949569702	-0.05712401866912842	-0.3680400848388672
18.599875	-0.10865622758865356	-0.04649007320404053	-0.32807254791259766
18.619838	-0.09920293092727661	-0.059091925621032715	-0.3858623504638672
18.640159	-0.1097753643989563	-0.1093677282333374	-0.17725753784179688
18.65989	-0.14719897508621216	-0.0335087776184082	-0.2153644561767578
18.680061	-0.14630860090255737	-0.018755435943603516	-0.2528562545776367
18.699786	-0.13229244947433472	-0.08083689212799072	-0.2141885757446289
18.719828	-0.06130552291870117	-0.14883244037628174	-0.34536075592041016
18.739898	-0.12275630235671997	-0.03929853439331055	-0.2873096466064453
18.759853	-0.18199920654296875	-0.025906920433044434	-0.32477760314941406
18.779882	-0.182447612285614	-0.06271827220916748	-0.28516387939453125
18.799805	-0.10119640827178955	-0.12636423110961914	-0.2470083236694336
18.820126	-0.06562459468841553	-0.17483139038085938	-0.3204936981201172
18.839814	-0.044884324073791504	-0.14843487739562988	-0.26082515716552734
18.859835	-0.12464725971221924	-0.16642975807189941	-0.1846790313720703
18.880034	-0.11444514989852905	-0.15190398693084717	-0.2229299545288086
18.899788	-0.08402615785598755	-0.10937654972076416	-0.2035655975341797
18.919816	-0.08434194326400757	-0.14314424991607666	-0.2618446350097656
18.939807	-0.10877543687820435	-0.10669922828674316	-0.18866920471191406
18.959828	-0.09368830919265747	-0.06473410129547119	-0.28540802001953125
18.980073	-0.09858548641204834	-0.14437317848205566	-0.33944225311279297
18.999781	-0.060098469257354736	-0.16528046131134033	-0.2608928680419922
19.019813	-0.12533235549926758	-0.1063692569732666	-0.2826385498046875
19.039864	-0.1044195294380188	-0.09866988658905029	-0.20719432830810547
19.060114	-0.0907478928565979	-0.07902669906616211	-0.2652120590209961
19.080073	-0.07353848218917847	-0.08185529708862305	-0.2648944854736328
19.099811	-0.09476172924041748	-0.12414813041687012	-0.16861915588378906
19.119856	-0.12719714641571045	-0.10805785655975342	-0.28250885009765625
19.139877	-0.09987950325012207	-0.06970071792602539	-0.3201179504394531
19.159865	-0.07654458284378052	-0.07944512367248535	-0.41713714599609375
19.180074	-0.07188171148300171	-0.09784531593322754	-0.37855052947998047
19.199782	-0.04474729299545288	-0.14699482917785645	-0.22603511810302734
19.219845	-0.1015058159828186	-0.10574615001678467	-0.16901206970214844
19.239865	-0.0623779296875	-0.07249855995178223	-0.11386489868164063
19.25986	-0.0555189847946167	-0.1236492395401001	-0.24515438079833984
19.279908	-0.017467081546783447	-0.08588171005249023	-0.2642383575439453
19.299781	-0.029101848602294922	-0.0341717004776001	-0.2275238037109375
19.319864	-0.05616670846939087	-0.07816076278686523	-0.2464303970336914
19.340118	-0.016551613807678223	-0.08829987049102783	-0.28614044189453125
19.360161	-0.06231975555419922	-0.08794629573822021	-0.2677125930786133
19.380076	-0.10318565368652344	-0.0576704740524292	-0.3031749725341797
19.399896	-0.04943650960922241	-0.09030032157897949	-0.2835664749145508
19.4198	-0.034823834896087646	-0.10132110118865967	-0.30450439453125
19.439814	-0.017829537391662598	-0.1424475908279419	-0.2882719039916992
19.460116	-0.048857033252716064	-0.08844804763793945	-0.19126033782958984
19.479766	-0.007358372211456299	-0.029583215713500977	-0.26781272888183594
19.500092	-0.025013327598571777	-0.05969083309173584	-0.21157169342041016
19.519807	-0.03417998552322388	-0.1087416410446167	-0.24894428253173828
19.539793	-0.015600085258483887	4.7957897186279297E-4	-0.28635311126708984
19.559839	-0.04630070924758911	0.0030039548873901367	-0.24952125549316406
19.579878	-0.02855229377746582	-0.07689511775970459	-0.2682533264160156
19.599785	-0.007508993148803711	-0.12604176998138428	-0.23116016387939453
19.619849	-0.0314333438873291	-0.04037594795227051	-0.3639841079711914
19.639824	-0.055011212825775146	-0.007004380226135254	-0.3618173599243164
19.659838	-0.030009567737579346	-0.03561258316040039	-0.2639198303222656
19.679833	0.017359018325805664	-0.11545217037200928	-0.3040609359741211
19.69989	0.014003753662109375	-0.11844968795776367	-0.15064334869384766
19.719819	-0.008863389492034912	-0.10096621513366699	-0.24468421936035156
19.740044	-0.0028850436210632324	-0.07852458953857422	-0.24466705322265625
19.75985	0.006926417350769043	-0.05334925651550293	-0.2447338104248047
19.779865	0.011968791484832764	-0.06593239307403564	-0.24534034729003906
19.799868	0.025570213794708252	-0.03129076957702637	-0.24526691436767578
19.82007	0.043729960918426514	-0.05880880355834961	-0.28041553497314453
19.840081	-0.006948530673980713	-0.009027361869812012	-0.22099971771240234
19.859802	0.014311134815216064	-0.059664011001586914	-0.20278263092041016
19.879839	0.07147765159606934	-0.07773268222808838	-0.25853919982910156
19.899947	0.04167890548706055	-0.04418134689331055	-0.2779655456542969
19.919802	0.009962499141693115	-0.041977882385253906	-0.2968282699584961
19.939806	0.04139655828475952	-0.0807563066482544	-0.3165922164916992
19.959888	0.05099982023239136	-0.04537844657897949	-0.2627830505371094
19.98002	0.015434801578521729	-0.04709923267364502	-0.28138065338134766
19.999845	0.041173696517944336	-0.060182929039001465	-0.2434234619140625
20.019791	0.00906217098236084	-0.058710336685180664	-0.3024120330810547
20.039807	0.02813875675201416	-0.04207324981689453	-0.34031105041503906
20.060054	0.02035290002822876	-0.01933419704437256	-0.28420543670654297
20.080107	0.035685062408447266	-0.020470619201660156	-0.3016633987426758
20.100049	-0.0031332969665527344	-0.05529367923736572	-0.18736743927001953
20.120126	0.015917837619781494	-0.07612097263336182	-0.24456214904785156
20.139757	0.06335973739624023	-0.09024465084075928	-0.3421478271484375
20.159761	0.04257422685623169	-0.07526779174804688	-0.22669696807861328
20.179783	0.022507131099700928	-0.011273026466369629	-0.24512290954589844
20.20015	0.02003389596939087	-0.027284622192382813	-0.12903785705566406
20.21978	0.03421396017074585	-0.07415437698364258	-0.18559551239013672
20.239757	0.029798448085784912	-0.05135643482208252	-0.2600841522216797
20.26007	0.10512065887451172	-0.03350377082824707	-0.29636192321777344
20.279762	0.08709222078323364	-0.0823812484741211	-0.3136329650878906
20.299824	0.08056026697158813	-0.11702847480773926	-0.2733802795410156
20.319779	0.09057587385177612	-0.12075603008270264	-0.2334146499633789
20.339781	0.09551846981048584	-0.0754086971282959	-0.288299560546875
20.359804	0.08903360366821289	-0.05323302745819092	-0.21287059783935547
20.379789	0.08288490772247314	-0.07436883449554443	-0.25146961212158203
20.399819	0.11072981357574463	-0.15765607357025146	-0.15562152862548828
20.419881	0.06189090013504028	0.002282381057739258	-0.23444557189941406
20.439847	0.01874309778213501	-0.025197744369506836	-0.3101158142089844
20.459803	0.0471348762512207	-0.058629631996154785	-0.2353191375732422
20.480131	0.05284988880157471	-0.1907806396484375	-0.2911262512207031
20.499782	0.04194760322570801	-0.081687331199646	-0.2561683654785156
20.519862	-0.004089415073394775	-0.02684926986694336	-0.27376842498779297
20.539865	-0.005709290504455566	-0.08172261714935303	-0.2552165985107422
20.560178	0.031740427017211914	-0.09723198413848877	-0.19846439361572266
20.580097	0.048110246658325195	-0.13171923160552979	-0.23769474029541016
20.599785	0.0456615686416626	-0.15184259414672852	-0.19945812225341797
20.619839	-0.02174276113510132	-0.08046615123748779	-0.23782062530517578
20.640091	0.004834413528442383	-0.0808635950088501	-0.3136568069458008
20.660103	0.014340519905090332	-0.11768019199371338	-0.17891883850097656
20.679789	0.05868321657180786	-0.12697958946228027	-0.21832275390625
20.699819	0.004549503326416016	-0.07891440391540527	-0.16219520568847656
20.719777	0.011955559253692627	-0.03802382946014404	-0.23851871490478516
20.740061	0.01876741647720337	-0.08885765075683594	-0.3333711624145508
20.7598	0.0788811445236206	-0.0908362865447998	-0.33277416229248047
20.779787	0.016679108142852783	-0.03858292102813721	-0.3164529800415039
20.799802	0.019460320472717285	-0.07230031490325928	-0.21793842315673828
20.819776	0.04477047920227051	-0.09803533554077148	-0.20032024383544922
20.83978	0.05675649642944336	-0.04188942909240723	-0.22317981719970703
20.85981	-0.006155490875244141	-0.03683578968048096	-0.2054004669189453
20.879755	-0.016645431518554688	-0.05567824840545654	-0.3022298812866211
20.899775	0.04575377702713013	-0.06488215923309326	-0.33852386474609375
20.920017	-0.02367115020751953	-0.05624115467071533	-0.33789825439453125
20.940013	-0.01827460527420044	-0.03544771671295166	-0.31850624084472656
20.95976	-0.014258384704589844	-0.06337583065032959	-0.18070220947265625
20.979784	0.055644989013671875	-0.0762169361114502	-0.3146200180053711
20.999786	0.02175319194793701	-0.07988417148590088	-0.2005290985107422
21.019787	0.020831048488616943	-0.05798041820526123	-0.2776985168457031
21.04008	0.008351147174835205	-0.058399081230163574	-0.23866653442382813
21.059786	0.04094022512435913	-0.06864821910858154	-0.16222476959228516
21.080057	0.07317483425140381	-0.1002509593963623	-0.2928810119628906
21.099773	0.059619903564453125	-0.06292200088500977	-0.2729930877685547
21.119855	0.08110970258712769	-0.054668545722961426	-0.23584556579589844
21.140211	0.0774659514427185	-0.08235001564025879	-0.27111339569091797
21.160343	0.07259577512741089	-0.10259246826171875	-0.19481849670410156
21.180455	0.07738280296325684	-0.09049320220947266	-0.2538328170776367
21.200899	0.07888829708099365	-0.06760227680206299	-0.21275615692138672
21.220078	0.06125164031982422	-0.05058920383453369	-0.25054073333740234
21.239802	0.10864228010177612	-0.050922513008117676	-0.32939910888671875
21.259775	0.12190771102905273	-0.042571306228637695	-0.31226539611816406
21.279837	0.1034972071647644	-0.12202012538909912	-0.21392536163330078
21.299854	0.10651975870132446	-0.05157506465911865	-0.17425823211669922
21.319804	0.1131165623664856	0.0013736486434936523	-0.15363597869873047
21.3399	0.12030941247940063	-0.03930544853210449	-0.28653430938720703
21.359836	0.14275741577148438	-0.1284242868423462	-0.2510528564453125
21.379797	0.1174364686012268	-0.11890196800231934	-0.2500782012939453
21.399818	0.02698969841003418	-0.04278242588043213	-0.2706012725830078
21.41978	0.06859010457992554	-0.05960261821746826	-0.28654003143310547
21.440181	0.12901878356933594	-0.09837627410888672	-0.30530357360839844
21.459868	0.11761444807052612	-0.07028460502624512	-0.2505626678466797
21.480084	0.09185975790023804	-0.04822659492492676	-0.26889991760253906
21.500069	0.08391338586807251	-0.09273874759674072	-0.19205856323242188
21.5198	0.10709172487258911	-0.10282301902770996	-0.18990802764892578
21.53981	0.11698395013809204	-0.08279263973236084	-0.26563167572021484
21.559813	0.11916643381118774	-0.06018197536468506	-0.2659940719604492
21.579843	0.09568268060684204	-0.05473315715789795	-0.26738643646240234
21.599773	0.11431795358657837	-0.0720217227935791	-0.24860572814941406
21.619826	0.0931733250617981	-0.09655344486236572	-0.19043540954589844
21.639809	0.11979526281356812	-0.07020282745361328	-0.28664398193359375
21.659836	0.08945101499557495	-0.04233872890472412	-0.2126932144165039
21.68007	0.07026594877243042	-0.0321040153503418	-0.26863956451416016
21.699771	0.08872765302658081	-0.040963053703308105	-0.2863492965698242
21.719858	0.114315927028656	-0.05252254009246826	-0.24866485595703125
21.739865	0.12035983800888062	-0.09000647068023682	-0.24487590789794922
21.76012	0.11450737714767456	-0.08475291728973389	-0.14859294891357422
21.78018	0.13707226514816284	-0.08205521106719971	-0.35938072204589844
21.799784	0.1164817214012146	-0.06860184669494629	-0.3426856994628906
21.819874	0.10764998197555542	-0.04306316375732422	-0.28725719451904297
21.839807	0.1191059947013855	-0.031216859817504883	-0.34754276275634766
21.860076	0.10232418775558472	-0.08297204971313477	-0.13756084442138672
21.87979	0.10627561807632446	-0.06945562362670898	-0.19686031341552734
21.900103	0.09168034791946411	-0.05285215377807617	-0.25340938568115234
21.919773	0.10993379354476929	-0.01126563549041748	-0.19659137725830078
21.939783	0.12419921159744263	-0.012514591217041016	-0.3118276596069336
21.960106	0.13368481397628784	-0.047478318214416504	-0.1772937774658203
21.980033	0.1094161868095398	-0.06247401237487793	-0.1593780517578125
21.999849	0.09560900926589966	-0.06127822399139404	-0.1973094940185547
22.019798	0.09759515523910522	-0.005441427230834961	-0.2542877197265625
22.03978	0.10759657621383667	-0.014878511428833008	-0.33031463623046875
22.059796	0.10848015546798706	-0.03423762321472168	-0.27590084075927734
22.079856	0.10225635766983032	-0.0184171199798584	-0.2579517364501953
22.099801	0.10550075769424438	-0.004456758499145508	-0.2950582504272461
22.120162	0.11431032419204712	-0.018661141395568848	-0.23430156707763672
22.139872	0.15631061792373657	0.004772782325744629	-0.3303718566894531
22.159885	0.1395455002784729	-0.06146526336669922	-0.29035186767578125
22.179823	0.16629737615585327	-0.049631357192993164	-0.23400402069091797
22.199815	0.138186514377594	0.027301669120788574	-0.2350454330444336
22.219787	0.16294938325881958	0.008050084114074707	-0.2152576446533203
22.239868	0.18062210083007813	-0.005572795867919922	-0.29294300079345703
22.259848	0.1957259178161621	-0.07198214530944824	-0.2131795883178711
22.279779	0.18594789505004883	-0.028248190879821777	-0.17685508728027344
22.299841	0.090279221534729	0.018936753273010254	-0.25176525115966797
22.319776	0.1082388162612915	0.024999260902404785	-0.1954364776611328
22.340042	0.13842898607254028	-0.01329350471496582	-0.2921028137207031
22.359781	0.20370614528656006	-0.057439446449279785	-0.3285856246948242
22.380018	0.10174977779388428	-0.06422829627990723	-0.2323760986328125
22.399836	0.09559226036071777	-0.0865708589553833	-0.21336841583251953
22.419794	0.10929125547409058	-0.08139955997467041	-0.1573619842529297
22.441369	0.14956903457641602	-0.014717817306518555	-0.31397151947021484
22.460111	0.1454695463180542	-0.014957308769226074	-0.3335237503051758
22.479893	0.15361571311950684	-0.03002142906188965	-0.27269554138183594
22.500169	0.14385300874710083	-0.02056562900543213	-0.32752323150634766
22.520047	0.15218257904052734	-0.08842086791992188	-0.23438549041748047
22.539818	0.15714490413665771	-0.015447139739990234	-0.2938823699951172
22.55982	0.12208706140518188	0.028604745864868164	-0.2773771286010742
22.579803	0.0990496277809143	0.024595022201538086	-0.18136119842529297
22.600073	0.12673556804656982	-0.020603060722351074	-0.2994117736816406
22.619823	0.08803039789199829	0.021306514739990234	-0.16596508026123047
22.639999	0.079836905002594	0.03676295280456543	-0.2247791290283203
22.659828	0.111910879611969	0.013611674308776855	-0.22275733947753906
22.679893	0.1130475401878357	-0.0031995773315429688	-0.28250980377197266
22.699898	0.09518283605575562	-0.0027254819869995117	-0.3590660095214844
22.719902	0.10580366849899292	0.0025426149368286133	-0.3204822540283203
22.739785	0.0599057674407959	0.02725040912628174	-0.26471805572509766
22.759807	0.10402780771255493	0.023410916328430176	-0.3068656921386719
22.78002	0.14726805686950684	0.040001749992370605	-0.30896759033203125
22.799861	0.11152791976928711	0.08999490737915039	-0.35082435607910156
22.819831	0.060062408447265625	0.05248749256134033	-0.12244987487792969
22.839836	0.09362584352493286	0.045765042304992676	-0.13908100128173828
22.859784	0.08578282594680786	0.046245694160461426	-0.23572921752929688
22.87978	0.1144978404045105	0.05886220932006836	-0.31033802032470703
22.899782	0.08748024702072144	0.05253732204437256	-0.36761474609375
22.919828	0.05062586069107056	0.032114386558532715	-0.29259681701660156
22.939883	0.02895563840866089	0.0030670166015625	-0.1763629913330078
22.959844	0.0372999906539917	0.012223005294799805	-0.21223735809326172
22.980102	0.062276482582092285	0.020415902137756348	-0.23210525512695313
22.999848	0.08743834495544434	0.05116915702819824	-0.38546180725097656
23.019826	0.042371392250061035	0.027020692825317383	-0.4236469268798828
23.040122	0.04833066463470459	-0.015346527099609375	-0.3124380111694336
23.059914	0.026818275451660156	0.059809207916259766	-0.29328441619873047
23.079802	-0.004053056240081787	0.08516287803649902	-0.18048763275146484
23.099826	0.08860242366790771	0.024282097816467285	-0.29631519317626953
23.11984	0.0740782618522644	-0.014594793319702148	-0.2574605941772461
23.139931	0.061435699462890625	0.07332158088684082	-0.3351907730102539
23.159846	-0.0041790008544921875	0.1122732162475586	-0.3744077682495117
23.179807	0.030285298824310303	0.07407903671264648	-0.20537281036376953
23.199861	0.04609900712966919	0.0805821418762207	-0.26415538787841797
23.219802	0.054931581020355225	0.05342519283294678	-0.2237548828125
23.239805	0.060398995876312256	0.05377614498138428	-0.16580486297607422
23.259785	0.06060761213302612	0.08001947402954102	-0.3152284622192383
23.279794	0.08293306827545166	0.06602132320404053	-0.2169637680053711
23.29986	0.09345823526382446	0.041101694107055664	-0.29355335235595703
23.319803	0.11394244432449341	0.03284919261932373	-0.23466014862060547
23.339841	0.09195810556411743	0.0074378252029418945	-0.2531118392944336
23.35984	0.07605123519897461	0.038840293884277344	-0.2516899108886719
23.379834	0.07744240760803223	0.011092185974121094	-0.21187114715576172
23.400166	0.08338886499404907	0.04204082489013672	-0.32694530487060547
23.41985	0.04810154438018799	0.018904447555541992	-0.28769397735595703
23.439903	0.06442379951477051	-0.008134007453918457	-0.2483978271484375
23.459795	0.07598745822906494	-0.010230422019958496	-0.2839975357055664
23.479787	0.040728747844696045	-0.020296812057495117	-0.1671152114868164
23.500456	0.0799974799156189	-0.11512231826782227	-0.27698326110839844
23.519831	0.08416527509689331	-0.09337258338928223	-0.33445262908935547
23.539824	0.012331783771514893	0.03872227668762207	-0.3336315155029297
23.560866	0.05692136287689209	0.04557907581329346	-0.35328102111816406
23.579929	0.10738015174865723	-0.006910085678100586	-0.23990631103515625
23.59986	0.08604717254638672	-0.04122662544250488	-0.22163772583007813
23.620104	0.08575350046157837	-0.04517662525177002	-0.1654949188232422
23.639788	0.06413722038269043	-0.03181183338165283	-0.1647796630859375
23.659779	0.09601956605911255	-0.029094219207763672	-0.2807950973510742
23.679799	0.08543884754180908	-0.010219216346740723	-0.3009490966796875
23.700147	0.0500030517578125	-0.017333626747131348	-0.32181358337402344
23.719815	0.06045866012573242	-0.04937112331390381	-0.2611818313598633
23.739814	0.06070142984390259	-0.022005796432495117	-0.18271732330322266
23.759878	0.0922580361366272	-0.04699361324310303	-0.3337211608886719
23.78008	0.07971900701522827	-0.035648465156555176	-0.2391815185546875
23.799822	0.07921403646469116	-0.010393619537353516	-0.27658748626708984
23.819806	0.06613177061080933	0.01939082145690918	-0.27771854400634766
23.839844	0.12526953220367432	-0.019596219062805176	-0.2199697494506836
23.85981	0.11858725547790527	0.01414632797241211	-0.25821781158447266
23.879906	0.08055579662322998	0.02023005485534668	-0.24004173278808594
23.899824	0.10209065675735474	0.02368950843811035	-0.31697940826416016
23.919792	0.10403722524642944	0.019537687301635742	-0.2969379425048828
23.939788	0.09017765522003174	-0.019202113151550293	-0.183380126953125
23.959813	0.07492554187774658	-0.04796171188354492	-0.20054054260253906
23.97986	0.11769479513168335	-0.04653823375701904	-0.2769298553466797
23.999789	0.09739679098129272	0.007665514945983887	-0.37227535247802734
24.019899	0.047080397605895996	0.046431541442871094	-0.3716087341308594
24.039843	0.03742796182632446	0.057554006576538086	-0.32013797760009766
24.059873	0.10914748907089233	-0.03228354454040527	-0.24499225616455078
24.080024	0.08735430240631104	-0.01161801815032959	-0.14974117279052734
24.09983	0.10814601182937622	-0.006261110305786133	-0.1312875747680664
24.119826	0.058789849281311035	0.048201680183410645	-0.21162891387939453
24.139791	0.10078209638595581	0.03677678108215332	-0.22857189178466797
24.159807	0.09144788980484009	0.027702927589416504	-0.3429746627807617
24.179784	0.11224597692489624	0.02709805965423584	-0.3618640899658203
24.200115	0.07814985513687134	0.009625792503356934	-0.24678707122802734
24.219769	0.05483371019363403	-0.02542412281036377	-0.2254657745361328
24.240077	0.06462281942367554	-0.046242594718933105	-0.16867542266845703
24.260713	0.08801990747451782	-0.001056075096130371	-0.35776615142822266
24.280157	0.0890817642211914	0.009616255760192871	-0.3754081726074219
24.299772	0.06469601392745972	0.029053330421447754	-0.3568267822265625
24.319821	0.04809141159057617	0.02404463291168213	-0.33975696563720703
24.339798	0.02975541353225708	-0.01973867416381836	-0.10892772674560547
24.359818	0.0942351222038269	-0.02797520160675049	-0.20578384399414063
24.380104	0.10618996620178223	0.005205750465393066	-0.3205900192260742
24.399858	0.0721590518951416	0.01534879207611084	-0.2995176315307617
24.419798	0.02511805295944214	-0.009771943092346191	-0.3549318313598633
24.439863	0.05015534162521362	-0.03716576099395752	-0.19972705841064453
24.459778	0.041342079639434814	-0.04647862911224365	-0.16395950317382813
24.479813	0.07942628860473633	-0.07403039932250977	-0.20089149475097656
24.500117	0.093716561794281	-0.02062058448791504	-0.25816917419433594
24.519799	0.059613049030303955	0.0016318559646606445	-0.31765174865722656
24.539795	0.0387263298034668	-0.005196809768676758	-0.3007192611694336
24.55985	0.1027899980545044	-0.03920137882232666	-0.2816181182861328
24.579805	0.09558218717575073	-0.025734424591064453	-0.28139591217041016
24.599865	0.044771015644073486	0.003919363021850586	-0.20585346221923828
24.619792	0.034806668758392334	-0.001857757568359375	-0.2633533477783203
24.63983	0.07538038492202759	-0.024670720100402832	-0.28483104705810547
24.659824	0.06870919466018677	-0.023190975189208984	-0.2838249206542969
24.679826	0.07761925458908081	-0.013234734535217285	-0.2653932571411133
24.699794	0.062456607818603516	0.01259613037109375	-0.1703014373779297
24.719783	0.07361716032028198	-0.0611262321472168	-0.2673482894897461
24.739838	0.06562584638595581	0.02921581268310547	-0.30558300018310547
24.759828	0.07668817043304443	0.0867694616317749	-0.30448246002197266
24.779869	0.06215369701385498	-0.006131887435913086	-0.18955516815185547
24.800057	0.03716385364532471	-0.058112263679504395	-0.09526443481445313
24.820188	0.07231992483139038	-0.0351029634475708	-0.24943256378173828
24.840677	0.08375972509384155	0.05000936985015869	-0.3997821807861328
24.86063	0.059996187686920166	0.06520366668701172	-0.3996105194091797
24.880639	0.0488356351852417	-0.0014458894729614258	-0.30463695526123047
24.900767	0.08039218187332153	0.0030177831649780273	-0.11450958251953125
24.919893	0.10892122983932495	0.01392364501953125	-0.17275714874267578
24.939865	0.09672147035598755	0.03739285469055176	-0.2896127700805664
24.959824	0.06302905082702637	0.03740096092224121	-0.2699909210205078
24.98017	0.06300121545791626	0.049005985260009766	-0.3837118148803711
24.999778	0.08260732889175415	0.056349873542785645	-0.1933002471923828
25.019925	0.06087702512741089	0.04807913303375244	-0.29105663299560547
25.039866	0.08776319026947021	0.07033920288085938	-0.2543935775756836
25.059835	0.04267418384552002	0.0988854169845581	-0.21329212188720703
25.079914	0.06938081979751587	0.0205075740814209	-0.25249290466308594
25.1001	0.02040964365005493	0.04787778854370117	-0.19435596466064453
25.119846	0.010262846946716309	0.009355902671813965	-0.17617130279541016
25.139817	-0.012902438640594482	0.04348325729370117	-0.13449668884277344
25.1598	0.027293682098388672	0.027874112129211426	-0.13176250457763672
25.179817	0.10025393962860107	0.0036672353744506836	-0.30367183685302734
25.19988	0.06198769807815552	-0.0010788440704345703	-0.43696117401123047
25.219859	0.015921950340270996	-0.03411436080932617	-0.4385871887207031
