10.320967	0.0
10.339806	0.0
10.359867	0.0
10.379861	0.0
10.400012	0.0
10.419769	0.0
10.440141	0.0
10.459846	0.0
10.480116	0.0
10.499764	0.0
10.519855	0.0
10.540189	0.0
10.559803	0.0
10.580056	0.0
10.599847	0.0
10.619791	0.0
10.639817	0.0
10.659818	0.0
10.679803	0.0
10.699801	0.0
10.71986	0.0
10.739867	0.0
10.759879	0.0
10.7798	0.0
10.800031	0.0
10.819812	0.0
10.839876	0.0
10.859823	0.0
10.879758	0.0
10.899808	0.0
10.920191	0.0
10.939872	0.0
10.95977	0.0
10.979788	0.0
10.999775	0.0
11.019886	0.0
11.04009	0.0
11.060009	0.0
11.080117	0.0
11.099804	0.0
11.119873	0.0
11.139832	0.0
11.159835	0.0
11.180137	0.0
11.199837	0.0
11.219856	0.0
11.239836	0.0
11.25984	0.0
11.279845	0.0
11.299817	0.0
11.320096	0.0
11.339875	0.0
11.360055	0.0
11.379824	0.0
11.40003	0.0
11.420131	0.0
11.440062	0.0
11.459836	0.0
11.480076	0.0
11.499787	0.0
11.519802	0.0
11.539839	0.0
11.559835	0.0
11.579805	0.0
11.599778	0.0
11.619861	0.0
11.639839	0.0
11.660083	0.0
11.680086	0.0
11.699788	0.0
11.719888	0.0
11.739853	0.0
11.759889	0.0
11.780073	0.0
11.799841	0.0
11.819792	0.0
11.839876	0.0
11.860109	0.0
11.879829	0.0
11.899806	0.0
11.919878	0.0
11.940108	0.0
11.960167	0.0
11.979828	0.0
11.999807	0.0
12.020028	0.0
12.039837	0.0
12.059816	0.0
12.080057	0.0
12.099817	0.0
12.119879	0.0
12.140039	0.0
12.159972	0.0
12.179814	0.0
12.200146	0.0
12.220024	0.0
12.239768	0.0
12.260689	0.0
12.280044	0.0
12.299862	0.0
12.319962	0.0
12.340067	0.0
12.359837	0.0
12.379781	0.0
12.39978	0.0
12.41987	0.0
12.439834	0.0
12.45993	0.0
12.479952	0.0
12.499798	0.0
12.519919	0.0
12.53992	0.0
12.559834	-2.6746088810496E-4
12.580069	1.73388177867648E-5
12.600064	4.637084692416E-4
12.61994	6.5214205269888E-4
12.639881	-4.192676647334399E-5
12.660009	-0.00145274645615232
12.679873	-0.00197050032638976
12.700061	8.7942469987968E-5
12.719826	0.0037740653345664
12.739775	0.0048987673440768
12.759814	-4.0734570992831994E-4
12.779813	-0.009102331231073396
12.800028	-0.011364349527371635
12.819865	0.001296090763767168
12.839849	0.027316338911953536
12.859872	0.05307716177820634
12.880032	0.06307667698564992
12.899925	0.05268927714443021
12.919806	0.030568131430282367
12.939852	0.008853072920469888
12.960167	-0.00708651429214656
12.97985	-0.01784430314333376
12.999813	-0.02083749079697856
13.020282	-0.006766389228496511
13.039933	0.030660429202121087
13.059827	0.08136590109654797
13.079811	0.11910125844263424
13.099795	0.11961901231287168
13.120032	0.08123603186008665
13.140054	0.02753850592025357
13.160618	-0.01120144810333171
13.180773	-0.020680267157368436
13.19989	-0.00925955487068352
13.220609	0.00475888252225344
13.240633	0.008672832678643199
13.259878	0.0038620078045543678
13.279834	-0.001882557856401792
13.299817	-0.0034232467825420798
13.319859	-0.001494673222625664
13.339884	6.10215286225536E-4
13.359837	0.00111585052194048
13.379779	4.810472870283648E-4
13.399844	-2.501220703181952E-4
13.41981	-2.6746088810496E-4
13.439886	2.6746088810496E-4
13.460141	-1.73388177867648E-5
13.48013	-4.637084692416E-4
13.499826	-6.5214205269888E-4
13.519884	4.192676647334399E-5
13.539903	0.00145274645615232
13.559801	0.00197050032638976
13.580136	-8.7942469987968E-5
13.599793	-0.0037740653345664
13.620051	-0.00463130645597184
13.639805	1.2254600403659518E-4
13.659794	0.0083885006915136
13.679835	0.01119325476170112
13.699789	1.2914741275161598E-4
13.720265	-0.025270715987362444
13.739846	-0.05306504314368384
13.759824	-0.06724000829087885
13.779814	-0.058303973568925055
13.799797	-0.03015214451365248
13.819886	0.001930144906386432
13.840073	0.020609663505167235
13.860114	0.0169235406405888
13.880161	-0.004939122764080128
13.899834	-0.031465006147981436
13.919787	-0.04922623028653824
13.939786	-0.054759808241566725
13.959863	-0.053245283385510524
13.979843	-0.05261164284800256
14.000048	-0.05466822170971201
14.019825	-0.053853922550338565
14.039844	-0.04394537309482368
14.059836	-0.026688858909466137
14.079885	-0.009049320501606528
14.100025	0.0025204220830579204
14.119875	0.008946078279063937
14.140145	0.01241534076512064
14.160088	0.01036987625286528
14.180346	-0.004000321279907712
14.199854	-0.03122027348298125
14.220048	-0.057963810487760635
14.239826	-0.06492463130800308
14.259792	-0.0454102381854985
14.279788	-0.015512868864026879
14.300008	-8.24188952894976E-4
14.3198	-0.014878065629114763
14.339789	-0.045184704063866876
14.359857	-0.06637737776415539
14.379798	-0.0599343108141504
14.399788	-0.03113233101299328
14.420109	-2.2625594534131203E-4
14.439861	0.015268643596942081
14.45977	0.01227545594329728
14.479862	9.3869118308736E-5
14.499778	-0.009324974731342079
14.519901	-0.0091365411478848
14.540229	3.46035340486272E-5
14.559849	0.01109017037524992
14.579809	0.01329814327055232
14.59984	-1.3831347535334402E-4
14.620069	-0.02735826567842688
14.63981	-0.0550355434700736
14.659773	-0.06651726258597876
14.679864	-0.05430437411272704
14.700025	-0.026706123625728
14.719901	-1.80240241826688E-4
14.739874	0.0118453968144
14.760065	0.0088522091607552
14.779764	1.3988482182336E-4
14.799861	-0.0048987673440768
14.820045	-0.0037740653345664
14.83979	-8.7942469987968E-5
14.859785	0.00197050032638976
14.879865	0.00145274645615232
14.899797	4.192676647334399E-5
14.919884	-6.5214205269888E-4
14.939845	-4.637084692416E-4
14.959857	-1.73388177867648E-5
14.980003	2.6746088810496E-4
14.999842	0.0
15.020025	0.0
15.039785	0.0
15.059833	0.0
15.079839	0.0
15.100124	0.0
15.119864	0.0
15.140091	0.0
15.159827	0.0
15.179793	0.0
15.199872	0.0
15.219829	0.0
15.239862	0.0
15.259814	0.0
15.279883	0.0
15.300059	0.0
15.319932	0.0
15.34034	0.0
15.359828	0.0
15.379844	0.0
15.399858	0.0
15.420129	0.0
15.440519	0.0
15.460611	0.0
15.479775	0.0
15.49989	0.0
15.520114	0.0
15.540365	0.0
15.560606	0.0
15.579794	0.0
15.599851	0.0
15.6198	0.0
15.639903	0.0
15.659863	0.0
15.679858	0.0
15.699794	0.0
15.719824	0.0
15.740085	0.0
15.760055	0.0
15.779883	0.0
15.799764	0.0
15.819822	0.0
15.839837	0.0
15.859795	0.0
15.87983	0.0
15.899772	0.0
15.919829	0.0
15.939868	0.0
15.959858	0.0
15.980034	0.0
15.999989	0.0
16.019846	0.0
16.039812	0.0
16.059803	0.0
16.07987	0.0
16.099773	0.0
16.120296	0.0
16.140147	0.0
16.160167	0.0
16.180157	0.0
16.199783	0.0
16.219831	0.0
16.23978	0.0
16.25978	0.0
16.279847	0.0
16.29977	0.0
16.31983	0.0
16.339845	0.0
16.359805	0.0
16.379809	0.0
16.400507	0.0
16.419791	0.0
16.439785	0.0
16.459786	0.0
16.479783	0.0
16.49996	0.0
16.519799	0.0
16.539807	0.0
16.559841	0.0
16.579874	0.0
16.59985	0.0
16.6198	0.0
16.63986	0.0
16.660013	0.0
16.679859	0.0
16.700268	0.0
16.719819	0.0
16.740036	0.0
16.759877	0.0
16.779879	0.0
16.800045	0.0
16.81986	0.0
16.839828	0.0
16.859849	0.0
16.880159	0.0
16.899789	0.0
16.920161	0.0
16.93992	0.0
16.959816	0.0
16.979846	0.0
16.999773	0.0
17.019823	0.0
17.039894	0.0
17.05978	0.0
17.079879	0.0
17.09981	0.0
17.11989	0.0
17.139855	0.0
17.159826	0.0
17.179899	0.0
17.199795	0.0
17.219845	0.0
17.239797	0.0
17.260042	0.0
17.279864	0.0
17.299783	0.0
17.319852	0.0
17.339871	0.0
17.359828	0.0
17.379803	0.0
17.400188	0.0
17.41977	0.0
17.439791	0.0
17.459785	0.0
17.479762	0.0
17.499843	0.0
17.519794	0.0
17.539798	0.0
17.559926	0.0
17.580129	0.0
17.600559	0.0
17.62041	0.0
17.640902	0.0
17.660124	0.0
17.680139	0.0
17.700018	0.0
17.719841	0.0
17.73983	0.0
17.759845	0.0
17.779862	0.0
17.80006	0.0
17.819784	0.0
17.839795	0.0
17.860037	0.0
17.879788	0.0
17.899858	0.0
17.920027	0.0
17.939771	0.0
17.95979	0.0
17.97979	0.0
17.999794	0.0
18.019798	0.0
18.040092	0.0
18.059825	0.0
18.0799	0.0
18.099779	0.0
18.119844	0.0
18.139832	0.0
18.160095	0.0
18.179875	0.0
18.199817	0.0
18.219803	0.0
18.240087	0.0
18.259792	0.0
18.279927	0.0
18.299873	0.0
18.319802	0.0
18.339795	0.0
18.359781	0.0
18.380065	0.0
18.400057	0.0
18.419786	0.0
18.440045	0.0
18.459778	0.0
18.479827	0.0
18.499781	0.0
18.519846	0.0
18.539814	0.0
18.559873	0.0
18.579861	0.0
18.599875	0.0
18.619838	0.0
18.640159	0.0
18.65989	0.0
18.680061	0.0
18.699786	0.0
18.719828	2.6746088810496E-4
18.739898	-1.73388177867648E-5
18.759853	-4.637084692416E-4
18.779882	-6.5214205269888E-4
18.799805	4.192676647334399E-5
18.820126	0.0017202073442572799
18.839814	0.002220622396707955
18.859835	-3.0152886891137283E-4
18.880034	-0.004639793786188685
18.899788	-0.005990029917330701
18.919816	7.861684106135038E-4
18.939807	0.01164790183928498
18.959828	0.014758919424185855
18.980073	-0.001003682428432896
18.999781	-0.033204349611177866
19.019813	-0.06222102615851585
19.039864	-0.06532601265980736
19.060114	-0.03933126930414374
19.080073	-0.008328265182516864
19.099811	-0.007844518695760899
19.119856	-0.055744962561361536
19.139877	-0.13411571211962264
19.159865	-0.19903726843800384
19.180074	-0.21218760750374094
19.199782	-0.16917875672618957
19.219845	-0.10359231236743821
19.239865	-0.059516733230870006
19.25986	-0.06000034390978137
19.279908	-0.09196150526643955
19.299781	-0.12013213330346185
19.319864	-0.11634046042428364
19.340118	-0.07932130557582093
19.360161	-0.030691844514205056
19.380076	0.005244852963447168
19.399896	0.0198764569587287
19.4198	0.018135183374030972
19.439814	0.00823321293338738
19.460116	-0.008283393733726616
19.479766	-0.03120349953197403
19.500092	-0.05374343917950977
19.519807	-0.06323099780031322
19.539793	-0.05164175413984078
19.559839	-0.02507837769745882
19.579878	-0.001384033233755136
19.599785	0.007590284192805236
19.619849	0.0042035638869965955
19.639824	5.472305317516799E-4
19.659838	0.0039534418166784005
19.679833	0.008071331479833601
19.69989	-2.68182711814656E-4
19.719819	-0.02473562329933824
19.740044	-0.05311908854467968
19.75985	-0.06645799700171866
19.779865	-0.05522397705353088
19.799868	-0.0271698320949696
19.82007	-1.9757905961345282E-4
19.840081	0.01211285770250496
19.859802	0.0088522091607552
19.879839	1.3988482182336E-4
19.899947	-0.0048987673440768
19.919802	-0.0037740653345664
19.939806	-8.7942469987968E-5
19.959888	0.00197050032638976
19.98002	0.00145274645615232
19.999845	4.192676647334399E-5
20.019791	-6.5214205269888E-4
20.039807	-4.637084692416E-4
20.060054	-1.73388177867648E-5
20.080107	2.6746088810496E-4
20.100049	0.0
20.120126	0.0
20.139757	0.0
20.159761	0.0
20.179783	0.0
20.20015	0.0
20.21978	0.0
20.239757	0.0
20.26007	0.0
20.279762	0.0
20.299824	0.0
20.319779	0.0
20.339781	0.0
20.359804	0.0
20.379789	0.0
20.399819	2.6746088810496E-4
20.419881	-1.73388177867648E-5
20.439847	-4.637084692416E-4
20.459803	-6.5214205269888E-4
20.480131	3.09387654578304E-4
20.499782	0.0014354076383655552
20.519862	0.00150679185714816
20.539865	-7.400845226868479E-4
20.560178	-0.003732138568093056
20.580097	-0.00344602088792448
20.599785	0.00237784603631808
20.619839	0.008746927872980467
20.640091	0.007607623010592
20.660103	-0.005731149638602368
20.679789	-0.026524312037431295
20.699819	-0.04426687938392448
20.719777	-0.052684026627402236
20.740061	-0.054840017712646655
20.7598	-0.0571863125860224
20.779787	-0.05965084258673549
20.799802	-0.05451464213196863
20.819776	-0.0368674166793216
20.83978	-0.01472084198950464
20.85981	-0.005259247827730176
20.879755	-0.018634792145894398
20.899775	-0.045807568310064765
20.920017	-0.06438953861997887
20.940013	-0.05801785588875648
20.95976	-0.030438262193821054
20.979784	-9.20324764513536E-4
20.999786	0.013352188671548158
21.019787	0.010287616799120757
21.04008	4.4927247640166396E-4
21.059786	-0.00555090939677568
21.080057	-0.0042377738038079996
21.099773	-1.0528128777473279E-4
21.119855	0.00223796121449472
21.140211	0.00145274645615232
21.160343	4.192676647334399E-5
21.180455	-6.5214205269888E-4
21.200899	-4.637084692416E-4
21.220078	-1.73388177867648E-5
21.239802	2.6746088810496E-4
21.259775	0.0
21.279837	0.0
21.299854	0.0
21.319804	0.0
21.3399	0.0
21.359836	0.0
21.379797	0.0
21.399818	0.0
21.41978	0.0
21.440181	0.0
21.459868	0.0
21.480084	0.0
21.500069	0.0
21.5198	0.0
21.53981	0.0
21.559813	0.0
21.579843	0.0
21.599773	0.0
21.619826	0.0
21.639809	0.0
21.659836	0.0
21.68007	0.0
21.699771	0.0
21.719858	0.0
21.739865	0.0
21.76012	0.0
21.78018	0.0
21.799784	0.0
21.819874	0.0
21.839807	0.0
21.860076	0.0
21.87979	0.0
21.900103	0.0
21.919773	0.0
21.939783	0.0
21.960106	0.0
21.980033	0.0
21.999849	0.0
22.019798	0.0
22.03978	0.0
22.059796	0.0
22.079856	0.0
22.099801	0.0
22.120162	0.0
22.139872	0.0
22.159885	0.0
22.179823	0.0
22.199815	0.0
22.219787	0.0
22.239868	0.0
22.259848	0.0
22.279779	0.0
22.299841	0.0
22.319776	0.0
22.340042	0.0
22.359781	0.0
22.380018	0.0
22.399836	0.0
22.419794	0.0
22.441369	0.0
22.460111	0.0
22.479893	0.0
22.500169	0.0
22.520047	0.0
22.539818	0.0
22.55982	0.0
22.579803	0.0
22.600073	0.0
22.619823	0.0
22.639999	0.0
22.659828	0.0
22.679893	0.0
22.699898	0.0
22.719902	0.0
22.739785	0.0
22.759807	0.0
22.78002	0.0
22.799861	-2.6746088810496E-4
22.819831	1.73388177867648E-5
22.839836	4.637084692416E-4
22.859784	6.5214205269888E-4
22.87978	-3.09387654578304E-4
22.899782	-0.0014354076383655552
22.919828	-0.00150679185714816
22.939883	7.400845226868479E-4
22.959844	0.003732138568093056
22.980102	0.00344602088792448
22.999848	-0.00211038514821312
23.019826	-0.008764266690767233
23.040122	-0.008071331479833601
23.059914	0.004811546697798528
23.079802	0.026316116733586442
23.099826	0.046200673127105164
23.11984	0.05577037747573248
23.139931	0.05509482964077926
23.159846	0.051667451958512134
23.179807	0.051542414859040014
23.199861	0.053637697549012486
23.219802	0.050672896217885066
23.239805	0.034860248781862654
23.259785	0.006757397723735424
23.279794	-0.020690778611757814
23.29986	-0.02854206435688178
23.319803	-0.005869416376604544
23.339841	0.03956349036851251
23.35984	0.08319616266809203
23.379834	0.10244987305626702
23.400166	0.09702515850032217
23.41985	0.0898933166851483
23.439903	0.10486261094560627
23.459795	0.1417039906389577
23.479787	0.17312372590709185
23.500456	0.17267735625563702
23.519831	0.14078438769815385
23.539824	0.10517199860018456
23.560866	0.09132872432351384
23.579929	0.09853195035747032
23.59986	0.10170978853358015
23.620104	0.07946402409999896
23.639788	0.03611746948058804
23.659779	-0.0037590312283914237
23.679799	-0.019777797666114545
23.700147	-0.012619447131924214
23.719815	0.001678390137831936
23.739814	0.008294009977958015
23.759878	0.004953270377808268
23.78008	-0.0010168294047795071
23.799822	-0.0032096603836186746
23.819806	-0.0017447952929438592
23.839844	3.42754398120576E-4
23.85981	0.00111585052194048
23.879906	4.810472870283648E-4
23.899824	-2.501220703181952E-4
23.919792	-2.6746088810496E-4
23.939788	0.0
23.959813	0.0
23.97986	0.0
23.999789	0.0
24.019899	0.0
24.039843	0.0
24.059873	0.0
24.080024	0.0
24.09983	0.0
24.119826	0.0
24.139791	0.0
24.159807	0.0
24.179784	0.0
24.200115	0.0
24.219769	0.0
24.240077	0.0
24.260713	0.0
24.280157	0.0
24.299772	0.0
24.319821	0.0
24.339798	0.0
24.359818	0.0
24.380104	0.0
24.399858	0.0
24.419798	0.0
24.439863	0.0
24.459778	0.0
24.479813	0.0
24.500117	0.0
24.519799	0.0
24.539795	0.0
24.55985	0.0
24.579805	0.0
24.599865	0.0
24.619792	0.0
24.63983	0.0
24.659824	0.0
24.679826	0.0
24.699794	0.0
24.719783	0.0
24.739838	0.0
24.759828	-2.6746088810496E-4
24.779869	1.73388177867648E-5
24.800057	4.637084692416E-4
24.820188	6.5214205269888E-4
24.840677	-4.192676647334399E-5
24.86063	-0.0017202073442572799
24.880639	-0.001953161508602995
24.900767	5.51650939229568E-4
24.919893	0.0044262073872652795
24.939865	0.004856840577603456
24.959824	-0.00159263127797568
24.98017	-0.01082270948714496
24.999778	-0.011757454344412032
25.019925	0.003954305576393088
25.039866	0.03133743008169984
25.059835	0.05418182810869045
25.079914	0.05812876189446516
25.1001	0.04384228870837248
25.119846	0.02749657915378022
25.139817	0.025391690644929025
25.1598	0.03930319140388992
25.179817	0.05576515675103501
25.19988	0.05829395798356301
25.219859	0.040277723648448
