39.70995	0.2895196596
39.729939	0.1447598298
39.749706	0.1447598298
39.769753	0.0
39.789932	0.0
39.809773	0.2895196596
39.82992	0.2895196596
39.849784	0.1447598298
39.870019	0.1447598298
39.889844	0.1447598298
39.909779	0.0
39.929826	0.0
39.949752	0.1447598298
39.96973	0.2895196596
39.989906	0.2895196596
40.009893	0.2895196596
40.02999	0.2895196596
40.049883	0.1447598298
40.069823	0.1447598298
40.090013	0.1447598298
40.109839	0.1447598298
40.129849	0.0
40.149801	0.1447598298
40.169813	0.2895196596
40.18986	0.2895196596
40.209877	0.2895196596
40.229853	0.1447598298
40.250066	0.1447598298
40.269757	0.1447598298
40.289801	0.1447598298
40.310029	0.2895196596
40.32986	0.2895196596
40.34996	0.2895196596
40.370138	0.1447598298
40.389734	0.0
40.409739	0.0
40.429768	0.2895196596
40.449813	0.43427948939999994
40.470638	0.43427948939999994
40.489771	0.1447598298
40.509986	0.0
40.529746	0.1447598298
40.55385	0.43427948939999994
40.571118	0.2895196596
40.589796	0.1447598298
40.610032	0.43427948939999994
40.629736	0.723799149
40.649896	0.723799149
40.67026	0.723799149
40.690413	0.723799149
40.710058	0.723799149
40.729899	0.5790393192
40.749962	0.5790393192
40.769828	0.5790393192
40.789755	0.723799149
40.81012	0.8685589787999999
40.829825	0.8685589787999999
40.849807	0.8685589787999999
40.869847	0.723799149
40.889777	0.723799149
40.909745	1.0133188086
40.929762	1.0133188086
40.949817	0.723799149
40.969783	0.5790393192
40.989873	0.723799149
41.009827	0.8685589787999999
41.030226	1.0133188086
41.049768	1.1580786384
41.069771	1.0133188086
41.090257	0.8685589787999999
41.109793	0.723799149
41.129845	0.8685589787999999
41.149823	0.8685589787999999
41.169813	0.723799149
41.190031	0.8685589787999999
41.209779	1.1580786384
41.229856	1.447598298
41.249741	1.3028384681999998
41.269782	0.8685589787999999
41.289764	-0.2895196596
41.310109	-0.43427948939999994
41.329763	-0.1447598298
41.349812	0.0
41.369814	-0.2895196596
41.389777	0.0
41.409781	0.0
41.430868	-0.43427948939999994
41.449805	-0.43427948939999994
41.470079	-0.2895196596
41.489968	0.0
41.50982	0.1447598298
41.529758	0.0
41.549764	-0.1447598298
41.569808	-0.5790393192
41.589785	-0.5790393192
41.609909	-0.5790393192
41.630087	-0.43427948939999994
41.649829	-0.43427948939999994
41.669805	-0.723799149
41.689748	-0.5790393192
41.709929	0.0
41.729804	0.2895196596
41.749887	0.1447598298
41.769945	0.0
41.78975	0.0
41.809805	0.1447598298
41.829881	0.2895196596
41.849826	0.723799149
41.870496	0.5790393192
41.889994	0.43427948939999994
41.909779	0.43427948939999994
41.929802	0.43427948939999994
41.949853	0.2895196596
41.970358	0.5790393192
41.989733	1.0133188086
42.009963	0.0
42.029838	-0.723799149
42.049828	-1.0133188086
42.069905	-0.5790393192
42.08972	-0.43427948939999994
42.109827	-0.5790393192
42.129854	-0.5790393192
42.14989	-0.723799149
42.169809	-0.43427948939999994
42.18978	-0.1447598298
42.210129	-0.8685589787999999
42.229846	-1.1580786384
42.250067	-0.8685589787999999
42.269998	-0.5790393192
42.290432	-0.2895196596
42.309858	-0.1447598298
42.329845	-0.1447598298
42.349784	-0.1447598298
42.369791	0.0
42.390654	0.0
42.410027	-0.1447598298
42.42995	0.1447598298
42.450077	0.1447598298
42.470441	0.2895196596
42.490796	0.43427948939999994
42.510804	0.2895196596
42.530086	0.0
42.549975	-0.1447598298
42.570317	0.1447598298
42.59072	0.5790393192
42.610069	0.8685589787999999
42.630154	0.5790393192
42.650184	-1.5923581277999999
42.670502	-2.171397447
42.689786	-1.8818777874
42.710561	-1.1580786384
42.730049	0.1447598298
42.750111	0.2895196596
42.769895	0.1447598298
42.789759	-0.5790393192
42.809786	-1.3028384681999998
42.829818	-1.447598298
42.850143	-1.3028384681999998
42.8698	-0.43427948939999994
42.889849	-0.1447598298
42.909824	0.0
42.929821	0.1447598298
42.949798	0.2895196596
42.970167	0.1447598298
42.990007	0.0
43.010494	0.1447598298
43.030064	0.2895196596
43.049885	0.1447598298
43.06981	0.0
43.089755	0.0
43.109909	0.0
43.129908	0.0
43.149973	0.1447598298
43.170101	0.5790393192
43.189995	0.8685589787999999
43.209838	0.5790393192
43.230062	-0.5790393192
43.249807	-1.1580786384
43.269803	-1.1580786384
43.289748	-0.8685589787999999
43.309732	-0.5790393192
43.329985	-0.8685589787999999
43.349737	-0.723799149
43.369788	-0.43427948939999994
43.38982	-0.5790393192
43.409889	-0.8685589787999999
43.430078	-1.0133188086
43.450156	-0.723799149
43.469785	-0.2895196596
43.489746	0.0
43.509835	0.1447598298
43.52986	0.0
43.550372	0.1447598298
43.569754	0.1447598298
43.58983	0.2895196596
43.609833	0.2895196596
43.629797	0.1447598298
43.649935	0.1447598298
43.670154	0.2895196596
43.690314	0.2895196596
43.709759	0.1447598298
43.729786	0.0
43.749973	0.1447598298
43.769947	0.5790393192
43.789774	0.723799149
43.809957	-0.1447598298
43.830112	-0.8685589787999999
43.850092	-1.3028384681999998
43.869736	-1.1580786384
43.889879	0.0
43.909762	0.0
43.9298	-0.1447598298
43.949879	-0.1447598298
43.96973	-0.723799149
43.989882	-1.1580786384
44.009739	-1.1580786384
44.029819	-0.43427948939999994
44.049742	-0.1447598298
44.06976	0.0
44.089734	0.2895196596
44.109798	0.43427948939999994
44.130024	0.43427948939999994
44.149803	0.43427948939999994
44.170099	0.0
44.189784	0.0
44.210516	0.1447598298
44.229736	0.2895196596
44.249735	0.2895196596
44.26979	0.1447598298
44.289793	0.0
44.310436	0.1447598298
44.32985	0.43427948939999994
44.350754	0.8685589787999999
44.370678	0.43427948939999994
44.39004	-0.723799149
44.410099	-1.0133188086
44.42999	-1.0133188086
44.449781	-0.5790393192
44.469765	-0.2895196596
44.489738	-0.5790393192
44.509777	-0.723799149
44.531045	-0.723799149
44.549804	-1.0133188086
44.569759	-1.0133188086
44.589765	-0.8685589787999999
44.609772	-0.2895196596
44.629749	-0.1447598298
44.649788	0.0
44.66977	0.0
44.689968	0.0
44.709728	0.1447598298
44.729792	0.0
44.749818	-0.1447598298
44.769788	-0.1447598298
44.789759	0.2895196596
44.809706	0.723799149
44.830936	0.5790393192
44.84977	0.2895196596
44.869712	0.1447598298
44.889959	-0.1447598298
44.909731	0.2895196596
44.929896	0.8685589787999999
44.949783	1.0133188086
44.970083	0.0
44.989994	-0.8685589787999999
45.009736	-1.3028384681999998
45.029726	-0.723799149
45.049743	-0.2895196596
45.069716	0.0
45.089783	-0.1447598298
45.109761	-0.8685589787999999
45.129726	-1.0133188086
45.153445	-1.0133188086
45.170556	-0.5790393192
45.189835	-0.2895196596
45.20975	-0.1447598298
45.22974	0.0
45.249965	0.43427948939999994
45.270401	0.5790393192
45.289736	0.43427948939999994
45.309759	0.1447598298
45.329764	-0.1447598298
45.349874	0.1447598298
45.370042	0.2895196596
45.390011	0.2895196596
45.409777	0.0
45.43009	-0.1447598298
45.450068	0.0
45.46999	0.1447598298
45.489724	0.5790393192
45.509965	0.723799149
45.529752	0.8685589787999999
45.549733	0.723799149
45.569736	0.43427948939999994
45.589723	-0.2895196596
45.609728	-1.3028384681999998
45.629808	-0.723799149
45.649732	-0.2895196596
45.67	-0.1447598298
45.689833	-0.43427948939999994
45.709736	-0.43427948939999994
45.729795	-0.43427948939999994
45.750091	-0.723799149
45.76986	-0.5790393192
45.789848	-0.2895196596
45.810767	0.0
45.829754	0.1447598298
45.849939	0.1447598298
45.86979	0.2895196596
45.889784	0.2895196596
45.909768	0.0
45.930256	0.1447598298
45.949885	0.1447598298
45.970554	0.0
45.990585	0.1447598298
46.010518	0.43427948939999994
46.030536	0.43427948939999994
46.05029	0.43427948939999994
46.070603	0.43427948939999994
46.089948	0.5790393192
46.110145	0.8685589787999999
46.130883	0.723799149
46.150251	0.2895196596
46.170598	-0.43427948939999994
46.189924	-1.3028384681999998
46.20979	-1.0133188086
46.229828	-0.2895196596
46.249927	0.1447598298
46.270044	0.2895196596
46.289737	0.0
46.309997	0.0
46.329758	-0.2895196596
46.34982	-1.0133188086
46.369802	-0.723799149
46.389996	-0.1447598298
46.409951	0.1447598298
46.429765	0.2895196596
46.449906	0.43427948939999994
46.470175	0.5790393192
46.490064	0.723799149
46.509749	0.5790393192
46.529839	0.5790393192
46.549831	0.43427948939999994
46.569812	0.43427948939999994
46.589786	0.43427948939999994
46.609804	0.2895196596
46.629751	0.0
46.649997	0.1447598298
46.669815	0.5790393192
46.689734	1.0133188086
46.709766	0.723799149
46.729785	0.0
46.749904	-0.723799149
46.769771	-0.8685589787999999
46.791366	-0.1447598298
46.809807	0.0
46.829783	-0.1447598298
46.849821	-0.43427948939999994
46.86975	-0.5790393192
46.889831	-0.8685589787999999
46.909812	-1.1580786384
46.92981	-0.8685589787999999
46.949913	-0.43427948939999994
46.969802	-0.1447598298
46.990021	0.0
47.009877	0.0
47.029873	0.1447598298
47.049837	0.2895196596
47.069801	0.0
47.09014	0.0
47.110139	0.1447598298
47.129893	0.2895196596
47.149781	0.2895196596
47.169928	0.43427948939999994
47.189815	0.723799149
47.210134	0.5790393192
47.229831	0.2895196596
47.249803	0.2895196596
47.270042	0.723799149
47.289796	0.8685589787999999
47.309936	0.5790393192
47.330165	-0.43427948939999994
47.349882	-1.7371179575999998
47.369742	-1.1580786384
47.389747	-0.2895196596
47.409781	0.1447598298
47.429723	-0.1447598298
47.449967	-0.1447598298
47.470066	-0.1447598298
47.489814	-0.5790393192
47.509897	-0.5790393192
47.530023	-0.5790393192
47.550052	-0.2895196596
47.569998	0.2895196596
47.58983	0.5790393192
47.609776	0.723799149
47.629747	0.723799149
47.64975	0.5790393192
47.669817	0.2895196596
47.689911	0.2895196596
47.710163	0.43427948939999994
47.730146	0.2895196596
47.75003	0.2895196596
47.769973	0.1447598298
47.789744	0.43427948939999994
47.809806	0.1447598298
47.830006	0.1447598298
47.849752	0.5790393192
47.869874	0.2895196596
47.88974	-0.1447598298
47.909861	-0.5790393192
47.930124	-0.5790393192
47.949926	-0.2895196596
47.970065	-0.1447598298
47.989944	0.0
48.009755	0.0
48.029762	-0.1447598298
48.04997	-0.5790393192
48.069834	-0.723799149
48.090751	-0.43427948939999994
48.109971	-0.1447598298
48.129805	0.1447598298
48.149848	0.2895196596
48.169982	0.1447598298
48.19099	0.1447598298
48.209876	0.1447598298
48.229904	0.2895196596
48.249913	0.2895196596
48.270062	0.1447598298
48.290005	0.0
48.309743	0.1447598298
48.330056	0.43427948939999994
48.349804	0.43427948939999994
48.370049	0.2895196596
48.389831	0.43427948939999994
48.409892	0.723799149
48.429821	1.0133188086
48.44986	0.43427948939999994
48.470074	-0.723799149
48.489767	-1.5923581277999999
48.510311	-0.723799149
48.529957	0.0
48.549732	0.2895196596
48.569986	-0.1447598298
48.589801	-0.5790393192
48.610138	-0.8685589787999999
48.629849	-0.723799149
48.649803	0.0
48.669992	0.1447598298
48.69005	0.0
48.709879	0.0
48.72987	0.5790393192
48.750029	0.723799149
48.769765	0.723799149
48.78982	0.1447598298
48.809854	0.0
48.830042	0.1447598298
48.850523	0.2895196596
48.869757	0.2895196596
48.890123	0.1447598298
48.910039	0.0
48.930325	0.1447598298
48.95058	0.5790393192
48.969775	1.0133188086
48.989742	0.723799149
49.009896	-0.5790393192
49.029829	-0.8685589787999999
49.049813	-0.8685589787999999
49.069753	-0.2895196596
49.090184	0.2895196596
49.109749	0.1447598298
49.130009	0.0
49.149774	-0.2895196596
49.169774	-0.723799149
49.190105	-1.0133188086
49.209733	-1.0133188086
49.229752	-0.2895196596
49.249763	0.0
49.26979	0.1447598298
49.289976	0.2895196596
49.309847	0.43427948939999994
49.330077	0.43427948939999994
49.349798	0.2895196596
49.370018	0.1447598298
49.389854	0.2895196596
49.410044	0.2895196596
49.429991	0.2895196596
49.44974	0.43427948939999994
49.470059	0.2895196596
49.489751	0.1447598298
49.509805	0.8685589787999999
49.529842	1.1580786384
49.549744	0.723799149
49.569869	-0.1447598298
49.589756	-1.447598298
49.609977	-1.3028384681999998
49.629878	-0.5790393192
49.649745	0.1447598298
49.670063	0.1447598298
49.689762	0.0
49.709855	0.0
49.729922	-1.0133188086
49.749728	-1.1580786384
49.769897	-0.8685589787999999
49.789754	-0.2895196596
49.809817	0.1447598298
49.82976	0.1447598298
49.850204	0.1447598298
49.870022	0.2895196596
49.889771	0.2895196596
49.909865	0.2895196596
49.929751	0.1447598298
49.949759	0.43427948939999994
49.969991	0.2895196596
49.989773	0.2895196596
50.010187	0.2895196596
50.029959	0.2895196596
50.049751	0.2895196596
50.07005	0.43427948939999994
50.089782	0.723799149
50.109898	1.0133188086
50.12999	0.8685589787999999
50.150067	0.43427948939999994
50.170073	-0.723799149
50.189981	-0.8685589787999999
50.20984	-0.723799149
50.229862	-0.43427948939999994
50.249747	-0.2895196596
50.269763	-0.2895196596
50.289992	-0.1447598298
50.309761	-0.5790393192
50.329826	-0.8685589787999999
50.350164	-0.8685589787999999
50.370258	-0.5790393192
50.389755	-0.1447598298
50.409779	0.1447598298
50.430071	0.1447598298
50.449758	0.2895196596
50.469809	0.1447598298
50.490008	-0.1447598298
50.50984	-0.2895196596
50.529863	0.1447598298
50.550045	0.2895196596
50.570359	0.2895196596
50.590046	0.0
50.610089	0.0
50.629815	0.2895196596
50.649838	0.8685589787999999
50.670807	1.3028384681999998
50.689745	0.5790393192
50.710004	-0.43427948939999994
50.729759	-1.0133188086
50.749993	-1.0133188086
50.770455	-0.8685589787999999
50.789889	-0.723799149
50.809813	-0.1447598298
50.829799	0.1447598298
50.849841	0.2895196596
50.869883	0.2895196596
50.890081	-1.0133188086
50.910051	-1.447598298
50.929732	-1.1580786384
50.94988	-0.43427948939999994
50.969828	0.43427948939999994
50.989747	0.1447598298
51.00998	0.1447598298
51.029903	0.1447598298
51.049815	0.0
51.069912	-0.1447598298
51.089787	0.0
51.110028	0.2895196596
51.129758	0.43427948939999994
51.149794	0.43427948939999994
51.169891	0.43427948939999994
51.189766	0.2895196596
51.209917	0.1447598298
51.22974	-0.1447598298
51.250036	0.2895196596
51.269815	0.8685589787999999
51.290015	0.8685589787999999
51.309724	0.1447598298
51.32975	-1.3028384681999998
51.349845	-1.1580786384
51.37004	-0.5790393192
51.389958	-0.1447598298
51.409751	-0.723799149
51.430081	-1.1580786384
51.449863	-1.1580786384
51.469804	-0.8685589787999999
51.489738	-1.1580786384
51.509798	-1.447598298
51.529792	-1.0133188086
51.549875	-0.5790393192
51.569746	-0.43427948939999994
51.589885	-0.2895196596
51.609904	-0.2895196596
51.629966	-0.43427948939999994
51.649769	-0.43427948939999994
51.669935	-0.2895196596
51.689765	-0.2895196596
51.709747	-0.2895196596
51.730026	-0.1447598298
51.750104	0.0
51.769866	0.1447598298
51.789899	0.1447598298
51.809885	0.43427948939999994
51.829767	0.5790393192
51.84978	0.43427948939999994
51.870063	0.1447598298
51.889742	0.0
51.909759	0.5790393192
51.929742	0.723799149
51.949736	0.5790393192
51.969855	0.1447598298
51.989805	0.1447598298
52.009894	0.1447598298
52.029978	0.2895196596
52.049846	-0.1447598298
52.069953	-0.43427948939999994
52.090092	-0.5790393192
52.109899	-0.2895196596
52.129822	-0.1447598298
52.149803	0.0
52.170071	-0.43427948939999994
52.189751	-1.1580786384
52.210712	-1.0133188086
52.229931	-0.8685589787999999
52.249745	-0.723799149
52.270077	-0.43427948939999994
52.289756	-0.2895196596
52.309881	-0.43427948939999994
52.330106	-0.2895196596
52.34975	0.0
52.369932	0.0
52.389783	-0.1447598298
52.409855	-0.5790393192
52.429841	-0.5790393192
52.449911	-0.1447598298
52.469968	0.43427948939999994
52.489752	0.5790393192
52.509901	0.43427948939999994
52.530106	0.2895196596
52.549963	-0.1447598298
52.569757	0.0
52.589816	0.0
52.60984	0.0
52.629827	0.1447598298
52.649839	0.1447598298
52.670066	0.0
52.690675	0.0
52.710049	0.0
52.730125	0.0
52.750005	0.0
52.770042	0.1447598298
52.790177	0.2895196596
52.810356	0.2895196596
52.829793	0.43427948939999994
52.850131	0.43427948939999994
52.870076	0.43427948939999994
52.889747	0.2895196596
52.909825	0.1447598298
52.929758	0.1447598298
52.94986	0.1447598298
52.970124	0.1447598298
52.989973	0.2895196596
53.009743	0.43427948939999994
53.029744	0.43427948939999994
53.049813	0.43427948939999994
53.069949	0.43427948939999994
53.089967	0.43427948939999994
53.110171	0.43427948939999994
53.129936	0.43427948939999994
53.150049	0.2895196596
53.169961	0.2895196596
53.18997	0.2895196596
53.209842	0.2895196596
53.229788	0.1447598298
53.249817	0.2895196596
53.270124	0.2895196596
53.289763	0.1447598298
53.310015	0.2895196596
53.329844	0.2895196596
53.350039	0.2895196596
53.370042	0.43427948939999994
53.390022	0.2895196596
53.409809	0.2895196596
53.429748	0.2895196596
53.449818	0.2895196596
53.470047	0.2895196596
53.48972	0.43427948939999994
53.509742	0.43427948939999994
53.529767	0.2895196596
53.550426	0.2895196596
53.569764	0.5790393192
53.589745	0.43427948939999994
53.609742	0.0
53.629758	0.1447598298
53.649929	0.1447598298
53.66996	0.1447598298
