39.70995	0.0
39.729939	-6.729967766289502E-8
39.749706	5.763469881244212E-8
39.769753	7.034934117080685E-7
39.789932	1.6576630731015982E-6
39.809773	1.7896865607852298E-6
39.82992	1.8038336174752828E-7
39.849784	-2.1351290041808655E-6
39.870019	-2.2282777273739567E-6
39.889844	1.972831191978294E-6
39.909779	8.076929787621345E-6
39.929826	8.772304546016276E-6
39.949752	-1.326525989813051E-6
39.96973	-1.6244442099329333E-5
39.989906	-1.4897981701011306E-5
40.009893	2.9365308274401836E-5
40.02999	1.342913162716673E-4
40.049883	2.9479442478845053E-4
40.069823	4.971281678592674E-4
40.090013	7.342219762962478E-4
40.109839	0.0010077463066878675
40.129849	0.0013518005372871202
40.149801	0.0017857105476875013
40.169813	0.0023125515815602357
40.18986	0.002905981637248976
40.209877	0.0035284192862328595
40.229853	0.0041594344182898
40.250066	0.004818122482955147
40.269757	0.005512391709961651
40.289801	0.006313553364940546
40.310029	0.007244514450249759
40.32986	0.008278080820501578
40.34996	0.009433986507815512
40.370138	0.01067799135832126
40.389734	0.011940234220755394
40.409739	0.01326611163517016
40.429768	0.014624769897244599
40.449813	0.016027102735190958
40.470638	0.017558701084662755
40.489771	0.019055702014102095
40.509986	0.0207524593268399
40.529746	0.02251086052431128
40.55385	0.024763931232254
40.571118	0.02641649049945904
40.589796	0.02825119626126835
40.610032	0.030322520331974374
40.629736	0.03244706240721448
40.649896	0.0347369857688903
40.67026	0.03713831689006881
40.690413	0.03956109528452934
40.710058	0.041951169888581684
40.729899	0.04441611308564618
40.749962	0.047005518081488486
40.769828	0.04969697371565537
40.789755	0.05252446700065787
40.81012	0.055518971679643835
40.829825	0.058485737171249275
40.849807	0.061554722606668145
40.869847	0.0647062450034099
40.889777	0.0679417351681228
40.909745	0.07132302568961911
40.929762	0.074899786257085
40.949817	0.0787243450573728
40.969783	0.08281737318428309
40.989873	0.08724770815722395
41.009827	0.09194532686947607
41.030226	0.09702372488979066
41.049768	0.10211293180552516
41.069771	0.10755278280053376
41.090257	0.11339296895127718
41.109793	0.11924367276254585
41.129845	0.12557344657749533
41.149823	0.1322101656075823
41.169813	0.13918003590794395
41.190031	0.14657071788797854
41.209779	0.15412821966483356
41.229856	0.16216889014577515
41.249741	0.1704687868117247
41.269782	0.17914308406709986
41.289764	0.18807571390418762
41.310109	0.19747467618183115
41.329763	0.2068807795835687
41.349812	0.2168699825369783
41.369814	0.2272612855274082
41.389777	0.23805230158100663
41.409781	0.24925100818393287
41.430868	0.26142715324288246
41.449805	0.2726208147367548
41.470079	0.2848888260222029
41.489968	0.29723864158361024
41.50982	0.3099706627291804
41.529758	0.3232647098203632
41.549764	0.33714608395507595
41.569808	0.35150921767188636
41.589785	0.36608181016373476
41.609909	0.38079932997826
41.630087	0.39544342778060226
41.649829	0.40963551365673617
41.669805	0.42391554817384586
41.689748	0.43815558625007156
41.709929	0.4525534757208618
41.729804	0.466665404427792
41.749887	0.48079078895231586
41.769945	0.49475036116180726
41.78975	0.508439178550268
41.809805	0.5222803467603903
41.829881	0.5361576482266145
41.849826	0.549940858903239
41.870496	0.5641408167236964
41.889994	0.5773835157284621
41.909779	0.5906123187861704
41.929802	0.6037635406783776
41.949853	0.6166887120608001
41.970358	0.6296564793044331
41.989733	0.6417167262348038
42.009963	0.6541717760077606
42.029838	0.6663665187675832
42.049828	0.6786612613129729
42.069905	0.6910603694727421
42.08972	0.7033303540576791
42.109827	0.7158073860344785
42.129854	0.7283020009764203
42.14989	0.7409501830900039
42.169809	0.7537382769437686
42.18978	0.7667861048447093
42.210129	0.7802777874032167
42.229846	0.7935038959808225
42.250067	0.8072468347788119
42.269998	0.821018524481646
42.290432	0.8353975537944348
42.309858	0.8492355300245726
42.329845	0.863490902655795
42.349784	0.8775475215519702
42.369791	0.891360052429658
42.390654	0.9054094181131278
42.410027	0.9181852341067627
42.42995	0.9310979731902072
42.450077	0.9439585519076509
42.470441	0.9567959751958848
42.490796	0.9694302956031376
42.510804	0.9816048803262692
42.530086	0.9930491090480278
42.549975	1.0045033328212318
42.570317	1.0158654248016936
42.59072	1.0269850507607043
42.610069	1.0373818614618975
42.630154	1.0481075924777055
42.650184	1.0587859923580318
42.670502	1.0696012950669522
42.689786	1.079832189662664
42.710561	1.09080268909352
42.730049	1.101070106693588
42.750111	1.1116778324264487
42.769895	1.1222499093104203
42.789759	1.1330171268243954
42.809786	1.1439946835752106
42.829818	1.1550090568344917
42.850143	1.166155765202435
42.8698	1.1769523166310463
42.889849	1.1881282477614503
42.909824	1.1995529809079835
42.929821	1.2112305582622223
42.949798	1.222849317357767
42.970167	1.234225930479419
42.990007	1.2445743885852376
43.010494	1.2544826772166386
43.030064	1.263511980640851
43.049885	1.2725731631292307
43.06981	1.2818057655855342
43.089755	1.2911081738366765
43.109909	1.3003032706690905
43.129908	1.308956242373734
43.149973	1.3170511156567297
43.170101	1.3246715742898134
43.189995	1.3319252158544306
43.209838	1.3390934893860136
43.230062	1.3464628259718194
43.249807	1.3537496276318015
43.269803	1.3611985168192728
43.289748	1.3686683922325626
43.309732	1.376190078901275
43.329985	1.3838750736945669
43.349737	1.3914510413934758
43.369788	1.3992163298210405
43.38982	1.4070004334533792
43.409889	1.4147661964653362
43.430078	1.4225307691420948
43.450156	1.4302739192132388
43.469785	1.4379885050000232
43.489746	1.4460911135345484
43.509835	1.4545022958296483
43.52986	1.4629920348000345
43.550372	1.4715477735265292
43.569754	1.4793019826368625
43.58983	1.4868718697107588
43.609833	1.4939780911291218
43.629797	1.5007344421673163
43.649935	1.5073050341779903
43.670154	1.5136937408406288
43.690314	1.519826752095554
43.709759	1.5254610756721578
43.729786	1.5309169714518074
43.749973	1.5360713361591016
43.769947	1.540906757303297
43.789774	1.5455587333483265
43.809957	1.5502555586077331
43.830112	1.5549827519357393
43.850092	1.5597331907258691
43.869736	1.5644654283091697
43.889879	1.5693786372676792
43.909762	1.5742973328908927
43.9298	1.5793472810031628
43.949879	1.5845209968648002
43.96973	1.5897444254624715
43.989882	1.5951261028301733
44.009739	1.6004653014975503
44.029819	1.6058934751921417
44.049742	1.6113601070676575
44.06976	1.6170219958515148
44.089734	1.622881555159987
44.109798	1.6288978327317027
44.130024	1.6348852674848715
44.149803	1.6404403659862132
44.170099	1.6457005548372925
44.189784	1.6504460003575914
44.210516	1.6552471464334675
44.229736	1.6596850879979224
44.249735	1.664320478358836
44.26979	1.6688645902279797
44.289793	1.673109396281766
44.310436	1.6770514985602443
44.32985	1.6803768479186683
44.350754	1.6836508261333494
44.370678	1.6866695210969682
44.39004	1.6896572361215694
44.410099	1.6929088968302226
44.42999	1.6963111019171957
44.449781	1.6998405445025666
44.469765	1.7034979354747617
44.489738	1.7072099976569557
44.509777	1.710988678409028
44.531045	1.715078661909611
44.549804	1.7187516521885626
44.569759	1.7227120573115093
44.589765	1.7267179263336128
44.609772	1.7307872224424385
44.629749	1.734992838413004
44.649788	1.7394283976581326
44.66977	1.744049892449154
44.689968	1.7487782798490763
44.709728	1.7532498184785086
44.729792	1.7574578835283479
44.749818	1.7612803304874731
44.769788	1.7647866795395346
44.789759	1.7680865961482306
44.809706	1.7712110920650397
44.830936	1.7742768731779583
44.84977	1.7767005597299268
44.869712	1.7788638513524455
44.889959	1.7806551666287462
44.909731	1.7821037219743239
44.929896	1.7833948580133405
44.949783	1.7846026616028305
44.970083	1.7858503303742859
44.989994	1.7871199577686134
45.009736	1.7884089844478732
45.029726	1.7896998575708891
45.049743	1.7909399959915524
45.069716	1.7921377919229564
45.089783	1.793380690724926
45.109761	1.7947656697146295
45.129726	1.796362655133398
45.153445	1.798523657854982
45.170556	1.8001536979016504
45.189835	1.8020223294557411
45.20975	1.804026804494155
45.22974	1.806235065491159
45.249965	1.8087582026338205
45.270401	1.8115358522512808
45.289736	1.8141633769653083
45.309759	1.8166320101769782
45.329764	1.818716876975852
45.349874	1.8204783149684565
45.370042	1.8220620017014875
45.390011	1.8235570564122596
45.409777	1.824940016390212
45.43009	1.8261247322480483
45.450068	1.8269322098033636
45.46999	1.82734503788989
45.489724	1.8274418880054997
45.509965	1.827361372787796
45.529752	1.8272628920351206
45.549733	1.8272642213170076
45.569736	1.8274307180942362
45.589723	1.8277649180644835
45.609728	1.8282253133839248
45.629808	1.8287596965647872
45.649732	1.8293316744162282
45.67	1.829963604703611
45.689833	1.8306506586958455
45.709736	1.831408088661023
45.729795	1.8322023680073145
45.750091	1.832988995914463
45.76986	1.833734888134778
45.789848	1.834544629449552
45.810767	1.8356083124094975
45.829754	1.8368755416312845
45.849939	1.8386085932315042
45.86979	1.8405891650119768
45.889784	1.8426522697696532
45.909768	1.8445536965865952
45.930256	1.8461858304000276
45.949885	1.847452341252621
45.970554	1.8485533084110293
45.990585	1.849498768431016
46.010518	1.850346939560586
46.030536	1.8510545392493216
46.05029	1.8515368708856144
46.070603	1.851765450854642
46.089948	1.8517730236246766
46.110145	1.8516458492825199
46.130883	1.8514882913712185
46.150251	1.8513964892869421
46.170598	1.8514054287358175
46.189924	1.8515120166132042
46.20979	1.851701285568498
46.229828	1.851939679633362
46.249927	1.8522039044910301
46.270044	1.8524965550765877
46.289737	1.8528381488977679
46.309997	1.8532860556935453
46.329758	1.8538399967391634
46.34982	1.8545376488433984
46.369802	1.8553932138814884
46.389996	1.856483689219196
46.409951	1.8578591904233714
46.429765	1.8595500110465013
46.449906	1.861521326099235
46.470175	1.8635503667447175
46.490064	1.8653386444029778
46.509749	1.8667489340433674
46.529839	1.8678185406500498
46.549831	1.8686779085585976
46.569812	1.8695388298742073
46.589786	1.8705243405492382
46.609804	1.8716107383398486
46.629751	1.8726485707622296
46.649997	1.8734902560538378
46.669815	1.8740288197192327
46.689734	1.874314379119471
46.709766	1.874467150575701
46.729785	1.8746392228217226
46.749904	1.8749589435858638
46.769771	1.875487885010212
46.791366	1.8763406477203326
46.809807	1.8772707750487405
46.829783	1.8785142840996565
46.849821	1.8800007470557758
46.86975	1.8817024920802832
46.889831	1.8835965940162356
46.909812	1.8855858342550968
46.92981	1.887625917195543
46.949913	1.8897401059331507
46.969802	1.891985100499229
46.990021	1.8945391220952486
47.009877	1.897342222583666
47.029873	1.9003642339946194
47.049837	1.9033852455447355
47.069801	1.9062311373144059
47.09014	1.9088822368411291
47.110139	1.9113106063972127
47.129893	1.9136367562243444
47.149781	1.9159443118837027
47.169928	1.918172481996615
47.189815	1.9201224792843128
47.210134	1.921725197380713
47.229831	1.9228794955673367
47.249803	1.923707329849786
47.270042	1.9243262383461228
47.289796	1.9248489697602147
47.309936	1.9253930408344042
47.330165	1.9259980212653565
47.349882	1.9266498220111072
47.369742	1.9273515254292084
47.389747	1.9280802547028046
47.409781	1.928824796385139
47.429723	1.9296088681182095
47.449967	1.9305133585208476
47.470066	1.9315856441445345
47.489814	1.932837633456081
47.509897	1.9342998304077055
47.530023	1.935928541346046
47.550052	1.9377292076801877
47.569998	1.9397717295975339
47.58983	1.9421077934596525
47.609776	1.9447174095156614
47.629747	1.9473954449068092
47.64975	1.9498728215200312
47.669817	1.9519509524597736
47.689911	1.9536033198098217
47.710163	1.9549865535311177
47.730146	1.9562775874914728
47.75003	1.9576066651049087
47.769973	1.9589626723546363
47.789744	1.96021050994025
47.809806	1.961249763213572
47.830006	1.9620151049809762
47.849752	1.962550032486078
47.869874	1.9630162201249637
47.88974	1.9635666746345724
47.909861	1.9643556167396714
47.930124	1.9654503495375615
47.949926	1.9667932289386583
47.970065	1.9683811172461592
47.989944	1.9701063250409445
48.009755	1.97195237284058
48.029762	1.9739419358201742
48.04997	1.9760786195723457
48.069834	1.9782882429157849
48.090751	1.9807154313815771
48.109971	1.9830296524283046
48.129805	1.9855336144445292
48.149848	1.9882139754021548
48.169982	1.9910506218647082
48.19099	1.9940846206380642
48.209876	1.9967609526486705
48.229904	1.9994280722932987
48.249913	2.0018836581989494
48.270062	2.004198878324377
48.290005	2.0064345800608843
48.309743	2.0086570194353657
48.330056	2.0109342724761405
48.349804	2.013048062461148
48.370049	2.0150077704766827
48.389831	2.0166901521484184
48.409892	2.018211189415363
48.429821	2.019647883377885
48.44986	2.0211228018746445
48.470074	2.0227016396324875
48.489767	2.0243364391840535
48.510311	2.0261325184251544
48.529957	2.0279200033642724
48.549732	2.029787175121436
48.569986	2.0317761560229948
48.589801	2.0338010416138954
48.610138	2.035961484289693
48.629849	2.038123922986585
48.649803	2.0403813882012596
48.669992	2.0427713867608444
48.69005	2.045339408003686
48.709879	2.048172593338466
48.72987	2.0513694513113934
48.750029	2.054837867210465
48.769765	2.0582434445908984
48.78982	2.0614671535395273
48.809854	2.064331344236753
48.830042	2.066917824974591
48.850523	2.069401465637324
48.869757	2.071716378485032
48.890123	2.0741310147497467
48.910039	2.0763462835902238
48.930325	2.0783492687635157
48.95058	2.080091637034761
48.969775	2.081593183536642
48.989742	2.083118781364271
49.009896	2.0847357079363733
49.029829	2.086489502432515
49.049813	2.0884496451662193
49.069753	2.090615925991991
49.090184	2.0930272946557977
49.109749	2.0954661946008697
49.130009	2.0980889152604685
49.149774	2.1007189735558884
49.169774	2.103438580247098
49.190105	2.106241284540793
49.209733	2.1089730877247987
49.229752	2.1118270529132577
49.249763	2.1148479572644816
49.26979	2.1181406362084623
49.289976	2.121738090856819
49.309847	2.1254110721214783
49.330077	2.1290530163305097
49.349798	2.13233319336489
49.370018	2.1353867146310987
49.389854	2.138215547736774
49.410044	2.141107234555424
49.429991	2.1440683062272456
49.44974	2.1470411514995957
49.470059	2.1499635040513443
49.489751	2.152496836711858
49.509805	2.1546861788662515
49.529842	2.156532768006243
49.549744	2.158171300474166
49.569869	2.159796147891623
49.589756	2.16149737116216
49.609977	2.1633882364737618
49.629878	2.1654059272851036
49.649745	2.1675492503396216
49.670063	2.169854845449739
49.689762	2.1721989019215204
49.709855	2.1747136751254175
49.729922	2.1773427105423346
49.749728	2.1800250541474244
49.769897	2.182833263185746
49.789754	2.185721559860965
49.809817	2.1888865436451637
49.82976	2.192393248420891
49.850204	2.196367452615214
49.870022	2.2003989890650995
49.889771	2.2043000017893313
49.909865	2.2078847262227446
49.929751	2.2109873100298443
49.949759	2.213806752497473
49.969991	2.216597783102236
49.989773	2.2194243531892424
50.010187	2.222411374329897
50.029959	2.2251873038036534
50.049751	2.227648501057513
50.07005	2.2297468948027346
50.089782	2.231450804409833
50.109898	2.2330098894641157
50.12999	2.2345625612616757
50.150067	2.2362133795848362
50.170073	2.2379821753352513
50.189981	2.239846422583561
50.20984	2.241790222707812
50.229862	2.243837972152331
50.249747	2.2459807045304174
50.269763	2.2482736455242938
50.289992	2.250738893747067
50.309761	2.253271979391237
50.329826	2.2559371082242317
50.350164	2.2587197942820803
50.370258	2.261589681527207
50.389755	2.264584186981371
50.409779	2.267995634395799
50.430071	2.2718435194945483
50.449758	2.2758595908125256
50.469809	2.2800345319764284
50.490008	2.2840827188582096
50.50984	2.2877509998861445
50.529863	2.291127721173496
50.550045	2.29430031967757
50.570359	2.297383030329089
50.590046	2.300313028117927
50.610089	2.30318117152403
50.629815	2.3057802090358854
50.649838	2.3080928305822908
50.670807	2.3101504128810224
50.689745	2.3117975396964217
50.710004	2.31347482652681
50.729759	2.3151602662658126
50.749993	2.3169948529344
50.770455	2.318929388325893
50.789889	2.3207762891745682
50.809813	2.322642708032983
50.829799	2.3245051211536785
50.849841	2.32640683362328
50.869883	2.328362526408006
50.890081	2.3303700473350775
50.910051	2.3323777863064676
50.929732	2.334429255253558
50.94988	2.336734270937709
50.969828	2.3393457956887933
50.989747	2.3423060499161035
51.00998	2.3455314176555384
51.029903	2.3486526950010935
51.049815	2.351446257127149
51.069912	2.353782620457679
51.089787	2.3556582223379277
51.110028	2.357313890071558
51.129758	2.358913579491731
51.149794	2.360666857052625
51.169891	2.362523255296386
51.189766	2.3642680987834916
51.209917	2.3657061112405753
51.22974	2.3666676687305146
51.250036	2.367224217987641
51.269815	2.3675500966599694
51.290015	2.3678853612064974
51.309724	2.3683447304741896
51.32975	2.3689489988657417
51.349845	2.369605853381893
51.37004	2.3702276092008234
51.389958	2.3707833348468483
51.409751	2.3713390262242524
51.430081	2.3720223489783843
51.449863	2.3728770013453024
51.469804	2.3739429349892465
51.489738	2.3751467138467284
51.509798	2.376408865196998
51.529792	2.3776881249163
51.549875	2.3790635017415696
51.569746	2.3806279166011795
51.589885	2.382478269637912
51.609904	2.384492904137554
51.629966	2.3864818510176167
51.649769	2.3882066103542474
51.669935	2.3896012684528274
51.689765	2.3906348053377604
51.709747	2.3914004332674024
51.730026	2.3919230597621963
51.750104	2.392138878958221
51.769866	2.391958453200157
51.789899	2.391281486766073
51.809885	2.3900858632453734
51.829767	2.3884245924834424
51.84978	2.3863692085356085
51.870063	2.3840072410971223
51.889742	2.3815431454689002
51.909759	2.378908760714888
51.929742	2.376157070516598
51.949736	2.37326343893603
51.969855	2.370195116534675
51.989805	2.3670039864835086
52.009894	2.3636625158689233
52.029978	2.3602227164305303
52.049846	2.3567571329216666
52.069953	2.3532362430482925
52.090092	2.3497657666101097
52.109899	2.3464746713351983
52.129822	2.3433279584577793
52.149803	2.340332940820676
52.170071	2.337429615874808
52.189751	2.3347193718162385
52.210712	2.3319727282004274
52.229931	2.3296071138800727
52.249745	2.327359067188951
52.270077	2.325250624775409
52.289756	2.3233658325435704
52.309881	2.3215564244671323
52.330106	2.3198026908572373
52.34975	2.3180946710832173
52.369932	2.316256595347344
52.389783	2.314311837290742
52.409855	2.3121986454700476
52.429841	2.3099868919425646
52.449911	2.3076900514967655
52.469968	2.305289586302652
52.489752	2.3027212125675605
52.509901	2.2997753598539092
52.530106	2.296418747652998
52.549963	2.2927457188982805
52.569757	2.2887858398695315
52.589816	2.284553643791161
52.60984	2.2801805451393693
52.629827	2.27572187896798
52.649839	2.2712068087156245
52.670066	2.2666092407022944
52.690675	2.2618601145266126
52.710049	2.2572783342195115
52.730125	2.2523546574142133
52.750005	2.247329262943168
52.770042	2.242221359512992
52.790177	2.2371902617487596
52.810356	2.232348020176761
52.829793	2.2278679155831465
52.850131	2.223297083928199
52.870076	2.2188305670336463
52.889747	2.2143905602220566
52.909825	2.209831007524912
52.929758	2.205318156896519
52.94986	2.200814957962356
52.970124	2.1963276167200236
52.989973	2.1919605443517747
53.009743	2.187612121744658
53.029744	2.1831991423540917
53.049813	2.178762548623999
53.069949	2.174326862832448
53.089967	2.16997047453038
53.110171	2.165673323469401
53.129936	2.1616065536133586
53.150049	2.1576401923195476
53.169961	2.153888891839272
53.18997	2.150276689049727
53.209842	2.146805100109956
53.229788	2.143394713631702
53.249817	2.1400180084076954
53.270124	2.136644992984904
53.289763	2.1334569919746618
53.310015	2.1302894942162434
53.329844	2.1273386895870035
53.350039	2.12451187975653
53.370042	2.121894294181188
53.390022	2.1194601366070307
53.409809	2.1172211288006606
53.429748	2.115130888685693
53.449818	2.1131822559285944
53.470047	2.111358750383626
53.48972	2.109701618694388
53.509742	2.1081225079262573
53.529767	2.1066437031745973
53.550426	2.105221513838011
53.569764	2.1039778591886713
53.589745	2.10278369504837
53.609742	2.1016815799042567
53.629758	2.100681460837941
53.649929	2.0997943393601934
53.66996	2.0990464130411235
