35.839758	0.0
35.85975	0.0
35.880045	0.0
35.899801	0.0
35.919711	0.0
35.939967	0.0
35.960013	0.0
35.979778	0.0
35.999726	0.0
36.019715	0.0
36.039726	0.0
36.059743	0.0
36.079813	0.0
36.099742	0.0
36.119752	0.0
36.139731	0.0
36.159783	0.0
36.17971	0.0
36.199716	1.9352603486999585E-4
36.219777	-1.2545806900518259E-5
36.23971	-1.419983927343335E-4
36.259743	-4.844146716343659E-4
36.279799	-3.0518757750263377E-4
36.299755	5.792914126532034E-4
36.319751	0.0014561270565807529
36.339694	9.87527954792032E-4
36.359766	-0.0013050012176947675
36.379724	-0.0036082216887896143
36.399704	-0.0026295752983403267
36.419701	0.002860582436153271
36.439852	0.008672161557125514
36.460039	0.006274755801818325
36.479723	-0.010752740542587062
36.499933	-0.039616828081634206
36.519781	-0.06744087670482742
36.539956	-0.07897282416220933
36.559991	-0.06744087670482742
36.579985	-0.039616828081634206
36.599728	-0.010752740542587062
36.620434	0.006274755801818325
36.639735	0.008672161557125514
36.659991	0.002860582436153271
36.679976	-0.0026295752983403267
36.699726	-0.0036082216887896143
36.719718	-0.0013050012176947675
36.739712	9.87527954792032E-4
36.759829	0.0014561270565807529
36.779738	5.792914126532034E-4
36.799757	-3.0518757750263377E-4
36.819931	-4.844146716343659E-4
36.839704	-1.419983927343335E-4
36.860034	-1.2545806900518259E-5
36.879691	1.9352603486999585E-4
36.899704	0.0
36.919783	0.0
36.939776	0.0
36.959725	0.0
36.979733	0.0
36.99999	0.0
37.019757	0.0
37.03969	0.0
37.059884	0.0
37.079942	0.0
37.099715	0.0
37.119768	0.0
37.139677	0.0
37.159761	0.0
37.17997	0.0
37.199785	0.0
37.220006	0.0
37.239697	0.0
37.259751	0.0
37.279699	0.0
37.299772	0.0
37.319742	0.0
37.339765	0.0
37.359824	0.0
37.380178	0.0
37.39977	0.0
37.419947	0.0
37.440513	0.0
37.459756	0.0
37.480028	0.0
37.500078	0.0
37.519758	0.0
37.53977	0.0
37.559752	0.0
37.579737	0.0
37.599776	0.0
37.619777	0.0
37.639763	0.0
37.65978	0.0
37.679719	0.0
37.699709	0.0
37.719731	0.0
37.739734	1.9352603486999585E-4
37.759733	1.809802279694776E-4
37.779707	-1.5454419963485176E-4
37.799722	-6.264130643686994E-4
37.819711	-7.896022491369997E-4
37.83973	2.741038351505696E-4
37.859742	0.0022289445041039522
37.879725	0.0026246352393422628
37.899962	-4.7201746253758715E-4
37.919739	-0.005539635970853081
37.939733	-0.006833873201396945
37.960053	6.860912009329905E-4
37.979747	0.013413618262877888
37.999741	0.01676415930594792
38.019764	-0.005585060252808473
38.039735	-0.054815161660685084
38.060126	-0.11107910307638813
38.080005	-0.14389358291748586
38.09974	-0.1358248432010294
38.119956	-0.09781361258313916
38.139748	-0.06081124651696938
38.159747	-0.0525811277579431
38.180339	-0.07813438842286621
38.19979	-0.12025151277771685
38.219832	-0.1555739013764769
38.239731	-0.16990286738494273
38.25975	-0.16210948917935428
38.279819	-0.13967641487742938
38.299782	-0.11407621113777629
38.319722	-0.09796752706471762
38.339775	-0.10023402627547905
38.359798	-0.1185630887634973
38.379731	-0.13700641947894596
38.399749	-0.13535297433629548
38.420041	-0.10420206240930642
38.439768	-0.05437842110724726
38.459736	-0.00911710381210255
38.479783	0.013839841846904106
38.499827	0.01334998594028287
38.519765	0.002111881407412048
38.53975	-0.005782712924009893
38.55981	-0.005509299120751384
38.579693	-9.438863272714347E-4
38.599695	0.0022891108117379334
38.619805	0.0022163986972034335
38.639976	4.6762987002056547E-4
38.660003	-7.896022491369997E-4
38.679723	-6.264130643686994E-4
38.699695	-1.5454419963485178E-4
38.719712	1.809802279694776E-4
38.739992	1.9352603486999585E-4
38.760009	0.0
38.779967	0.0
38.799948	0.0
38.81972	0.0
38.839706	0.0
38.859737	0.0
38.879705	0.0
38.899709	0.0
38.919767	0.0
38.939774	0.0
38.959705	0.0
38.979727	0.0
38.9997	0.0
39.019695	0.0
39.039763	0.0
39.060055	0.0
39.079733	0.0
39.099737	0.0
39.119782	0.0
39.139968	0.0
39.159751	0.0
39.179714	0.0
39.199943	0.0
39.219721	0.0
39.239669	0.0
39.259787	0.0
39.279704	0.0
39.29971	0.0
39.319721	0.0
39.339713	0.0
39.359796	0.0
39.37971	0.0
39.39972	0.0
39.419781	0.0
39.440376	0.0
39.45972	0.0
39.479788	0.0
39.49972	0.0
39.51976	0.0
39.540304	0.0
39.559695	0.0
39.580013	0.0
39.59972	0.0
39.619782	0.0
39.639846	0.0
39.659742	0.0
39.67994	0.0
39.699702	0.0
39.719693	0.0
39.740064	0.0
39.75978	0.0
39.780071	0.0
39.799721	0.0
39.819947	0.0
39.839828	0.0
39.859796	0.0
39.879709	0.0
39.899732	0.0
39.919748	0.0
39.939799	0.0
39.959738	0.0
39.979734	0.0
40.000033	0.0
40.019789	0.0
40.0397	0.0
40.060401	0.0
40.079935	0.0
40.099721	0.0
40.119937	0.0
40.139736	0.0
40.1602	0.0
40.179734	0.0
40.199702	0.0
40.219787	0.0
40.239784	0.0
40.25975	0.0
40.279798	0.0
40.300178	0.0
40.319769	0.0
40.339729	0.0
40.362616	0.0
40.379741	0.0
40.40046	0.0
40.419716	0.0
40.439798	0.0
40.459731	0.0
40.479857	0.0
40.500191	0.0
40.520337	0.0
40.539703	0.0
40.559788	0.0
40.580419	0.0
40.600534	0.0
40.6198	0.0
40.640003	0.0
40.659729	0.0
40.679843	0.0
40.700144	0.0
40.719757	0.0
40.740289	0.0
40.759852	0.0
40.779722	0.0
40.799761	0.0
40.819941	0.0
40.839767	0.0
40.860127	0.0
40.879739	0.0
40.899944	0.0
40.919735	0.0
40.939983	0.0
40.959739	1.9352603486999585E-4
40.979713	-1.2545806900518259E-5
40.999698	-1.419983927343335E-4
41.019809	-4.844146716343659E-4
41.04012	-3.0518757750263377E-4
41.059744	5.792914126532034E-4
41.080103	0.0014561270565807529
41.099779	9.87527954792032E-4
41.11976	-0.0013050012176947675
41.139848	-0.0036082216887896143
41.159694	-0.0026295752983403267
41.179765	0.002860582436153271
41.19972	0.008672161557125514
41.219989	0.006274755801818325
41.24001	-0.010752740542587062
41.260022	-0.039616828081634206
41.279697	-0.06744087670482742
41.29975	-0.07897282416220933
41.319698	-0.06744087670482742
41.339761	-0.039616828081634206
41.359716	-0.010752740542587062
41.379777	0.006274755801818325
41.3997	0.008672161557125514
41.42059	0.002860582436153271
41.440011	-0.0026295752983403267
41.459751	-0.0036082216887896143
41.479781	-0.0013050012176947675
41.499755	9.87527954792032E-4
41.519706	0.0014561270565807529
41.539757	5.792914126532034E-4
41.559692	-3.0518757750263377E-4
41.579816	-4.844146716343659E-4
41.599801	-1.419983927343335E-4
41.619958	-1.2545806900518259E-5
41.639722	1.9352603486999585E-4
41.659969	0.0
41.679973	0.0
41.69993	0.0
41.719737	0.0
41.739729	0.0
41.759998	0.0
41.779718	0.0
41.799704	0.0
41.819716	0.0
41.839861	0.0
41.860833	0.0
41.879729	0.0
41.899729	0.0
41.919721	0.0
41.939737	0.0
41.95983	0.0
41.979753	0.0
41.99974	0.0
42.020208	0.0
42.039747	0.0
42.060078	0.0
42.079731	0.0
42.099798	0.0
42.119761	0.0
42.139734	0.0
42.160091	0.0
42.179746	0.0
42.199814	0.0
42.219808	0.0
42.239725	0.0
42.261001	0.0
42.279712	0.0
42.299745	0.0
42.319667	0.0
42.339805	0.0
42.359775	0.0
42.379713	0.0
42.399939	0.0
42.420653	0.0
42.440466	0.0
42.460842	0.0
42.479725	0.0
42.499711	0.0
42.519785	0.0
42.540038	0.0
42.559742	0.0
42.579716	0.0
42.599945	0.0
42.619713	0.0
42.640034	0.0
42.659764	0.0
42.679714	0.0
42.699722	0.0
42.719757	0.0
42.7398	0.0
42.759694	0.0
42.779801	0.0
42.799718	0.0
42.819696	0.0
42.83971	0.0
42.859998	0.0
42.879728	0.0
42.899979	0.0
42.919774	0.0
42.939966	0.0
42.959782	0.0
42.979708	0.0
42.999741	0.0
43.019781	0.0
43.039981	0.0
43.059806	0.0
43.079931	0.0
43.099716	0.0
43.119725	0.0
43.139735	0.0
43.160026	0.0
43.179715	0.0
43.199973	0.0
43.219743	0.0
43.239741	0.0
43.259882	0.0
43.280639	0.0
43.299712	0.0
43.319728	0.0
43.339722	0.0
43.359993	0.0
43.379717	0.0
43.399741	0.0
43.419708	0.0
43.439716	0.0
43.459767	0.0
43.479717	0.0
43.499981	0.0
43.519764	0.0
43.539947	0.0
43.559754	0.0
43.579714	0.0
43.59972	0.0
43.619709	0.0
43.639707	0.0
43.659714	0.0
43.679771	0.0
43.700018	0.0
43.719794	0.0
43.739708	0.0
43.759738	0.0
43.779722	0.0
43.799693	0.0
43.819768	0.0
43.839728	0.0
43.859768	0.0
43.879698	0.0
43.899746	0.0
43.919954	0.0
43.939858	0.0
43.959799	0.0
43.980199	0.0
43.999981	0.0
44.020303	0.0
44.040468	0.0
44.059732	0.0
44.079718	0.0
44.099702	0.0
44.119749	0.0
44.13974	0.0
44.159784	0.0
44.179726	0.0
44.199705	0.0
44.219739	-1.9352603486999585E-4
44.239721	1.2545806900518259E-5
44.259734	3.3552442760432935E-4
44.279739	4.7186886473384764E-4
44.299734	-3.0336850101695573E-5
44.319776	-0.001051160277387051
44.339973	-0.0014257902064790573
44.360066	6.363232259501887E-5
44.379723	0.0027307914241738247
44.399709	0.0035445893661945954
44.419739	-1.0121612583349788E-4
44.439709	-0.006405171802347866
44.460017	-0.008570945431292016
44.47972	1.3041600052954153E-4
44.499707	0.019323685973879078
44.519786	0.03948641208110466
44.539991	0.048117190730948334
44.560066	0.03948641208110466
44.579728	0.019323685973879078
44.59973	1.3041600052954153E-4
44.619946	-0.008570945431292016
44.639735	-0.006405171802347866
44.659777	-1.0121612583349788E-4
44.67973	0.0035445893661945954
44.699714	0.0027307914241738247
44.719708	6.363232259501887E-5
44.739806	-0.0014257902064790573
44.759866	-0.001051160277387051
44.77976	-3.0336850101695573E-5
44.799939	4.7186886473384764E-4
44.819831	3.3552442760432935E-4
44.839753	1.2545806900518259E-5
44.85969	-1.9352603486999585E-4
44.87968	0.0
44.899704	0.0
44.919761	0.0
44.939743	0.0
44.959784	0.0
44.980054	0.0
45.000391	0.0
45.019721	0.0
45.03972	0.0
45.05976	0.0
45.079742	0.0
45.099766	0.0
45.119779	0.0
45.139947	0.0
45.159941	0.0
45.179723	0.0
45.199729	1.9352603486999585E-4
45.219704	1.809802279694776E-4
45.239739	-1.5454419963485176E-4
45.260016	-6.264130643686994E-4
45.279952	-5.960762142670038E-4
45.299706	4.550840631200472E-4
45.319707	0.0018808742695991046
45.339718	0.0018172419470040856
45.359721	-9.135494771697391E-4
45.379727	-0.0044581388433643345
45.399748	-0.004356922717530837
45.419965	0.0020482490848170295
45.439982	0.01042566848123905
45.45979	0.010501324322480023
45.479984	-0.008499383030695244
45.499953	-0.04784945067467039
45.519755	-0.09646884712045427
45.539812	-0.13697608262884428
45.559856	-0.15667439853181536
45.579956	-0.15531539200327082
45.599734	-0.1440772874704
45.619798	-0.13685831772603135
45.639725	-0.14040290709222594
45.659986	-0.1502514521349349
45.67973	-0.15514801718805288
45.699718	-0.14651028807882635
45.719732	-0.12608475393386773
45.739931	-0.10466479570748463
45.759768	-0.09587422762170546
45.779714	-0.10482798489225294
45.800013	-0.125492916714314
45.81969	-0.14524768705711555
45.839956	-0.15396696319839084
45.859695	-0.15156899915953018
45.879961	-0.14434665320861986
45.899687	-0.1399597618891055
45.92007	-0.140992842149275
45.939713	-0.14560461597565874
45.959744	-0.14930937695112226
45.979705	-0.14826432435876014
45.999719	-0.13878612977616053
46.019756	-0.11778375646830534
46.039789	-0.08594520086059203
46.060037	-0.05040448686772454
46.079729	-0.02317002536530749
46.099945	-0.012727567058999016
46.119718	-0.017918504021226276
46.139972	-0.02932129538652829
46.159769	-0.03685323964078838
46.179709	-0.038424079813838184
46.199947	-0.038982224632962935
46.219789	-0.04221000870559072
46.239722	-0.04400438414302065
46.259766	-0.03575853184950086
46.279714	-0.015022126131019688
46.299722	0.007632315151187994
46.319758	0.014091010926949792
46.339742	-0.006849389085042239
46.359771	-0.04872469209827969
46.379714	-0.09003392186652008
46.399948	-0.10962774336000422
46.419659	-0.09883201132341728
46.43975	-0.06648102692648224
46.459735	-0.03000726817985566
46.47973	-0.0041237058552675045
46.499731	0.0059041030629179755
46.519705	0.004792047763326588
46.539726	1.1724520507892802E-4
46.559988	-0.00249968158606535
46.579718	-0.0021824314823105572
46.599721	-2.538409403077164E-4
46.619696	0.0010178648048937277
46.639708	9.842581918469051E-4
46.659903	2.4376698504887404E-4
46.679707	-3.1773338440315205E-4
46.699737	-2.9088863676437007E-4
46.719767	-1.419983927343335E-4
46.739966	-1.2545806900518259E-5
46.759997	1.9352603486999585E-4
46.779715	0.0
46.799733	0.0
46.82003	0.0
46.839716	0.0
46.85977	0.0
46.879718	0.0
46.899706	0.0
46.919737	0.0
46.939725	0.0
46.959828	0.0
46.979723	0.0
46.999994	0.0
47.019778	0.0
47.039723	0.0
47.060001	0.0
47.079709	0.0
47.0997	0.0
47.119701	0.0
47.139779	0.0
47.161121	0.0
47.179796	0.0
47.199731	0.0
47.219822	0.0
47.239745	-1.9352603486999585E-4
47.259704	-1.809802279694776E-4
47.279992	1.5454419963485176E-4
47.299707	6.264130643686994E-4
47.319796	5.960762142670038E-4
47.339721	-4.550840631200472E-4
47.359721	-0.0018808742695991046
47.379718	-0.0016237159121340896
47.399711	9.010036702692208E-4
47.419694	0.004316140450630002
47.439779	0.0038725080458964704
47.459814	-0.002353436662319663
47.479724	-0.010039903103455842
47.499795	-0.009032651458998751
47.520047	0.009822435413091605
47.539718	0.04720984435657946
47.559804	0.09301126880953244
47.57973	0.13314080285348207
47.599728	0.15748277769712088
47.619782	0.16345510966872434
47.639724	0.1535379187595122
47.659794	0.131531040819238
47.679717	0.10250210483176236
47.69971	0.07549185415058991
47.719732	0.06314610875118723
47.739801	0.07484290465699767
47.759696	0.10764633487605968
47.77978	0.14403020756901178
47.799949	0.1608969510627859
47.819771	0.14444253970894785
47.839976	0.09948007293447535
47.860036	0.04588527027593391
47.880541	0.00522668576950996
47.899713	-0.011793779733274274
47.919713	-0.009631666561317014
47.939728	-5.921220282362765E-4
47.959807	0.004936214130184039
47.979973	0.0041529512658617
47.999823	4.291348055353733E-4
48.019781	-0.001959240339738419
48.039706	-0.0018934200764996222
48.059751	-2.6155802825005134E-4
48.079727	5.960762142670038E-4
48.099707	6.264130643686994E-4
48.119726	1.5454419963485178E-4
48.139991	-1.809802279694776E-4
48.160031	-1.9352603486999585E-4
48.179972	0.0
48.199722	0.0
48.219782	0.0
48.240085	0.0
48.2597	0.0
48.279794	-1.9352603486999585E-4
48.299736	1.2545806900518259E-5
48.319994	1.419983927343335E-4
48.339973	2.9088863676437007E-4
48.359764	3.1773338440315205E-4
48.379753	-4.372930199188699E-4
48.399782	-9.71712384946387E-4
48.420018	-6.823403772893984E-4
48.439946	5.321837701715683E-4
48.459744	0.0021646404391093797
48.479743	0.0017840457362826281
48.499807	-0.0010711665468241382
48.519751	-0.004758752290833265
48.539947	-0.004224471916131202
48.559805	0.0062425050149830415
48.579726	0.029776158341747183
48.599723	0.06262566632033871
48.620074	0.0939601994579547
48.639937	0.11028335629906895
48.659988	0.10393556432205829
48.679703	0.07935350910604125
48.699735	0.052726052919681826
48.719742	0.041803563251927314
48.740061	0.051525593016800174
48.759739	0.069234116046369
48.779724	0.0743375856929225
48.799742	0.0566282588541439
48.819706	0.027975673162834155
48.839725	0.01546436184272708
48.859756	0.03932890030226637
48.879727	0.09359039626411902
48.899742	0.14706874476399742
48.919695	0.16588142003452022
48.939758	0.13985087742464997
48.959776	0.08959387069404925
48.979723	0.05195377471811528
48.999792	0.05144803293952924
49.01977	0.08444434505804961
49.039739	0.12727361316022
49.05976	0.15474570908251403
49.07976	0.15955597305701452
49.099791	0.15148584162819653
49.119718	0.14299125899722423
49.139713	0.14060122458829025
49.159797	0.14048686411390324
49.179729	0.1398522932660142
49.199721	0.1414873628421063
49.219996	0.14963283949144432
49.23973	0.159787082895123
49.259801	0.15794822059595418
49.279729	0.1318012556129448
49.299795	0.08518796263087677
49.319694	0.03997310001767826
49.33969	0.02188383763036033
49.359731	0.03975037410811222
49.379713	0.07711482429647351
49.399699	0.10487903970111506
49.419771	0.10265343285361926
49.439927	0.07202943154872131
49.459793	0.031959432127511934
49.479718	0.00253032679323511
49.499807	-0.008450372232120924
49.520201	-0.005570110447150447
49.539714	8.018096298918864E-4
49.559802	0.003597963515167897
49.580346	0.0021256586038742352
49.599987	-6.302293305439645E-4
49.619732	-0.001829787753904604
49.639835	-6.726198894897302E-4
49.659818	0.0012245470836667266
49.679747	0.001539916466366491
49.700699	-5.460723085844669E-4
49.719848	-0.0028726734485776855
49.739764	-0.002738102897143124
49.759694	0.0014993889364215386
49.779761	0.011000056098693629
49.79972	0.02542384432463452
